time,s Volts,V  gyroz magX magY yaw_rm yaw_rg yaw_cf yaw_kf
F R 0.0 7.8 2068.9 0.138 -0.174 -0.42 -2.6 15.46 55.74 53.31 
F R 0.239 7.63 392.93 0.354 -0.028 -0.633 0.26 14.68 56.19 34.83 
F R 0.484 7.65 399.02 0.065 -0.196 -0.443 1.04 15.77 55.89 53.97 
F R 0.725 7.62 321.95 0.095 -0.22 -0.748 1.04 14.52 55.76 53.87 
F R 0.966 7.64 380.98 0.064 -0.228 -0.496 0.52 15.14 55.74 54.37 
F R 1.207 7.65 406.95 0.016 -0.236 0.031 -1.04 14.21 55.85 45.86 
F R 1.452 7.64 379.02 0.332 -0.085 0.389 1.3 14.99 55.85 54.72 
F R 1.693 7.65 347.93 -0.004 -0.253 -0.412 1.04 13.9 55.8 54.82 
F R 1.934 7.61 375.0 0.245 -0.077 0.015 0.26 13.74 55.9 54.76 
F R 2.175 7.65 390.0 -0.042 -0.262 -0.076 -1.3 14.99 55.85 54.64 
F R 2.415 7.66 349.02 0.378 -0.146 -0.496 -0.78 15.3 55.83 54.67 
F R 2.655 7.64 379.02 0.362 -0.06 -0.359 -1.56 14.52 55.78 54.31 
F R 2.896 7.63 415.0 0.056 -0.239 0.069 -1.82 16.24 55.81 54.76 
F R 3.137 7.67 410.98 0.133 -0.172 -0.175 -1.04 14.52 55.9 54.87 
F R 