time gyroz magX magY yaw_mag yaw_gyro yaw_cf yaw_kf
0.325 -0.336 34.682 32.402 133.053 134.638 133.378
0.501 -0.198 33.51 33.77 135.221 134.539 134.178
0.675 -0.053 34.501 31.308 132.222 134.503 133.559
0.863 0.206 33.51 32.129 133.795 134.681 133.617
1.041 -0.29 33.96 32.95 134.135 134.379 133.692
1.219 0.099 33.96 32.402 133.655 134.5 133.685
1.396 -0.244 33.239 34.591 136.142 134.159 134.003
1.574 0.32 33.87 32.676 133.972 134.663 134.014
1.750 -0.519 34.141 32.402 133.503 133.755 133.919
1.928 -0.137 34.231 35.412 135.972 133.491 134.104
2.113 -0.328 33.96 32.95 134.135 132.798 134.076
2.292 -0.61 33.78 31.855 133.32 131.4 133.96
2.468 -0.504 33.69 31.034 132.65 130.156 133.811
2.646 -0.237 34.862 34.591 134.776 129.529 133.848
2.822 -0.198 33.51 33.223 134.754 128.97 133.88
3.000 -0.481 34.051 33.77 134.763 127.527 133.886
3.176 -0.404 34.051 31.581 132.845 126.244 133.778
3.354 -0.45 33.6 31.308 132.978 124.735 133.682
3.531 0.023 35.133 31.581 131.952 124.816 133.573
3.709 0.084 34.051 34.865 135.677 125.128 133.673
3.885 -0.74 34.231 33.223 134.144 122.253 133.623
4.075 -0.099 33.51 32.129 133.795 121.85 133.607
4.251 -0.206 33.96 32.402 133.655 120.974 133.578
4.429 -0.282 34.141 33.497 134.454 119.725 133.578
4.624 -0.336 33.6 32.95 134.44 118.171 133.572
4.802 0.046 33.6 33.497 134.912 118.392 133.615
4.978 -0.366 33.51 33.77 135.221 116.57 133.635
5.156 -0.153 34.231 31.581 132.694 115.781 133.572
5.332 -0.435 34.501 31.855 132.716 113.462 133.489
5.510 -0.443 34.051 30.487 131.839 111.021 133.377
5.687 -0.32 33.78 34.591 135.68 109.201 133.415
5.864 0.229 34.051 33.223 134.295 110.544 133.451
6.041 -0.107 33.42 33.497 135.066 109.898 133.483
6.219 -0.648 33.96 34.591 135.527 105.868 133.48
6.395 -0.366 34.501 31.855 132.716 103.527 133.41
6.573 -0.45 34.231 34.318 135.073 100.569 133.407
6.749 -0.526 34.141 31.855 133.016 97.019 133.333
6.927 0.114 34.321 34.044 134.768 97.809 133.372
7.103 0.359 33.87 32.129 133.489 100.359 133.396
7.281 0.023 33.78 35.686 136.572 100.526 133.48
7.457 0.031 34.501 31.308 132.222 100.757 133.438
7.641 0.175 34.321 33.497 134.304 102.094 133.47
7.823 -0.053 33.78 32.402 133.807 101.679 133.467
8.005 -0.404 34.051 34.318 135.224 98.445 133.469
8.188 -0.32 33.149 34.865 136.445 95.825 133.511
8.366 0.008 34.501 32.402 133.203 95.892 133.496
8.547 -0.313 33.78 32.95 134.287 93.217 133.478
8.739 0.107 34.321 31.855 132.866 94.152 133.465
8.914 0.153 34.411 32.129 133.036 95.516 133.462
9.092 -0.511 33.78 31.308 132.825 90.87 133.39
9.269 -0.549 34.051 33.77 134.763 85.781 133.362
9.449 -0.061 33.96 33.497 134.607 85.205 133.379
9.628 0.107 33.87 33.223 134.447 86.235 133.409
9.805 0.145 33.87 33.223 134.447 87.657 133.442
9.981 -0.343 34.592 32.676 133.368 84.234 133.4
10.165 -0.633 34.141 34.044 134.918 77.8 133.366
10.341 -0.412 33.69 31.581 133.149 73.54 133.311
10.528 -0.626 33.6 33.497 134.912 66.949 133.277
10.703 -0.244 33.87 33.77 134.915 64.337 133.281
10.882 0.183 34.231 33.77 134.612 66.328 133.322
11.073 -0.237 34.141 34.591 135.375 63.704 133.337
