time gyroz magX magY yaw_mag yaw_gyro yaw_cf yaw_kf
0.395 -0.259 62.21 7.21 -6.611 -0.102 -4.984 -6.586
0.644 -0.061 61.93 7.06 -6.504 -0.298 -4.952 -6.561
0.898 0.58 63.84 7.21 -6.444 0.46 -4.718 -6.499
1.148 -0.099 60.57 7.82 -7.357 0.466 -5.401 -6.702
1.394 -0.16 61.39 7.97 -7.397 -0.322 -5.628 -6.843
1.641 -0.214 62.75 6.61 -6.013 -0.511 -4.638 -6.725
1.886 -0.198 63.02 8.27 -7.476 -0.587 -5.754 -6.846
2.135 -0.153 60.84 7.67 -7.185 -0.525 -5.52 -6.904
2.387 -0.313 60.57 7.82 -7.357 -0.9 -5.743 -6.983
2.637 -0.137 62.21 8.42 -7.708 -0.674 -5.95 -7.074
2.890 -0.175 61.12 6.61 -6.172 -0.643 -4.79 -7.015
3.139 -0.221 60.3 6.16 -5.833 -0.869 -4.592 -6.944
