time,s Volts,V  gyroz magX magY yaw_rm yaw_rg yaw_cf yaw_kf
0.398 -0.168 -3.38 16.55 -101.543 -0.028 -76.164 0
0.399 -0.977 -2.86 16.86 -99.628 -0.286 -74.793 0
0.4 -7.423 -3.9 17.17 -102.797 -2.01 -77.6 0
0.405 -1.488 -2.6 17.64 -98.385 -6.082 -75.309 0
0.408 -0.145 -1.3 16.24 -94.577 -3.764 -71.874 0
0.409 -1.16 -2.6 16.71 -98.844 -2.034 -74.641 0
0.413 0.565 -2.86 17.8 -99.128 -1.068 -74.613 0
0.414 0.328 -2.86 17.8 -99.128 -179.934 -119.329 0
0.415 -0.32 -1.04 18.27 -93.258 -179.813 -114.897 0
0.416 -0.305 -2.08 18.58 -96.388 -0.087 -72.313 0
0.421 -0.45 -4.16 17.64 -103.269 -0.357 -77.541 0
0.422 -0.092 -2.08 16.71 -97.095 -0.51 -72.949 0
0.424 -0.229 -3.64 18.27 -101.268 -0.309 -76.028 0
0.425 0.267 -0.78 18.42 -92.425 -0.235 -69.377 0
0.426 0.023 -1.56 17.64 -95.054 -179.885 -116.262 0
0.427 -0.504 -2.34 18.11 -97.362 -0.016 -73.026 0
0.431 -0.427 -0.78 18.11 -92.466 -0.404 -69.45 0
