time gyroz magX magY yaw_mag yaw_gyro yaw_cf yaw_kf
0.324 -0.252 20.839 19.628 -43.837 -0.334 -43.734
0.497 0.694 20.671 18.671 -42.315 1.039 -43.076
0.669 -0.023 20.167 18.863 -42.232 -0.038 -42.807
0.845 -0.031 19.159 16.565 -44.745 -0.057 -43.258
1.019 -0.244 20.167 18.479 -43.277 -0.493 -43.272
1.195 -0.336 18.823 18.863 -46.261 -0.738 -43.773
1.369 -0.42 19.663 19.436 -45.257 -0.995 -44.01
1.545 -0.328 19.831 19.628 -42.712 -0.835 -43.88
1.719 -0.076 20.167 21.16 -43.277 -0.207 -43.828
1.895 -0.732 19.663 17.522 -44.76 -2.119 -43.98
2.069 -0.061 20.503 18.096 -41.228 -0.187 -43.749
2.246 -3.189 19.831 18.479 -42.712 -10.351 -43.906
2.420 -3.7 19.999 19.436 -43.771 -12.654 -44.199
2.594 -3.464 20.335 19.054 -41.191 -12.45 -44.291
2.767 -0.214 19.495 20.011 -43.728 -0.806 -44.335
2.942 -3.532 18.823 19.246 -44.732 -13.923 -44.689
3.115 -0.679 19.663 20.586 -42.147 -2.794 -44.664
3.290 -0.809 17.982 18.671 -46.815 -3.471 -44.92
3.463 -13.611 17.142 20.011 -49.414 -60.746 -46.298
3.640 -11.154 18.486 20.778 -45.769 -51.755 -47.284
3.813 -20.409 16.974 19.054 -45.802 -98.229 -49.016
4.004 -15.228 17.478 19.246 -45.242 -76.201 -50.32
4.193 -20.912 18.15 20.778 -44.71 -108.596 -52.071
4.383 -10.101 18.15 20.011 -43.034 -54.374 -52.875
4.573 -16.586 20.167 21.927 -40.038 -92.434 -54.094
4.762 -15.144 21.007 21.352 -39.172 -87.26 -55.175
4.949 -20.584 18.99 22.118 -40.279 -122.454 -56.778
5.131 -22.194 20.167 23.459 -38.293 -136.071 -58.461
5.318 -24.673 20.671 23.267 -36.709 -155.884 -60.322
5.507 -20.493 21.847 23.841 -36.086 -133.348 -61.822
5.690 -18.135 23.864 25.373 -30.79 -121.323 -62.944
5.869 -19.554 23.192 25.757 -32.122 -134.316 -64.256
6.046 -19.669 25.545 25.373 -30.822 -138.588 -65.551
6.225 -20.798 24.704 26.714 -30.808 -150.266 -66.962
6.402 -23.933 26.217 25.757 -29.048 -177.152 -68.614
6.582 -25.414 27.73 27.097 -28.524 -12.689 -70.403
6.759 -18.7 29.242 26.905 -27.002 -145.093 -71.545
6.936 -20.775 27.561 28.054 -28.942 -164.87 -72.943
7.112 -19.867 28.57 26.522 -28.078 -161.161 -74.236
7.289 -14.9 29.579 28.821 -27.26 -123.506 -75.041
7.465 -13.26 29.074 27.48 -28.965 -112.246 -75.736
7.648 -5.173 29.242 28.054 -29.082 -44.736 -75.656
7.828 -0.336 31.259 28.437 -26.994 -2.966 -75.037
8.016 -8.499 30.419 26.33 -26.356 -76.627 -75.166
8.202 -13.817 30.755 27.863 -25.593 -127.144 -75.781
8.389 -22.064 32.603 30.735 -25.546 -27.159 -77.199
8.574 -11.757 31.763 29.395 -25.885 -112.562 -77.629
8.753 2.251 30.922 29.97 -28.234 21.954 -76.741
8.930 0.481 30.922 31.118 -26.238 4.776 -75.955
9.110 -1.03 30.755 28.629 -28.118 -10.413 -75.353
9.289 4.547 29.915 30.735 -29.529 46.784 -74.221
9.469 19.814 33.276 30.353 -25.572 27.433 -71.448
9.646 30.396 32.1 29.012 -26.139 143.596 -67.604
9.835 29.388 32.772 28.246 -23.206 138.419 -63.763
10.016 24.117 33.108 27.863 -23.492 85.673 -60.448
10.193 20.584 32.1 28.246 -24.651 50.397 -57.516
10.369 18.913 30.251 28.437 -23.571 35.022 -54.734
10.546 16.479 30.251 26.905 -27.254 10.267 -52.3
10.722 18.562 28.401 26.714 -25.206 37.584 -49.617
10.899 20.714 27.561 27.672 -30.545 66.476 -46.854
11.076 20.958 28.738 25.948 -29.248 73.089 -44.049
11.256 22.148 27.394 23.65 -26.587 91.446 -41.076
11.437 27.229 28.401 27.097 -30.055 158.647 -37.676
11.623 21.439 23.528 25.373 -32.934 90.624 -34.961
11.806 19.012 23.024 25.182 -34.952 63.468 -32.569
11.990 24.094 22.856 22.692 -35.997 132.981 -29.694
12.170 29.671 22.016 22.501 -36.74 -149.233 -26.273
12.361 28.435 20.503 20.778 -39.002 -160.08 -23.054
12.541 28.13 20.839 21.543 -41.299 -159.092 -19.941
12.723 28.191 19.495 21.927 -44.755 -153.135 -16.923
12.896 29.16 22.352 20.586 -40.095 -134.793 -13.726
13.071 27.702 22.183 19.628 -40.564 -150.205 -10.723
13.243 -0.938 21.511 17.714 -41.437 -13.36 -10.812
13.417 -1.091 20.671 16.756 -42.826 -15.729 -10.994
13.591 1.785 20.503 20.011 -43.812 26.045 -10.934
13.766 0.0 20.839 17.714 -40.767 0.0 -11.036
13.939 -0.343 19.831 19.628 -42.712 -5.124 -11.252
14.115 -0.305 19.326 17.522 -42.64 -4.61 -11.493
14.288 -0.336 18.99 18.671 -44.741 -5.137 -11.81
14.463 -0.229 19.831 18.863 -44.766 -3.541 -12.14
14.637 -0.29 18.486 19.246 -45.769 -4.535 -12.52
14.811 -0.305 20.167 17.714 -43.785 -4.822 -12.877
14.985 -0.29 19.663 17.522 -44.256 -4.636 -13.26
15.160 -0.366 18.99 17.905 -45.254 -5.915 -13.686
15.332 -0.305 20.503 18.096 -43.812 -4.981 -14.088
15.508 -0.214 19.999 19.054 -40.558 -3.533 -14.424
