time,s Volts,V  gyroz magX magY yaw_rm yaw_rg yaw_cf yaw_kf
0.396 -0.298 18.99 23.11 -50.589 -0.05 -37.954 -50.597
0.398 0.13 18.47 26.54 -55.165 -0.196 -41.423 -53.361
0.4 -27.428 19.77 24.51 -51.11 -4.575 -39.476 -53.136
0.402 -54.466 22.11 24.36 -47.772 -29.253 -43.142 -51.881
0.404 -66.803 25.76 23.73 -42.651 -60.414 -47.092 -48.846
0.406 -72.51 30.18 22.01 -36.103 -84.201 -48.127 -44.093
0.408 -79.17 30.96 19.36 -32.019 -98.294 -48.588 -39.419
0.41 -78.445 40.59 14.83 -20.07 -107.228 -41.859 -31.801
0.412 -78.384 36.42 8.59 -13.271 -110.007 -37.455 -24.193
0.414 -82.497 27.06 4.53 -9.504 -111.672 -35.046 -17.656
0.416 -80.063 23.41 3.9 -9.458 -114.364 -35.684 -12.975
0.418 -77.843 14.05 3.28 -13.14 -113.691 -38.278 -10.697
0.42 -77.614 8.58 5.31 -31.753 -112.015 -51.819 -14.305
0.422 -75.386 0.0 7.65 -90.0 -110.48 -95.12 -32.783
0.424 -76.477 -7.28 11.08 -123.307 -108.684 -119.651 -56.295
0.426 -74.997 -9.89 17.96 -118.84 -108.635 -116.289 -74.372
0.428 -76.385 -8.58 20.61 -112.602 -107.885 -111.423 -87.623
0.43 -76.073 -3.38 19.67 -99.75 -108.731 -101.995 -95.326
0.432 -71.121 1.04 21.08 -87.176 -108.036 -92.391 -98.446
0.434 -73.517 3.12 22.64 -82.154 -104.915 -87.844 -99.461
0.436 -75.523 9.63 25.29 -69.154 -105.532 -78.248 -96.905
0.438 -74.402 12.23 24.67 -63.63 -107.013 -74.476 -93.0
0.44 -77.69 18.21 25.45 -54.415 -107.913 -67.79 -87.192
0.442 -76.233 24.46 24.83 -45.43 -110.329 -61.655 -79.849
0.444 -73.044 30.96 21.86 -35.225 -109.729 -53.851 -70.99
0.446 -72.601 32.0 20.61 -32.784 -107.385 -51.434 -62.647
0.448 -76.355 35.12 17.8 -26.877 -106.505 -46.784 -54.111
0.45 -77.827 38.5 8.9 -13.016 -109.157 -37.051 -43.728
0.452 -77.53 31.74 3.59 -6.453 -111.594 -32.738 -33.43
0.454 -74.753 22.64 3.12 -7.846 -112.169 -33.927 -25.063
0.456 -75.851 19.25 1.72 -5.106 -110.461 -31.445 -17.564
0.458 -76.416 12.49 3.28 -14.714 -110.599 -38.685 -13.612
0.46 -77.286 5.46 5.31 -44.202 -111.247 -60.963 -17.21
0.462 -81.1 -3.9 8.74 -114.048 -113.099 -113.811 -36.359
0.464 -77.682 -7.03 12.18 -119.992 -116.109 -119.021 -54.775
0.466 -82.619 -12.23 17.8 -124.492 -115.778 -122.314 -71.97
0.468 -81.436 -6.76 19.2 -109.396 -119.189 -111.844 -83.487
0.47 -77.56 -1.82 19.98 -95.205 -118.834 -101.112 -90.037
0.472 -82.893 -0.78 22.48 -91.987 -117.192 -98.288 -94.617
0.474 -79.987 9.63 23.73 -67.912 -119.679 -80.854 -92.796
0.476 -78.087 14.57 23.58 -58.288 -118.308 -73.293 -88.595
0.478 -80.78 17.69 24.2 -53.834 -117.296 -69.7 -83.562
0.48 -78.911 24.46 24.2 -44.694 -118.213 -63.074 -76.848
0.482 -80.482 32.52 20.92 -32.753 -117.694 -53.988 -68.156
0.484 -79.063 30.44 18.42 -31.179 -118.725 -53.066 -60.133
0.486 -81.688 40.85 12.18 -16.603 -118.373 -42.046 -49.941
0.488 -76.698 32.78 5.46 -9.457 -119.644 -37.004 -39.571
0.49 -85.762 25.76 3.12 -6.906 -117.848 -34.642 -30.222
0.492 -81.131 16.91 3.12 -10.454 -123.485 -38.712 -23.171
0.494 -80.07 13.79 2.5 -10.276 -121.838 -38.166 -17.385
0.496 -80.902 8.85 3.28 -20.336 -121.226 -45.558 -15.014
0.498 -75.371 1.82 5.93 -72.938 -120.03 -84.711 -25.06
0.5 -80.132 -6.5 12.8 -116.922 -116.477 -116.811 -44.049
0.502 -80.032 -10.93 17.02 -122.708 -118.883 -121.752 -62.178
0.504 -82.489 -6.5 20.61 -107.504 -120.034 -110.636 -74.637
0.506 -80.925 -0.26 20.92 -90.712 -122.756 -98.723 -81.551
0.508 -81.94 2.08 20.77 -84.281 -122.577 -93.855 -85.803
0.51 -82.428 9.37 24.83 -69.325 -123.564 -82.885 -85.796
0.512 -83.618 15.09 24.51 -58.381 -124.416 -74.89 -82.961
0.514 -83.557 19.77 24.51 -51.11 -125.911 -69.81 -78.517
0.516 -81.909 25.24 24.36 -43.984 -126.23 -64.546 -72.777
0.518 -80.452 29.14 21.08 -35.882 -124.929 -58.144 -65.777
0.52 -81.749 32.26 18.89 -30.351 -123.506 -53.64 -58.352
0.522 -84.808 37.2 13.12 -19.427 -124.526 -45.702 -49.464
0.524 -82.481 36.42 9.84 -15.119 -127.114 -43.118 -40.838
0.526 -85.693 30.18 4.22 -7.96 -127.055 -37.734 -31.925
0.528 -82.535 19.51 2.19 -6.405 -129.194 -37.102 -24.065
0.53 -80.322 16.13 2.03 -7.173 -126.953 -37.118 -17.717
0.532 -83.282 8.06 3.75 -24.951 -125.179 -50.008 -16.534
0.534 -80.879 -0.26 6.25 -92.382 -126.243 -100.847 -30.891
0.536 -83.794 -5.98 13.43 -114.002 -125.424 -116.857 -48.639
0.538 -84.0 -13.79 17.8 -127.766 -127.853 -127.788 -67.367
0.54 -83.832 -2.86 19.36 -98.403 -128.743 -105.988 -77.136
0.542 -80.17 0.52 20.14 -88.521 -128.708 -98.568 -83.164
0.544 -83.244 4.42 23.73 -79.449 -126.154 -91.125 -86.042
0.546 -84.732 12.75 24.98 -62.96 -128.017 -79.224 -84.492
0.548 -81.039 17.95 22.79 -51.775 -129.293 -71.154 -80.249
0.551 -79.597 19.51 23.73 -50.574 -127.05 -69.693 -75.946
0.553 -82.634 24.72 22.17 -41.887 -125.457 -62.779 -70.039
0.555 -80.536 29.92 18.74 -32.06 -126.868 -55.762 -62.545
0.557 -80.826 33.82 18.58 -28.783 -125.986 -53.084 -55.218
0.559 -81.062 39.02 16.39 -22.784 -126.252 -48.651 -47.533
0.561 -81.627 36.68 6.25 -9.67 -126.466 -38.869 -38.042
0.563 -79.704 28.88 2.5 -4.947 -126.941 -35.446 -28.906
0.565 -87.486 19.77 1.72 -4.972 -126.901 -35.454 -21.259
0.567 -77.629 11.71 3.43 -16.326 -131.877 -45.214 -17.441
0.569 -82.306 6.24 4.84 -37.799 -126.211 -59.902 -19.308
0.571 -82.832 -2.6 7.65 -108.771 -128.695 -113.752 -37.109
0.573 -81.444 -8.58 15.61 -118.795 -129.021 -121.351 -55.223
0.575 -82.069 -12.23 18.11 -124.032 -128.985 -125.27 -72.29
0.577 -81.062 -2.6 19.52 -97.587 -129.174 -105.484 -81.169
0.579 -79.056 -2.34 21.86 -96.11 -128.062 -104.098 -88.237
0.581 -82.779 6.24 22.64 -74.591 -126.779 -87.638 -89.23
0.583 -84.846 12.49 24.83 -63.297 -129.856 -79.937 -87.146
0.585 -80.566 16.39 23.42 -55.015 -132.114 -74.29 -83.066
0.587 -81.299 18.73 23.58 -51.539 -129.776 -71.098 -78.403
0.589 -83.748 24.72 24.36 -44.58 -129.939 -65.92 -72.558
0.591 -81.223 29.4 19.36 -33.365 -131.476 -57.893 -64.809
0.593 -82.069 34.6 17.8 -27.224 -130.384 -53.014 -56.623
0.595 -82.657 38.5 13.27 -19.018 -130.996 -47.013 -47.702
0.597 -84.732 33.3 5.15 -8.791 -131.914 -39.572 -37.79
0.599 -81.07 22.11 3.12 -8.032 -133.741 -39.459 -29.187
0.601 -86.723 18.73 1.41 -4.305 -132.22 -36.284 -21.193
0.603 -81.787 11.71 2.5 -12.051 -135.978 -43.033 -16.306
0.605 -81.2 5.72 2.97 -27.44 -132.696 -53.754 -15.892
0.607 -78.041 -3.64 8.28 -113.731 -131.078 -118.068 -35.114
0.61 -83.054 -10.15 15.61 -123.033 -128.159 -124.314 -54.387
0.613 -80.574 -10.67 16.24 -123.306 -131.573 -125.373 -71.384
0.615 -81.429 -2.34 18.42 -97.24 -130.674 -105.599 -80.304
0.617 -85.442 0.26 22.48 -89.337 -132.325 -100.084 -86.014
0.62 -84.045 6.76 23.89 -74.2 -136.034 -89.659 -87.231
0.622 -83.145 10.41 24.2 -66.724 -136.201 -84.093 -86.203
0.624 -81.627 17.17 24.83 -55.336 -135.457 -75.366 -82.385
0.626 -80.788 20.81 23.58 -48.571 -133.495 -69.802 -77.218
0.628 -79.018 23.15 23.73 -45.709 -131.9 -67.257 -71.827
0.63 -81.581 33.3 19.83 -30.774 -130.251 -55.643 -63.67
0.633 -76.271 36.16 17.8 -26.209 -131.35 -52.494 -55.456
0.635 -77.179 39.28 12.18 -17.228 -127.082 -44.691 -46.341
0.637 -78.629 34.6 6.56 -10.736 -127.015 -39.806 -37.089
0.639 -77.293 26.8 3.75 -7.965 -127.774 -37.917 -28.628
0.641 -77.332 18.73 3.28 -9.933 -127.271 -39.267 -21.999
0.643 -80.444 10.15 3.12 -17.087 -127.778 -44.76 -18.196
0.645 -77.85 7.54 3.12 -22.479 -130.336 -49.443 -16.483
0.647 -78.682 -1.82 5.0 -110.002 -129.136 -114.785 -34.826
0.649 -78.11 -6.24 13.27 -115.184 -129.668 -118.805 -52.386
0.651 -78.316 -13.27 18.74 -125.303 -129.141 -126.262 -70.081
0.654 -79.14 -4.42 18.74 -103.271 -129.664 -109.869 -80.529
0.656 -78.14 -3.64 21.39 -99.658 -130.443 -107.354 -88.52
0.658 -79.529 -0.52 20.77 -91.434 -130.15 -101.113 -93.261
0.66 -78.545 4.68 23.89 -78.916 -131.326 -92.018 -94.158
0.662 -75.798 9.63 24.36 -68.43 -130.344 -83.909 -92.14
0.664 -77.309 17.17 24.2 -54.644 -127.917 -72.962 -86.907
0.666 -74.982 20.03 24.04 -50.199 -128.111 -69.677 -81.002
0.668 -76.431 26.28 22.48 -40.544 -126.223 -61.964 -73.477
0.67 -79.59 31.48 19.05 -31.18 -127.83 -55.343 -64.711
0.672 -78.041 33.56 18.11 -28.353 -130.995 -54.014 -56.405
0.674 -80.574 40.33 10.62 -14.753 -131.311 -43.892 -46.237
0.676 -80.338 32.26 4.84 -8.533 -133.994 -39.898 -36.16
0.678 -75.783 23.94 2.03 -4.847 -133.744 -37.071 -26.812
0.68 -74.913 17.43 2.19 -7.161 -129.487 -37.742 -19.532
0.682 -77.744 11.71 1.56 -7.588 -127.67 -37.608 -13.721
0.685 -75.943 1.56 3.9 -68.199 -129.428 -83.506 -22.567
0.687 -81.49 1.3 5.31 -76.243 -129.469 -89.549 -32.59
0.689 -74.509 -3.9 9.68 -111.944 -134.0 -117.458 -49.564
0.692 -78.163 -13.27 15.93 -129.795 -129.244 -129.657 -68.52
0.694 -79.041 -6.5 18.11 -109.744 -131.891 -115.281 -80.555
0.696 -77.065 -1.82 19.05 -95.457 -132.676 -104.762 -87.587
0.699 -77.469 2.6 22.33 -83.359 -131.842 -95.48 -90.629
0.701 -80.482 8.06 24.36 -71.692 -132.404 -86.87 -90.257
0.703 -75.905 12.75 24.98 -62.96 -134.724 -80.901 -87.547
0.705 -75.424 16.65 24.83 -56.156 -131.124 -74.898 -83.296
0.707 -78.217 21.85 23.89 -47.554 -130.218 -68.22 -77.394
0.709 -77.339 26.54 22.95 -40.851 -132.21 -63.691 -70.547
0.712 -78.194 32.52 19.98 -31.566 -132.52 -56.805 -62.409
0.714 -75.867 36.16 15.93 -23.776 -133.356 -51.171 -53.561
0.716 -74.699 35.9 10.46 -16.244 -131.014 -44.937 -44.255
0.718 -82.26 30.44 4.06 -7.597 -130.565 -38.339 -34.428
0.721 -76.683 22.11 1.56 -4.036 -137.054 -37.291 -25.323
0.723 -77.766 18.21 2.97 -9.263 -133.834 -40.406 -18.904
0.725 -80.978 12.49 2.03 -9.232 -135.07 -40.691 -13.74
0.728 -76.34 6.76 2.03 -16.715 -137.37 -46.879 -11.334
0.73 -75.836 0.26 5.31 -87.197 -133.768 -98.84 -25.337
0.732 -77.24 -7.55 13.12 -119.919 -132.607 -123.091 -45.276
0.734 -78.69 -15.35 15.3 -135.093 -133.558 -134.709 -66.276
0.736 -76.012 -1.56 18.58 -94.799 -135.201 -104.9 -75.606
0.739 -79.445 -1.56 19.52 -94.569 -133.854 -104.39 -83.394
0.741 -78.278 5.46 23.42 -76.877 -136.849 -91.87 -85.871
0.743 -80.467 8.33 22.95 -70.051 -136.815 -86.742 -86.085
0.745 -77.942 15.61 24.83 -57.843 -139.094 -78.156 -83.137
0.747 -78.094 19.51 24.04 -50.938 -137.088 -72.476 -78.663
0.749 -80.2 25.5 23.89 -43.133 -137.282 -66.67 -72.748
0.751 -76.828 31.22 22.01 -35.184 -138.79 -61.085 -65.615
0.753 -77.805 31.48 17.8 -29.485 -136.177 -56.158 -58.029
0.755 -80.788 36.16 17.8 -26.209 -137.118 -53.936 -50.695
0.757 -79.979 38.5 10.15 -14.769 -140.155 -46.115 -41.85
0.759 -79.46 31.48 4.68 -8.456 -140.504 -41.468 -32.9
0.761 -80.299 21.85 3.28 -8.537 -140.463 -41.519 -25.37
0.763 -77.286 15.87 0.94 -3.39 -140.732 -37.725 -17.983
0.765 -74.432 9.89 1.72 -9.866 -137.301 -41.725 -13.349
0.767 -80.894 4.94 4.06 -39.415 -134.528 -63.193 -16.314
0.769 -76.63 -3.12 8.9 -109.319 -139.635 -116.898 -34.84
0.771 -77.255 -10.67 14.68 -126.011 -136.871 -128.726 -55.078
0.773 -79.987 -7.8 16.71 -115.023 -137.827 -120.724 -70.401
0.775 -77.866 -0.52 17.64 -91.689 -140.153 -103.805 -78.412
0.777 -81.955 0.26 22.17 -89.328 -139.655 -101.91 -84.541
0.779 -76.95 7.03 23.73 -73.498 -143.273 -90.942 -85.954
0.781 -78.651 10.41 25.14 -67.506 -139.152 -85.417 -85.427
0.783 -78.888 15.87 23.11 -55.522 -140.258 -76.706 -81.911
0.785 -76.645 18.47 25.29 -53.858 -140.039 -75.403 -78.122
0.787 -77.568 24.72 23.73 -43.829 -138.2 -67.422 -72.336
0.789 -80.597 26.54 21.08 -38.459 -139.186 -63.641 -65.929
0.791 -76.813 32.26 20.14 -31.977 -142.05 -59.495 -58.802
0.793 -82.199 36.94 15.77 -23.118 -140.011 -52.341 -50.64
0.795 -78.4 36.94 7.96 -12.16 -144.852 -45.333 -41.166
0.797 -77.751 30.18 3.59 -6.784 -141.778 -40.532 -31.881
0.799 -79.948 19.51 2.19 -6.405 -141.198 -40.103 -23.973
0.801 -77.042 15.61 2.34 -8.525 -142.512 -42.022 -17.887
0.803 -81.261 7.54 2.5 -18.344 -140.697 -48.932 -15.175
0.805 -81.406 1.3 4.37 -73.433 -145.075 -91.344 -25.469
0.807 -78.369 -2.08 9.84 -101.936 -145.819 -112.907 -41.192
0.809 -77.82 -12.49 15.46 -128.934 -143.172 -132.494 -61.153
0.811 -75.851 -5.72 17.02 -108.576 -141.385 -116.778 -74.075
0.813 -74.341 -2.6 19.2 -97.712 -138.342 -107.87 -82.703
0.815 -83.13 -1.56 20.45 -94.362 -137.477 -105.141 -89.154
0.817 -77.339 5.2 22.01 -76.707 -145.939 -94.015 -90.421
0.819 -77.072 8.33 22.95 -70.051 -142.066 -88.055 -89.591
0.821 -80.833 15.35 24.36 -57.784 -142.074 -78.857 -85.742
0.823 -50.774 18.47 25.61 -54.201 -140.513 -75.779 -81.127
0.825 -15.099 20.81 24.51 -49.667 -101.119 -62.53 -75.693
0.827 11.833 22.64 22.79 -45.189 -45.945 -45.378 -69.666
0.829 31.548 21.33 24.83 -49.336 -174.483 -80.623 -65.142
0.831 -22.934 21.59 24.04 -48.073 -145.662 -72.47 -61.076
0.833 16.342 20.81 23.58 -48.571 -11.537 -39.312 -57.55
0.835 19.73 22.37 23.58 -46.508 -160.005 -74.882 -54.083
0.837 26.939 16.39 23.73 -55.368 -150.794 -79.225 -53.109
0.839 41.718 19.51 25.92 -53.031 -132.165 -72.814 -51.828
0.841 56.557 14.31 25.29 -60.497 -109.315 -72.701 -52.441
0.843 60.631 9.89 25.45 -68.764 -84.969 -72.815 -54.918
0.845 -1.625 8.33 23.89 -70.777 -83.022 -73.838 -57.849
0.847 -23.285 10.67 24.67 -66.611 -156.162 -88.999 -59.642
0.849 -39.665 10.67 24.98 -66.871 -24.578 -56.298 -61.364
0.851 -63.385 13.79 24.36 -60.486 -65.573 -61.758 -61.556
0.853 -75.279 17.95 23.73 -52.895 -104.845 -65.882 -60.086
0.855 -76.218 24.98 23.89 -43.722 -129.899 -65.266 -56.775
0.857 -75.157 28.1 20.14 -35.63 -138.908 -61.45 -52.106
0.859 -80.62 33.04 19.05 -29.967 -141.001 -57.725 -46.851
0.861 -80.933 34.34 14.52 -22.92 -147.531 -54.073 -40.81
0.863 -81.223 33.82 9.21 -15.234 -149.76 -48.865 -33.992
0.865 -79.933 31.74 4.53 -8.123 -151.069 -43.859 -26.67
0.867 -79.529 23.41 2.97 -7.23 -149.764 -42.864 -20.348
0.869 -81.528 18.21 1.72 -5.396 -149.39 -41.394 -14.754
0.871 -76.05 9.11 2.81 -17.142 -150.694 -50.53 -12.82
0.873 -81.451 -3.38 7.81 -113.402 -145.748 -121.489 -32.898
0.875 -78.651 -7.28 10.77 -124.057 -150.466 -130.659 -53.161
0.877 -79.956 -12.49 13.27 -133.266 -148.345 -137.036 -72.981
0.879 -78.827 3.64 17.64 -78.341 -149.863 -96.221 -77.911
0.881 -76.775 -4.68 16.39 -105.936 -148.279 -116.522 -87.915
0.883 -81.253 -2.6 21.7 -96.832 -146.528 -109.256 -94.226
0.885 -83.565 5.98 22.48 -75.103 -151.65 -94.24 -94.433
0.887 -78.735 10.41 24.51 -66.988 -154.98 -88.986 -92.286
0.889 -46.013 14.05 25.45 -61.099 -145.306 -82.151 -88.54
0.891 -75.981 20.03 22.79 -48.688 -109.171 -63.809 -82.245
0.893 -77.011 23.94 22.33 -43.007 -134.473 -65.874 -75.219
0.895 -76.813 29.92 20.92 -34.961 -140.393 -61.319 -67.141
0.897 -74.966 32.26 18.27 -29.524 -145.334 -58.477 -58.823
0.899 -75.859 32.26 12.65 -21.411 -143.466 -51.925 -49.817
0.901 -80.498 32.78 8.9 -15.19 -144.842 -47.603 -40.741
0.903 -78.873 30.7 4.84 -8.959 -150.449 -44.332 -31.672
0.905 -77.072 23.94 4.53 -10.715 -149.992 -45.534 -24.462
0.907 -80.017 18.99 2.81 -8.417 -148.638 -43.472 -18.062
0.909 -78.102 12.23 1.25 -5.836 -151.261 -42.192 -12.33
0.911 -80.353 1.3 5.0 -75.426 -150.095 -94.093 -23.232
0.913 -81.558 -10.93 12.33 -131.556 -153.11 -136.945 -45.694
0.915 -81.932 -9.63 15.61 -121.671 -155.268 -130.07 -63.408
0.917 -79.399 1.82 16.86 -83.839 -156.254 -101.943 -70.442
0.919 -80.551 -5.2 17.02 -106.989 -153.763 -118.683 -81.473
0.921 -80.505 0.0 19.83 -90.0 -154.577 -106.144 -87.031
0.923 -81.856 7.28 23.26 -72.621 -154.867 -93.183 -87.628
0.925 -77.69 13.53 23.26 -59.814 -156.211 -83.913 -84.868
0.927 -77.56 13.79 23.11 -59.175 -151.545 -82.267 -81.936
0.929 -80.902 21.33 24.83 -49.336 -150.93 -74.734 -76.907
0.931 -82.115 23.67 21.55 -42.316 -154.775 -70.431 -70.741
0.933 -51.712 28.62 20.77 -35.969 -152.498 -65.101 -63.71
0.935 -5.058 28.88 19.36 -33.836 -107.286 -52.198 -56.881
0.937 -24.536 29.66 19.2 -32.916 -41.438 -35.046 -50.809
0.939 -52.856 32.52 17.17 -27.833 -50.332 -33.458 -44.596
0.941 -68.008 33.3 13.9 -22.657 -87.712 -38.921 -38.262
0.943 -77.423 31.74 10.77 -18.743 -121.413 -44.41 -32.143
0.945 -78.85 29.14 5.46 -10.613 -143.593 -43.858 -25.296
0.947 -80.566 22.11 1.87 -4.834 -151.524 -41.507 -18.375
0.949 -82.382 16.91 1.87 -6.31 -156.23 -43.79 -13.041
0.951 -76.477 11.45 0.47 -2.351 -158.549 -41.401 -7.898
0.953 -80.322 2.08 7.03 -73.518 -152.65 -93.301 -19.638
0.955 -79.102 -13.27 11.87 -138.187 -155.888 -142.612 -44.681
0.957 -80.33 -8.58 16.24 -117.849 -154.976 -127.131 -62.291
0.959 -80.246 1.3 16.55 -85.509 -156.942 -103.367 -70.394
0.961 -77.927 -5.2 15.46 -108.59 -156.813 -120.646 -82.272
0.963 -74.791 -3.12 21.08 -98.419 -153.622 -112.22 -90.008
0.965 -56.313 2.34 22.48 -84.057 -145.839 -99.502 -93.038
0.967 -4.295 7.8 24.2 -72.135 -111.86 -82.066 -92.335
0.969 -14.61 5.46 24.36 -77.367 -39.265 -67.841 -92.409
0.971 -27.275 8.33 23.89 -70.777 -34.419 -61.688 -90.626
0.973 1.289 8.85 28.26 -72.611 -41.001 -64.709 -89.002
0.975 0.771 6.76 25.45 -75.125 -9.712 -58.772 -87.832
0.977 -28.496 7.8 26.07 -73.343 -7.855 -56.971 -86.269
0.979 -51.529 10.93 26.39 -67.502 -45.513 -62.005 -83.497
0.981 -69.824 14.83 23.11 -57.311 -88.734 -65.167 -78.742
0.983 -75.455 22.11 23.42 -46.648 -126.413 -66.589 -72.163
0.985 -35.645 25.76 22.17 -40.716 -137.279 -64.857 -64.949
0.987 -21.599 27.06 22.33 -39.53 -87.452 -51.511 -58.394
0.989 -25.963 25.76 23.73 -42.651 -57.346 -46.325 -53.511
0.991 10.735 27.58 20.77 -36.983 -45.735 -39.171 -48.059
0.993 -38.33 26.8 21.55 -38.803 -4.404 -30.203 -44.098
0.995 -4.036 27.32 21.23 -37.85 -52.337 -41.472 -40.584
0.997 12.192 30.7 21.08 -34.475 -14.325 -29.438 -36.988
0.999 22.697 26.8 21.23 -38.385 -167.707 -70.715 -34.957
1.001 35.065 27.84 21.86 -38.139 -140.479 -63.724 -33.37
1.003 -54.161 23.94 23.26 -44.175 -132.571 -66.274 -33.909
1.005 -56.595 30.18 19.83 -33.307 -66.447 -41.592 -32.267
1.007 -56.58 28.62 21.7 -37.17 -97.496 -52.252 -31.935
1.009 17.303 27.32 18.74 -34.448 -100.957 -51.075 -31.012
1.011 -27.42 27.58 18.58 -33.967 -9.602 -27.876 -30.436
1.013 -44.876 27.32 15.61 -29.743 -48.058 -34.322 -29.242
