time,s Volts,V  gyroz magX magY yaw_rm yaw_rg yaw_cf yaw_kf
0.427 -0.229 -0.26 18.42 -90.809 -0.038 -68.116 -90.781
0.43 -0.328 -0.78 18.11 -92.466 -0.229 -69.407 -91.82
0.432 -7.217 -0.52 18.27 -91.63 -1.53 -69.105 -92.019
0.435 -0.626 2.08 19.52 -83.918 -5.797 -64.388 -88.018
0.437 -0.252 2.86 18.42 -81.174 -2.985 -61.627 -84.3
0.441 0.343 1.82 18.11 -84.261 -1.549 -63.583 -83.419
0.446 -0.786 -0.26 19.36 -90.769 -0.052 -68.09 -85.61
0.451 -0.336 2.6 17.33 -81.468 -0.6 -61.251 -83.638
0.455 -0.305 -0.52 17.64 -91.689 -0.521 -68.897 -85.883
0.46 -0.519 1.56 17.96 -85.036 -0.571 -63.92 -85.359
0.465 -1.068 1.3 17.8 -85.823 -0.75 -64.555 -85.236
0.47 -0.702 -0.78 17.8 -92.509 -1.199 -69.681 -87.105
0.475 -0.42 -1.82 17.8 -95.838 -1.08 -72.148 -89.489
0.479 -0.206 2.08 18.89 -83.716 -0.788 -62.984 -88.162
0.481 0.595 0.26 18.74 -89.205 -0.326 -66.985 -88.476
0.483 -0.092 1.04 18.89 -86.849 -179.668 -110.054 -88.148
0.488 -0.061 0.52 18.27 -88.37 -179.922 -111.258 -88.235
0.492 -0.168 -0.52 17.33 -91.719 -0.01 -68.792 -89.094
0.495 0.107 -0.78 18.11 -92.466 -0.157 -69.389 -89.988
0.497 0.435 1.04 17.64 -86.626 -179.905 -109.946 -89.4
0.501 -0.328 1.56 17.02 -84.763 -179.684 -108.493 -88.456
0.503 -0.206 1.04 19.2 -86.9 -0.146 -65.212 -88.109
0.505 0.145 -0.52 18.58 -91.603 -0.185 -68.748 -88.86
0.509 -0.069 1.3 17.17 -85.67 -0.013 -64.256 -88.193
0.514 -0.511 -1.04 17.96 -93.314 -0.13 -70.018 -89.31
0.518 0.076 0.0 17.33 -90.0 -0.421 -67.605 -89.548
0.524 -0.153 2.34 17.8 -82.511 -0.142 -61.919 -88.082
0.528 0.16 2.34 18.74 -82.883 -0.165 -62.203 -86.871
0.534 -0.725 -0.52 19.2 -91.551 -0.02 -68.668 -87.748
0.539 -0.587 1.3 18.42 -85.963 -0.702 -64.648 -87.295
0.547 -0.702 0.78 17.8 -87.491 -0.849 -65.831 -87.247
0.554 -0.816 1.82 18.11 -84.261 -1.075 -63.464 -86.5
0.559 -0.435 2.08 19.52 -83.918 -1.132 -63.222 -85.782
0.564 -0.809 1.3 16.55 -85.509 -0.914 -64.36 -85.528
0.572 -0.999 2.08 17.96 -83.394 -1.18 -62.841 -84.864
0.574 0.183 2.08 17.64 -83.275 -1.218 -62.761 -84.278
0.576 -0.343 -0.52 18.27 -91.63 -0.359 -68.812 -85.653
