time gyroz magX magY yaw_mag yaw_gyro yaw_cf yaw_kf
0.211 -0.206 -5.036 -24.863 101.45 -0.043 30.405 80.996
0.270 -0.298 66.289 4.954 -4.274 -0.286 -1.482 42.996
0.331 -0.267 -5.036 -24.863 101.45 -0.386 30.165 60.988
0.392 -0.229 63.023 3.449 -3.132 -0.357 -1.19 45.84
0.454 -0.137 -5.036 -24.863 101.45 -0.291 30.231 56.437
0.514 -0.267 65.2 2.244 -1.971 -0.274 -0.783 47.027
0.575 -0.351 -5.036 -24.863 101.45 -0.469 30.107 54.529
0.635 -0.16 64.657 3.148 -2.787 -0.453 -1.153 47.513
0.697 -0.328 -5.036 -24.863 101.45 -0.389 30.163 53.349
0.756 -0.237 67.106 3.298 -2.814 -0.507 -1.199 47.784
0.817 -0.336 -5.036 -24.863 101.45 -0.512 30.077 52.568
0.877 -0.214 66.289 2.244 -1.939 -0.524 -0.948 48.024
0.940 -0.145 -5.036 -24.863 101.45 -0.35 30.19 52.094
1.006 -0.252 66.289 2.545 -2.199 -0.399 -0.939 48.176
1.067 -0.13 -5.036 -24.863 101.45 -0.391 30.161 51.72
1.127 -0.206 63.294 2.696 -2.439 -0.362 -0.985 48.272
1.190 -0.244 -5.036 -24.863 101.45 -0.496 30.088 51.408
1.251 -0.221 66.017 2.093 -1.816 -0.52 -0.909 48.365
1.314 -0.221 -5.036 -24.863 101.45 -0.511 30.077 51.19
1.375 -0.198 65.744 2.846 -2.479 -0.493 -1.089 48.402
1.436 -0.214 -5.036 -24.863 101.45 -0.505 30.082 50.978
1.497 -0.252 62.75 2.395 -2.186 -0.591 -1.07 48.435
1.559 -0.16 -5.036 -24.863 101.45 -0.501 30.084 50.812
1.619 -0.198 66.562 2.696 -2.319 -0.481 -1.032 48.46
1.682 -0.206 -5.036 -24.863 101.45 -0.544 30.054 50.664
1.743 -0.206 64.384 3.901 -3.467 -0.565 -1.436 48.425
1.804 -0.16 -5.036 -24.863 101.45 -0.495 30.088 50.493
1.864 -0.244 65.744 3.75 -3.265 -0.615 -1.41 48.399
1.927 -0.298 -5.036 -24.863 101.45 -0.818 29.862 50.335
1.987 -0.183 63.294 3.6 -3.255 -0.662 -1.44 48.365
2.049 -0.298 -5.036 -24.863 101.45 -0.794 29.879 50.199
2.109 -0.259 64.657 1.34 -1.187 -0.844 -0.947 48.394
2.176 -0.229 -5.036 -24.863 101.45 -0.757 29.905 50.144
2.256 -0.229 64.928 1.792 -1.581 -0.746 -0.996 48.412
2.317 -0.13 -5.036 -24.863 101.45 -0.53 30.064 50.092
2.376 -0.252 63.839 2.093 -1.878 -0.729 -1.074 48.421
2.437 -0.221 -5.036 -24.863 101.45 -0.791 29.881 50.025
2.497 -0.221 64.657 1.641 -1.454 -0.773 -0.977 48.435
2.558 -0.214 -5.036 -24.863 101.45 -0.768 29.897 49.979
2.618 -0.229 63.567 1.943 -1.751 -0.814 -1.095 48.435
2.679 -0.191 -5.036 -24.863 101.45 -0.741 29.916 49.929
2.738 -0.298 -5.036 -24.863 101.45 -1.007 29.73 51.352
2.797 -0.221 64.384 3.6 -3.2 -0.916 -1.601 49.805
2.858 -0.206 -5.036 -24.863 101.45 -0.81 29.868 51.196
2.917 -0.252 63.567 1.641 -1.479 -0.941 -1.102 49.738
2.978 -0.191 -5.036 -24.863 101.45 -0.821 29.86 51.093
3.037 -0.183 63.567 3.75 -3.376 -0.747 -1.536 49.631
3.100 -0.244 -5.036 -24.863 101.45 -0.939 29.778 50.95
3.160 -0.259 65.473 3.298 -2.884 -1.062 -1.609 49.53
3.222 -0.214 -5.036 -24.863 101.45 -0.949 29.771 50.822
3.282 -0.198 65.744 2.846 -2.479 -0.864 -1.348 49.451
3.343 -0.206 -5.036 -24.863 101.45 -0.887 29.814 50.719
3.403 -0.275 66.017 3.6 -3.121 -1.142 -1.736 49.353
3.467 -0.229 -5.036 -24.863 101.45 -1.069 29.687 50.595
3.526 -0.282 64.112 3.148 -2.811 -1.223 -1.699 49.263
3.587 -0.206 -5.036 -24.863 101.45 -1.021 29.72 50.487
3.647 -0.267 63.567 3.449 -3.106 -1.18 -1.758 49.174
3.708 -0.244 -5.036 -24.863 101.45 -1.172 29.615 50.375
3.768 -0.244 62.478 1.641 -1.505 -1.163 -1.266 49.124
3.829 -0.252 -5.036 -24.863 101.45 -1.209 29.589 50.307
3.889 -0.244 65.2 4.051 -3.555 -1.201 -1.907 49.027
3.950 -0.229 -5.036 -24.863 101.45 -1.149 29.631 50.198
4.010 -0.252 65.473 2.696 -2.358 -1.24 -1.575 48.962
4.073 -0.275 -5.036 -24.863 101.45 -1.372 29.475 50.115
4.132 -0.237 65.2 3.148 -2.764 -1.254 -1.707 48.888
4.193 -0.298 -5.036 -24.863 101.45 -1.487 29.394 50.026
4.253 -0.206 -5.036 -24.863 101.45 -1.174 29.613 51.146
4.312 -0.282 64.928 1.792 -1.581 -1.422 -1.47 49.941
