time gyroz magX magY yaw_mag yaw_gyro yaw_cf yaw_kf
0.324 -0.381 1.983 11.008 -85.274 -85.397 -85.285
0.499 0.58 2.512 10.234 -83.904 -0.092 -84.654
0.673 1.144 1.719 11.395 -85.735 1.35 -84.917
0.847 -0.359 1.851 10.427 -85.63 0.84 -85.083
1.021 -0.282 1.19 10.621 -87.317 -0.647 -85.514
1.196 -0.252 1.851 10.427 -85.265 -0.583 -85.483
1.370 -0.252 2.115 9.654 -84.912 -0.597 -85.416
1.545 -0.237 2.38 9.654 -84.163 -0.618 -85.278
1.718 -0.305 2.248 10.621 -84.847 -0.761 -85.252
1.895 -0.275 1.058 11.201 -87.679 -0.826 -85.513
2.072 -0.252 1.322 10.815 -86.992 -0.797 -85.668
2.248 -0.275 2.908 10.815 -83.527 -0.87 -85.516
2.423 -0.214 1.983 10.234 -85.364 -0.794 -85.526
2.602 -0.305 0.793 10.815 -88.088 -1.008 -85.738
2.776 -0.221 2.248 10.234 -84.429 -0.918 -85.674
2.954 -0.252 1.983 9.847 -84.981 -0.965 -85.658
3.128 -0.267 2.115 9.654 -85.195 -1.087 -85.659
3.307 -0.023 2.38 9.267 -84.278 -0.343 -85.592
3.481 -0.969 2.115 11.201 -85.104 -3.396 -85.645
3.656 -44.617 3.041 10.234 -82.484 -164.089 -88.712
3.829 -118.935 3.966 13.91 -80.875 39.981 -97.092
4.011 -132.423 5.289 15.458 -77.91 -110.084 -106.354
4.183 -83.405 13.222 18.553 -57.137 58.694 -111.174
4.363 -24.734 15.072 18.553 -52.339 -11.319 -111.632
4.539 7.355 13.882 19.908 -57.32 8.65 -110.06
4.719 -0.031 12.957 19.327 -58.814 7.209 -109.147
4.896 1.152 11.37 19.327 -63.031 5.609 -108.364
5.077 -1.167 11.106 17.78 -61.514 -4.773 -107.726
5.254 5.859 11.37 17.78 -63.031 29.616 -106.665
5.434 58.151 12.295 19.133 -59.854 141.852 -101.696
5.611 80.91 10.974 19.133 -65.416 -27.863 -95.28
5.789 81.429 8.991 16.232 -66.759 12.302 -88.881
5.965 75.874 6.214 16.038 -73.978 -5.983 -83.136
6.151 60.959 5.289 13.91 -77.91 -89.167 -78.61
6.324 24.887 2.777 9.073 -82.841 38.344 -76.882
6.501 -3.365 1.587 11.201 -86.101 3.011 -77.323
6.674 -0.198 1.851 8.106 -85.544 -4.686 -77.506
6.849 -3.777 1.454 9.46 -86.531 -26.067 -77.976
7.023 -3.67 1.454 10.621 -86.662 -29.551 -78.434
7.198 -28.564 3.306 11.395 -81.837 -29.274 -80.579
7.374 -54.543 3.57 10.234 -81.85 109.236 -84.64
7.551 -101.646 4.627 13.33 -79.082 77.928 -92.098
7.723 -114.014 7.404 18.94 -72.359 -82.176 -100.293
7.898 -71.899 11.106 19.714 -63.083 -141.872 -105.143
8.075 -45.601 9.387 17.586 -66.55 99.873 -108.157
8.253 2.281 10.312 17.78 -64.761 -26.776 -107.592
8.430 -3.021 10.312 18.94 -65.227 -23.186 -107.433
8.609 1.213 10.312 18.94 -64.278 7.422 -106.939
8.785 3.716 11.635 19.327 -59.809 33.858 -106.148
8.964 46.776 10.445 17.199 -63.226 -116.984 -102.259
9.147 71.808 10.18 19.133 -65.276 163.604 -96.567
9.332 87.341 7.668 17.78 -70.292 -13.126 -89.841
9.509 97.443 7.007 17.199 -74.012 113.926 -82.451
9.699 78.194 5.553 13.523 -75.756 -44.153 -76.524
9.882 46.295 4.231 10.427 -80.277 -4.319 -73.069
10.057 6.081 3.041 9.073 -83.045 107.452 -72.662
10.230 -4.662 2.115 8.106 -85.104 -41.611 -73.102
10.407 -1.564 1.322 8.88 -86.614 -20.939 -73.348
10.580 -18.639 0.925 8.687 -88.023 -18.765 -74.895
10.755 -41.931 2.512 11.008 -84.022 70.393 -78.084
10.928 -75.272 3.835 12.169 -80.917 35.497 -83.688
11.105 -99.388 5.818 15.844 -76.237 81.024 -90.989
11.283 -107.246 7.404 18.553 -72.359 -49.445 -98.797
11.462 -68.375 7.404 19.327 -72.359 9.04 -103.717
11.638 -24.582 9.123 18.36 -65.728 -174.46 -105.23
11.816 9.872 10.445 19.908 -63.226 92.066 -104.12
11.992 0.488 10.048 19.714 -60.991 15.724 -103.659
12.171 1.732 9.52 18.553 -66.924 21.568 -103.23
12.347 21.286 9.255 18.166 -67.501 84.55 -101.351
12.532 67.589 8.991 19.714 -66.759 -31.689 -95.996
12.708 77.942 7.668 18.553 -71.771 158.076 -89.965
12.887 92.178 5.685 16.425 -74.969 5.84 -82.932
13.069 94.009 5.685 14.491 -76.411 60.782 -75.786
13.244 86.563 4.098 12.943 -80.664 -19.551 -69.281
13.418 43.884 3.57 7.139 -81.998 135.399 -65.994
13.596 -1.762 2.644 6.171 -83.521 19.928 -66.155
13.770 -13.29 3.306 6.365 -81.999 -4.765 -67.155
13.948 -0.778 1.851 8.106 -85.455 -24.142 -67.296
14.124 -0.206 1.322 7.719 -86.876 -3.688 -67.426
14.303 -0.191 2.248 7.526 -84.748 -2.938 -67.518
14.480 -0.336 0.925 6.751 -87.834 -5.056 -67.686
14.659 -0.237 2.248 7.912 -84.54 -3.81 -67.784
14.835 -0.221 0.793 8.493 -88.088 -3.516 -67.956
15.015 -0.336 0.793 6.945 -88.195 -5.266 -68.141
15.192 -0.259 1.719 5.978 -85.979 -4.271 -68.28
15.373 -0.259 0.793 8.493 -88.26 -4.241 -68.466
15.549 -0.267 1.587 8.88 -86.251 -4.411 -68.616
15.728 -0.252 2.115 8.106 -85.104 -4.23 -68.745
15.906 -0.32 1.19 7.912 -87.366 -5.342 -68.926
16.088 -0.29 1.719 6.365 -86.055 -4.986 -69.082
16.265 -0.237 0.661 8.687 -88.357 -4.145 -69.28
16.445 -0.336 2.115 8.88 -84.912 -5.763 -69.422
16.623 -0.282 1.454 7.912 -86.315 -5.024 -69.588
16.805 -0.305 1.719 9.847 -86.265 -5.408 -69.757
16.982 -0.336 2.115 8.493 -85.195 -6.011 -69.91
17.160 -0.275 2.248 6.365 -84.646 -5.055 -70.049
17.336 -0.29 1.851 10.427 -85.362 -5.302 -70.206
17.515 -0.244 1.587 8.106 -86.391 -4.564 -70.379
