time gyroz magX magY yaw_mag yaw_gyro yaw_cf yaw_kf
0.396 -0.183 60.84 4.05 -3.808 -0.072 0.0 -3.816
0.398 0.366 60.3 5.86 -5.551 -0.037 0.0 -4.859
0.400 1.045 60.3 5.56 -5.268 0.784 0.0 -5.152
0.405 -0.122 58.94 4.8 -4.656 0.996 0.0 -4.994
0.410 -0.42 58.67 5.56 -5.414 -0.294 0.0 -5.248
0.412 3.899 61.66 6.31 -5.843 1.186 0.0 -5.528
0.416 1.137 62.48 5.26 -4.812 4.372 0.0 -5.313
0.418 -0.198 58.39 3.9 -3.821 1.054 0.0 -4.799
0.423 -0.259 61.39 5.26 -4.897 -0.308 0.0 -4.817
0.426 -0.259 60.57 4.2 -3.967 -0.369 0.0 -4.526
0.433 -0.153 58.94 4.2 -4.076 -0.325 0.0 -4.346
0.435 -0.206 64.11 3.75 -3.348 -0.243 0.0 -4.001
0.440 -0.221 60.03 4.5 -4.287 -0.303 0.0 -3.998
0.442 -0.221 57.85 4.2 -4.152 -0.319 0.0 -3.967
0.446 -0.183 62.48 4.95 -4.53 -0.303 0.0 -4.045
0.452 -0.267 60.57 5.11 -4.822 -0.304 0.0 -4.186
0.458 -0.16 60.84 4.95 -4.651 -0.34 0.0 -4.267
0.461 -0.13 61.39 5.86 -5.453 -0.22 0.0 -4.526
0.465 -0.183 59.21 4.95 -4.779 -0.215 0.0 -4.592
0.469 -0.221 63.02 4.35 -3.949 -0.287 0.0 -4.458
0.471 -0.198 61.39 3.75 -3.496 -0.314 0.0 -4.238
