time gyroz magX magY yaw_mag yaw_gyro yaw_cf yaw_kf
1.084 -0.313 65.473 2.696 -2.358 -0.339 -0.945 -2.269
2.021 -0.351 63.839 3.298 -2.957 -1.022 -1.602 -2.604
2.956 -0.214 65.2 2.545 -2.235 -0.984 -1.359 -2.518
3.891 -0.267 64.384 2.093 -1.862 -1.253 -1.436 -2.395
4.825 -0.237 65.2 3.148 -2.764 -1.411 -1.817 -2.497
5.759 -0.191 66.833 2.846 -2.438 -1.337 -1.667 -2.517
6.695 -0.282 63.023 2.846 -2.586 -2.079 -2.231 -2.561
7.629 -0.267 68.196 2.997 -2.516 -2.319 -2.378 -2.591
8.561 -0.16 64.657 2.545 -2.254 -1.637 -1.822 -2.582
9.493 -0.29 63.294 2.093 -1.894 -2.913 -2.607 -2.551
10.426 -0.191 66.017 2.395 -2.078 -2.281 -2.22 -2.539
11.358 -0.694 65.744 4.051 -3.526 -8.073 -6.709 -2.687
12.293 1.968 63.839 2.997 -2.688 23.499 15.643 -2.561
13.230 -0.191 63.567 2.846 -2.564 -0.559 -1.16 -2.581
14.164 -0.221 65.744 3.148 -2.741 -3.321 -3.147 -2.614
15.099 -0.191 66.017 2.395 -2.078 -3.105 -2.797 -2.601
16.033 -0.214 64.384 1.491 -1.327 -3.622 -2.933 -2.549
16.968 -0.244 62.205 2.093 -1.927 -4.354 -3.626 -2.54
