time gyroz magX magY yaw_mag yaw_gyro yaw_cf yaw_kf
2.239 -0.328 24.161 8.288 0.183 -0.328 0.183
2.431 -3.654 23.53 10.761 0.338 -0.382 0.111
2.626 -0.465 23.981 9.937 0.206 -0.784 0.021
2.819 -0.107 23.8 12.135 0.272 -0.839 -0.001
3.013 -0.58 23.891 9.113 0.231 -0.906 -0.052
3.207 -0.076 23.62 11.035 0.261 -0.969 -0.061
3.401 0.0 23.53 10.211 0.238 -0.977 -0.065
3.594 -0.305 24.341 9.937 0.213 -1.006 -0.088
3.788 -0.412 24.071 7.464 0.084 -1.076 -0.131
3.981 -0.084 23.53 9.662 0.211 -1.124 -0.132
4.176 -0.259 23.62 9.937 0.273 -1.157 -0.135
4.370 -0.237 23.8 10.486 0.106 -1.205 -0.154
4.565 -0.511 24.251 8.013 0.189 -1.278 -0.177
4.759 -0.397 23.62 12.135 0.292 -1.366 -0.18
4.952 -0.053 23.981 10.486 0.247 -1.41 -0.167
5.144 -0.496 24.792 10.211 0.191 -1.462 -0.185
5.337 -0.038 23.169 9.662 0.146 -1.514 -0.179
5.529 -0.412 23.35 11.86 0.206 -1.557 -0.187
5.724 -0.328 23.53 9.662 0.249 -1.629 -0.185
5.918 -0.359 23.53 9.662 0.238 -1.696 -0.185
6.111 -0.046 23.8 9.386 0.241 -1.735 -0.167
6.303 0.092 23.71 9.113 0.136 -1.73 -0.15
6.496 -0.259 23.53 9.113 0.105 -1.747 -0.156
6.688 -0.114 23.71 11.31 0.156 -1.782 -0.148
6.881 -0.458 24.341 10.486 0.152 -1.838 -0.158
7.075 -0.565 23.891 8.562 0.115 -1.937 -0.178
7.272 0.237 23.35 8.562 0.201 -1.969 -0.144
7.466 -0.374 23.169 9.662 0.256 -1.982 -0.139
7.660 -0.092 23.891 10.761 0.227 -2.028 -0.122
7.854 -0.229 23.44 8.837 0.213 -2.059 -0.113
8.048 -0.206 23.53 8.562 0.168 -2.101 -0.108
8.242 -0.389 23.44 9.937 0.232 -2.159 -0.107
8.436 -0.023 23.981 9.386 0.244 -2.199 -0.085
8.629 -0.023 23.71 9.662 0.135 -2.203 -0.074
8.823 -0.16 24.161 11.035 0.18 -2.221 -0.066
9.015 -0.015 23.891 11.31 0.234 -2.238 -0.046
9.208 -0.259 24.251 10.211 0.158 -2.264 -0.046
9.400 0.015 23.44 13.233 0.277 -2.287 -0.022
9.597 -0.053 23.44 11.035 0.321 -2.291 0.003
9.789 -0.526 23.8 9.386 0.283 -2.347 -0.002
9.983 -0.298 23.62 9.937 0.156 -2.427 -0.008
10.176 -0.328 24.251 10.211 0.22 -2.487 -0.009
10.373 -0.267 23.53 11.86 0.312 -2.546 0.0
