time,s Volts,V  gyroz magX magY yaw_rm yaw_rg yaw_cf yaw_kf
0.0 -0.16 -7.03 17.17 -112.266 -0.027 -84.206 0
0.001 -0.183 -8.07 18.74 -113.298 -0.084 -84.995 0
0.004 -1.259 -7.28 17.96 -112.065 -0.325 -84.13 0
0.006 -0.183 -7.8 17.96 -113.475 -0.545 -85.242 0
0.007 -0.397 -7.03 17.8 -111.551 -0.579 -83.808 0
0.008 0.504 -6.24 17.02 -110.134 -0.322 -82.681 0
0.011 -0.595 -7.55 15.93 -115.359 -0.088 -86.541 0
0.013 -0.023 -7.8 16.71 -115.023 -0.108 -86.294 0
0.016 -0.336 -8.58 17.17 -116.552 -0.178 -87.459 0
0.018 -0.549 -7.03 18.11 -111.215 -0.316 -83.49 0
0.019 0.137 -8.07 15.93 -116.866 -0.286 -87.721 0
