time gyroz magX magY yaw_mag yaw_gyro yaw_cf yaw_kf
0.360 -0.237 45.964 34.12 -36.587 -0.085 -36.999
0.564 -0.275 43.302 33.941 -38.09 -0.392 -37.507
0.771 0.061 44.544 35.549 -38.592 -0.228 -37.85
0.980 -0.374 43.479 34.477 -38.413 -0.306 -38.014
1.186 -0.237 44.189 33.763 -37.382 -0.655 -37.92
1.391 -0.275 42.769 34.12 -38.582 -0.62 -38.057
1.596 -0.229 43.657 35.013 -38.73 -0.64 -38.18
1.804 -0.252 43.834 33.405 -37.31 -0.684 -38.105
2.012 -0.198 44.544 33.763 -37.161 -0.65 -38.031
2.219 -0.366 42.769 35.192 -39.449 -1.01 -38.211
2.426 -0.206 45.254 35.906 -38.43 -0.866 -38.261
2.632 -0.267 44.189 34.477 -37.962 -0.909 -38.271
2.839 -0.343 44.544 34.12 -37.452 -1.241 -38.248
3.046 11.536 44.012 35.37 -38.787 34.796 -37.486
3.255 0.473 43.479 34.477 -38.413 13.076 -37.472
3.462 -5.203 42.947 32.512 -37.127 -17.54 -37.78
3.670 10.292 46.851 33.941 -35.921 32.569 -36.916
3.877 -20.233 44.899 33.763 -36.942 -68.151 -38.311
4.084 -26.146 46.496 35.013 -36.981 -127.013 -40.147
4.295 -3.532 43.834 37.335 -40.422 -41.316 -40.54
4.515 -12.489 43.834 37.693 -40.692 -59.92 -41.581
4.733 -28.519 45.432 35.728 -38.182 -147.469 -43.654
4.953 -9.438 45.609 38.05 -39.837 -75.265 -44.423
5.173 -27.679 46.319 38.05 -39.402 -152.621 -46.489
5.396 -30.014 48.626 39.3 -38.945 -9.635 -48.704
5.614 -12.901 50.578 38.764 -37.467 -102.44 -49.614
5.834 -29.861 51.998 38.764 -36.704 -7.11 -51.728
6.046 -23.56 51.82 40.372 -37.921 -172.305 -53.433
6.259 -20.309 51.643 39.836 -37.646 -150.674 -54.889
6.465 -23.56 54.482 39.836 -36.173 -172.624 -56.528
6.673 -31.334 55.015 41.444 -36.992 -52.652 -58.764
6.882 -21.149 57.499 41.444 -35.783 -176.881 -60.213
7.088 -21.439 56.257 41.265 -36.26 -173.109 -61.698
7.297 -33.92 56.789 41.801 -36.356 -88.953 -64.1
7.509 -20.416 59.806 41.98 -35.066 -7.224 -65.467
7.721 -14.389 60.516 41.265 -34.29 -131.513 -66.366
7.940 -8.018 61.404 43.23 -35.147 -78.052 -66.82
8.156 -0.023 59.629 41.801 -35.031 -8.206 -66.678
8.372 -2.48 59.984 42.159 -35.101 -20.786 -66.714
8.587 -0.664 58.032 40.194 -34.707 -8.182 -66.599
8.803 0.443 59.274 43.23 -36.104 3.236 -66.438
9.019 -0.938 57.499 42.159 -36.249 -8.017 -66.377
9.233 16.8 58.209 41.801 -35.683 154.176 -64.985
9.446 53.94 53.772 41.98 -37.979 -13.683 -60.909
9.667 32.745 51.288 40.194 -38.086 -169.514 -58.389
9.875 43.106 50.578 41.265 -39.21 -81.583 -55.126
10.083 41.466 51.288 41.265 -38.819 -78.792 -51.966
10.291 44.365 48.448 41.623 -40.667 -41.974 -48.634
10.507 36.354 46.319 40.551 -41.201 -113.664 -45.902
10.723 19.402 47.029 40.908 -41.018 64.402 -44.416
10.944 21.759 47.916 38.229 -38.584 77.532 -42.695
11.165 31.12 48.448 36.621 -37.085 -170.786 -40.246
11.386 26.382 48.803 36.264 -36.615 151.505 -38.139
11.607 26.596 47.029 36.621 -37.908 155.082 -36.05
11.820 24.857 46.496 35.37 -37.261 140.406 -34.079
12.028 14.038 46.496 34.299 -36.415 13.706 -32.896
12.235 -1.419 47.384 33.763 -35.471 -3.323 -32.847
12.443 -1.595 47.916 32.512 -34.158 -21.266 -32.789
12.651 16.998 45.786 32.155 -35.08 33.447 -31.378
12.859 9.857 45.786 32.869 -35.674 143.749 -30.519
13.066 -22.881 46.319 34.834 -36.945 -109.106 -32.131
13.272 -33.31 44.189 36.978 -39.923 75.029 -34.592
13.478 -27.054 42.592 36.085 -40.272 142.056 -36.602
13.708 -20.111 39.753 31.798 -38.656 -122.736 -38.064
13.930 -13.107 43.302 38.229 -41.44 -22.692 -39.068
14.151 -31.395 44.899 39.122 -41.067 82.622 -41.428
14.372 -4.15 45.077 38.229 -40.301 -91.039 -41.742
14.593 -34.935 50.578 39.122 -37.722 26.044 -44.297
14.813 14.023 57.677 41.623 -35.816 172.788 -43.161
15.032 21.828 49.336 37.871 -37.51 162.141 -41.478
15.253 8.583 44.899 38.05 -40.28 152.744 -40.839
15.475 -43.205 43.302 38.943 -41.966 -120.014 -44.103
15.696 -37.941 45.786 38.229 -39.86 -98.727 -46.931
15.907 -76.79 47.384 40.551 -40.557 0.56 -52.678
16.117 -67.383 53.418 41.623 -37.926 97.198 -57.669
16.326 -9.384 55.547 40.908 -36.37 -40.586 -58.289
16.535 4.692 56.434 41.801 -36.528 68.198 -57.853
16.744 28.915 56.257 40.908 -36.023 -51.155 -55.587
16.952 18.585 53.595 39.658 -36.5 163.968 -54.098
17.160 47.806 51.82 39.3 -37.176 -61.064 -50.428
17.370 44.502 52.885 41.801 -38.323 -79.194 -47.023
17.579 48.912 51.998 39.836 -37.456 4.326 -43.265
17.793 29.678 51.465 41.087 -38.602 36.973 -40.969
18.012 25.726 46.851 37.871 -38.95 -46.945 -38.975
18.230 13.573 46.496 37.157 -38.63 93.162 -37.888
18.449 25.391 44.189 35.906 -39.096 -57.988 -35.924
18.668 5.386 44.012 35.728 -39.069 125.937 -35.464
18.891 -2.464 42.415 33.763 -38.52 -41.161 -35.585
19.102 -0.954 40.285 34.12 -40.263 -20.687 -35.631
19.321 -1.625 44.367 33.227 -36.83 -32.351 -35.665
19.551 15.633 42.415 33.048 -37.924 124.016 -34.427
19.772 30.579 45.077 33.941 -36.978 80.241 -32.05
19.985 12.833 43.479 33.763 -37.831 107.047 -31.027
20.195 -3.738 43.834 34.834 -38.473 -62.656 -31.267
20.401 -0.458 46.319 33.405 -35.799 -13.082 -31.214
20.611 -3.12 47.029 35.192 -36.808 -64.764 -31.385
20.819 1.617 46.674 34.12 -36.168 30.544 -31.194
21.025 -10.895 45.786 34.656 -37.123 -47.45 -31.967
21.231 -32.326 46.141 33.941 -36.338 -157.208 -34.343
21.443 -28.275 44.722 36.085 -38.899 -98.627 -36.467
21.646 -42.366 44.899 38.05 -40.28 -45.329 -39.681
21.861 -43.983 45.077 40.372 -41.848 -103.878 -43.049
22.078 -39.886 48.448 39.122 -38.921 -24.586 -46.054
22.294 -56.213 52.353 41.265 -38.245 -33.099 -50.275
22.506 -45.326 56.967 42.695 -36.85 -176.32 -53.649
22.711 -65.758 55.725 42.873 -37.574 81.244 -58.573
22.914 -19.218 56.08 42.516 -37.167 33.881 -59.977
23.114 -2.533 55.547 43.766 -38.235 -77.766 -60.136
23.323 -6.508 58.387 43.052 -36.403 -154.319 -60.552
23.533 40.138 59.096 43.766 -36.523 38.06 -57.444
23.740 73.868 56.612 44.124 -37.933 173.764 -51.809
23.948 83.328 54.837 41.623 -37.2 89.407 -45.438
24.161 84.633 53.595 39.658 -36.5 148.146 -38.951
24.373 93.323 52.175 38.229 -36.231 19.194 -31.8
24.579 5.47 51.288 33.048 -32.796 47.77 -31.219
24.787 -25.635 47.561 31.798 -33.766 -89.945 -33.011
24.995 -4.036 49.513 31.262 -32.268 -126.515 -33.151
25.204 -19.958 48.803 32.691 -33.816 32.943 -34.529
25.411 -53.642 48.981 36.085 -36.38 -123.055 -38.503
25.616 -71.083 49.336 37.871 -37.51 105.496 -43.821
25.837 -86.563 47.206 40.73 -40.788 32.389 -50.371
26.052 -107.758 56.08 44.66 -38.532 166.126 -58.481
26.260 -72.342 58.209 44.302 -37.274 -27.459 -63.89
26.467 -9.308 58.209 43.588 -36.827 -138.697 -64.521
26.673 4.677 57.144 43.588 -37.335 115.442 -64.095
26.874 8.232 55.547 44.124 -38.462 45.904 -63.411
27.075 52.124 56.257 44.838 -38.556 159.489 -59.401
27.276 132.149 56.257 44.481 -38.333 -123.38 -49.326
27.488 130.669 53.063 40.194 -37.143 -56.022 -39.332
27.698 78.117 50.756 32.155 -32.355 -45.646 -33.223
27.905 18.166 45.432 32.869 -35.885 45.039 -31.716
28.111 6.233 43.124 31.619 -36.249 13.382 -31.124
28.318 5.219 43.479 30.904 -35.404 154.025 -30.6
28.525 -3.365 42.06 29.118 -34.695 -90.768 -30.72
28.731 -2.892 43.479 32.691 -36.939 -86.455 -30.851
28.938 -0.206 42.415 31.262 -36.392 -8.853 -30.775
29.155 0.069 41.527 31.798 -37.442 1.806 -30.703
29.370 -0.099 40.817 31.083 -37.29 -2.839 -30.647
29.580 -2.991 40.285 31.262 -37.812 -88.573 -30.825
29.788 -0.511 40.462 32.869 -39.088 -18.213 -30.842
29.996 -0.328 41.527 31.798 -37.442 -10.35 -30.821
30.204 -0.229 42.769 31.262 -36.165 -7.245 -30.774
30.412 -0.313 40.817 30.726 -36.972 -9.748 -30.753
30.617 -0.229 40.107 31.44 -38.093 -7.324 -30.749
30.820 -0.298 41.705 32.334 -37.787 -9.413 -30.75
31.024 -0.244 40.64 31.262 -37.569 -7.868 -30.747
31.231 -0.206 41.172 33.227 -38.905 -6.678 -30.768
31.435 -0.267 42.592 32.155 -37.051 -8.599 -30.765
31.640 -0.275 42.592 31.44 -36.434 -8.968 -30.754
31.849 -0.275 40.995 32.334 -38.264 -9.033 -30.78
32.058 -0.221 41.172 32.869 -38.602 -7.36 -30.812
32.269 -0.244 42.769 30.19 -35.218 -8.095 -30.787
32.477 -0.298 41.705 30.19 -35.901 -9.922 -30.782
32.688 -0.252 40.995 32.334 -38.264 -8.535 -30.819
32.895 -0.282 39.753 31.083 -38.022 -9.528 -30.857
33.103 -0.252 39.22 32.334 -39.503 -8.624 -30.922
33.310 -0.298 40.107 31.44 -38.093 -10.178 -30.967
33.516 -0.298 40.462 32.869 -39.088 -10.286 -31.033
33.727 -0.343 40.817 31.44 -37.606 -11.866 -31.077
33.934 -0.214 41.705 32.334 -37.787 -7.605 -31.117
34.147 -0.198 40.995 32.691 -38.57 -6.975 -31.172
34.353 -0.305 39.575 33.405 -40.167 -10.676 -31.266
34.560 -0.259 41.527 31.083 -36.815 -9.256 -31.297
34.769 -0.244 40.995 32.691 -38.57 -8.743 -31.361
34.977 -0.244 41.172 32.869 -38.602 -8.778 -31.426
35.185 -0.183 39.93 31.976 -38.688 -6.683 -31.491
35.394 -0.298 40.817 31.083 -37.29 -10.73 -31.54
35.601 -0.259 41.882 32.869 -38.125 -9.519 -31.603
35.808 -0.298 40.817 31.798 -37.92 -10.93 -31.666
36.017 -0.298 41.172 32.155 -37.99 -11.031 -31.732
36.223 -0.29 41.172 32.512 -38.297 -10.803 -31.804
36.429 -0.29 41.527 31.44 -37.129 -10.854 -31.857
