time gyroz magX magY yaw_mag yaw_gyro yaw_cf yaw_kf
0.322 -0.244 18.318 19.436 -45.773 -44.866 -45.579
0.495 -1.656 20.335 18.671 -44.782 -45.686 -45.314
0.668 0.29 19.663 20.203 -44.256 -45.492 -45.015
0.843 -0.275 19.663 19.436 -44.76 -45.724 -45.0
1.016 -0.259 19.159 18.096 -46.245 -45.987 -45.281
1.190 -0.313 20.335 19.436 -43.294 -46.359 -45.008
1.363 -0.252 18.654 17.522 -46.269 -46.702 -45.225
1.537 -0.244 19.663 17.522 -43.219 -47.077 -45.021
1.711 -0.229 19.663 19.054 -45.257 -47.469 -45.086
1.887 -0.282 18.654 19.054 -44.727 -48.001 -45.093
2.061 -0.191 18.654 19.436 -45.252 -48.395 -45.142
2.238 -0.298 19.831 20.395 -43.239 -49.062 -45.027
2.411 -0.29 20.167 18.863 -44.776 -49.761 -45.05
2.586 -0.229 19.663 19.054 -43.219 -50.353 -44.956
2.758 -0.313 19.326 19.436 -43.182 -51.216 -44.881
2.940 -0.32 19.999 16.756 -44.771 -52.157 -44.917
3.114 -0.229 19.663 19.436 -43.744 -52.87 -44.884
3.291 -0.259 19.831 18.863 -44.266 -53.722 -44.888
3.466 -0.282 18.823 20.395 -47.234 -54.699 -45.055
3.642 -0.252 19.495 19.628 -42.664 -55.617 -44.971
3.820 -0.183 18.654 19.054 -46.269 -56.316 -45.068
3.998 -0.313 19.663 20.203 -43.219 -57.567 -45.023
4.174 -0.298 18.318 18.671 -45.773 -58.811 -45.099
4.350 -0.343 18.823 18.863 -45.76 -60.303 -45.173
4.524 -0.29 20.167 17.714 -43.277 -61.615 -45.135
4.697 -0.229 19.831 16.565 -44.766 -62.691 -45.156
4.870 -0.282 20.335 18.288 -43.294 -64.064 -45.123
5.045 -0.29 18.99 20.203 -44.216 -65.527 -45.129
5.218 -0.145 19.999 18.288 -40.558 -66.284 -44.987
5.395 -0.282 20.335 18.671 -43.294 -67.805 -44.965
5.567 -0.237 20.335 18.288 -40.643 -69.124 -44.848
5.741 -0.237 19.326 19.054 -44.239 -70.485 -44.862
5.914 -0.259 18.318 19.054 -46.286 -72.017 -44.947
6.088 -0.267 18.486 19.628 -46.277 -73.642 -45.029
6.261 -0.275 18.318 19.054 -46.789 -75.364 -45.124
6.434 -0.305 19.831 18.479 -43.757 -77.326 -45.123
6.606 -0.244 19.999 19.436 -43.771 -78.938 -45.118
6.779 -0.221 18.99 16.756 -46.254 -80.436 -45.186
6.953 -0.32 19.495 18.096 -44.247 -82.661 -45.201
7.127 -0.198 18.823 19.246 -45.252 -84.072 -45.235
7.299 -0.229 20.503 18.479 -42.287 -85.743 -45.185
7.473 -0.305 19.326 19.82 -44.751 -88.022 -45.214
7.645 -0.214 18.486 18.863 -44.721 -89.658 -45.233
7.819 -0.275 19.495 20.395 -45.256 -91.808 -45.272
7.992 -0.275 19.495 19.246 -43.2 -94.006 -45.255
8.165 -0.267 19.999 19.82 -44.771 -96.186 -45.28
8.337 -0.252 19.159 20.011 -45.253 -98.287 -45.316
8.511 -0.282 19.831 20.011 -44.766 -100.687 -45.341
8.685 -0.298 18.99 19.436 -44.216 -103.275 -45.353
8.860 -0.282 18.318 19.054 -46.286 -105.774 -45.417
9.032 -0.29 19.495 19.246 -44.247 -108.393 -45.428
9.206 -0.183 19.999 19.82 -45.26 -110.078 -45.454
9.378 -0.145 17.646 19.82 -46.842 -111.438 -45.514
9.553 -0.374 20.671 19.054 -43.329 -115.011 -45.509
9.725 -0.214 18.654 19.82 -43.652 -117.092 -45.497
9.902 -0.298 19.495 17.714 -45.256 -120.043 -45.532
10.074 -0.29 21.847 18.863 -37.798 -122.964 -45.388
10.252 -0.366 20.167 19.246 -43.785 -126.716 -45.398
10.425 -0.183 18.15 20.011 -48.272 -128.624 -45.495
10.603 -0.336 18.99 18.671 -43.684 -132.187 -45.498
10.777 -0.214 20.167 19.628 -43.277 -134.493 -45.479
10.949 -0.244 18.823 20.011 -44.204 -137.165 -45.485
11.121 -0.267 20.167 18.479 -40.601 -140.134 -45.411
11.294 -0.282 18.486 18.863 -45.769 -143.319 -45.458
11.468 -0.29 19.663 20.203 -44.256 -146.645 -45.471
11.640 -0.259 19.326 19.82 -45.752 -149.66 -45.514
11.813 -0.221 19.159 19.246 -42.614 -152.271 -45.482
11.991 -0.206 19.159 20.011 -44.226 -154.741 -45.486
12.171 -0.229 19.159 19.246 -45.754 -157.528 -45.525
12.347 -0.32 20.335 19.054 -44.782 -161.479 -45.552
12.521 -0.328 21.007 19.82 -43.364 -165.586 -45.548
12.692 -0.298 21.175 19.628 -42.89 -169.368 -45.531
12.874 -0.397 18.99 19.82 -44.216 -174.479 -45.554
13.046 -0.244 19.663 19.436 -43.219 -177.662 -45.539
13.219 -0.267 18.99 19.054 -44.741 -1.191 -45.56
13.394 -0.32 18.486 19.246 -46.277 -5.477 -45.618
13.570 -0.237 19.326 20.586 -45.255 -8.693 -45.646
13.745 -0.198 19.663 19.82 -42.147 -11.415 -45.602
13.919 -0.275 19.831 21.927 -43.239 -15.243 -45.59
14.091 -0.328 19.326 20.203 -46.719 -19.865 -45.658
14.267 -0.32 21.007 19.054 -41.334 -24.43 -45.611
14.440 -0.244 20.335 19.82 -42.783 -27.953 -45.586
14.614 -0.198 19.326 19.436 -46.719 -30.847 -45.641
14.786 -0.259 18.823 18.096 -46.751 -34.677 -45.701
14.960 -0.29 21.343 19.054 -41.913 -39.015 -45.662
15.138 -0.153 18.486 19.246 -45.769 -41.331 -45.689
15.314 -0.259 19.159 19.628 -44.745 -45.297 -45.706
15.487 -0.244 19.999 19.82 -43.259 -49.076 -45.691
