time gyroz magX magY yaw_mag yaw_gyro yaw_cf yaw_kf
0.202 -0.343 -5.036 -24.863 101.45 -0.069 30.387 80.634
0.252 -0.298 60.3 5.256 -4.982 -0.418 -1.787 42.475
0.303 -0.298 -5.036 -24.863 101.45 -0.388 30.163 60.623
0.353 -0.298 59.755 5.557 -5.313 -0.403 -1.876 45.04
0.405 -0.198 -5.036 -24.863 101.45 -0.378 30.17 55.782
0.455 -0.267 -5.036 -24.863 101.45 -0.319 30.212 63.084
0.505 -0.328 59.211 5.858 -5.65 -0.433 -1.998 53.521
0.556 -0.267 -5.036 -24.863 101.45 -0.476 30.102 59.33
0.605 -0.328 59.484 5.406 -5.193 -0.465 -1.883 52.26
0.656 -0.259 -5.036 -24.863 101.45 -0.498 30.086 57.067
0.706 -0.282 -5.036 -24.863 101.45 -0.458 30.114 61.022
0.756 -0.29 62.478 5.557 -5.083 -0.501 -1.876 55.514
0.807 -0.244 -5.036 -24.863 101.45 -0.487 30.094 59.001
0.857 -0.237 62.205 6.31 -5.792 -0.447 -2.05 54.332
0.908 -0.206 -5.036 -24.863 101.45 -0.424 30.138 57.455
0.959 -0.275 -5.036 -24.863 101.45 -0.47 30.106 60.196
1.008 -0.298 60.028 6.009 -5.716 -0.575 -2.117 56.228
1.059 -0.275 -5.036 -24.863 101.45 -0.589 30.023 58.748
1.109 -0.259 -5.036 -24.863 101.45 -0.562 30.042 61.014
1.158 -0.343 61.389 6.461 -6.008 -0.656 -2.262 57.53
1.209 -0.267 -5.036 -24.863 101.45 -0.666 29.969 59.653
1.258 -0.29 62.75 5.105 -4.651 -0.632 -1.838 56.58
1.309 -0.351 -5.036 -24.863 101.45 -0.749 29.911 58.569
1.358 -0.313 -5.036 -24.863 101.45 -0.776 29.892 60.404
1.408 -0.374 61.116 5.105 -4.775 -0.84 -2.021 57.609
1.460 -0.275 -5.036 -24.863 101.45 -0.776 29.892 59.359
1.510 -0.267 61.661 6.009 -5.566 -0.678 -2.144 56.754
1.562 -0.374 -5.036 -24.863 101.45 -0.851 29.839 58.418
1.611 -0.259 -5.036 -24.863 101.45 -0.791 29.881 59.984
1.660 -0.282 61.661 6.31 -5.843 -0.727 -2.262 57.561
1.711 -0.343 -5.036 -24.863 101.45 -0.869 29.827 59.064
1.760 -0.275 60.3 5.256 -4.982 -0.827 -2.074 56.819
1.811 -0.267 -5.036 -24.863 101.45 -0.759 29.904 58.277
1.860 -0.343 -5.036 -24.863 101.45 -0.905 29.801 59.652
1.910 -0.366 59.211 5.858 -5.65 -1.042 -2.424 57.506
1.962 -0.259 -5.036 -24.863 101.45 -0.874 29.823 58.85
2.011 -0.237 61.116 4.502 -4.213 -0.736 -1.779 56.866
2.063 -0.305 -5.036 -24.863 101.45 -0.866 29.829 58.172
2.112 -0.328 -5.036 -24.863 101.45 -0.998 29.736 59.416
2.161 -0.259 60.028 6.31 -6.001 -0.888 -2.422 57.467
2.212 -0.359 -5.036 -24.863 101.45 -1.053 29.698 58.683
2.261 -0.267 62.478 5.256 -4.809 -0.963 -2.117 56.846
2.312 -0.252 -5.036 -24.863 101.45 -0.85 29.84 58.049
2.361 -0.29 -5.036 -24.863 101.45 -0.937 29.779 59.201
2.411 -0.305 62.205 5.708 -5.243 -1.025 -2.29 57.414
2.463 -0.229 -5.036 -24.863 101.45 -0.869 29.827 58.555
2.512 -0.313 60.845 4.653 -4.373 -1.015 -2.022 56.851
2.564 -0.214 -5.036 -24.863 101.45 -0.862 29.832 57.977
2.614 -0.229 -5.036 -24.863 101.45 -0.813 29.866 59.063
2.663 -0.183 63.839 5.406 -4.84 -0.716 -1.953 57.407
2.714 -0.259 -5.036 -24.863 101.45 -0.886 29.815 58.479
2.765 -0.32 60.845 5.557 -5.218 -1.144 -2.366 56.846
2.817 -0.397 -5.036 -24.863 101.45 -1.438 29.428 57.894
2.867 -0.259 -5.036 -24.863 101.45 -1.14 29.637 58.923
2.917 -0.259 61.934 3.75 -3.465 -1.015 -1.75 57.374
2.969 -0.305 -5.036 -24.863 101.45 -1.165 29.62 58.39
3.019 -0.282 63.294 5.708 -5.153 -1.156 -2.355 56.835
3.071 -0.282 -5.036 -24.863 101.45 -1.148 29.631 57.848
3.122 -0.229 -5.036 -24.863 101.45 -0.997 29.737 58.838
3.173 -0.32 59.211 5.256 -5.073 -1.244 -2.393 57.307
3.225 -0.175 -5.036 -24.863 101.45 -0.884 29.816 58.299
3.276 -0.313 59.755 4.653 -4.453 -1.2 -2.176 56.813
3.327 -0.298 -5.036 -24.863 101.45 -1.304 29.522 57.789
3.377 -0.313 -5.036 -24.863 101.45 -1.355 29.486 58.738
3.429 -0.259 61.389 6.461 -6.008 -1.201 -2.643 57.241
3.481 -0.252 -5.036 -24.863 101.45 -1.136 29.64 58.195
3.531 -0.313 61.116 4.202 -3.933 -1.357 -2.13 56.765
3.582 -0.298 -5.036 -24.863 101.45 -1.38 29.469 57.714
3.632 -0.32 -5.036 -24.863 101.45 -1.46 29.413 58.638
3.682 -0.259 60.572 5.406 -5.1 -1.274 -2.422 57.2
3.733 -0.343 -5.036 -24.863 101.45 -1.539 29.358 58.121
3.782 -0.336 59.755 4.653 -4.453 -1.614 -2.466 56.711
3.833 -0.282 -5.036 -24.863 101.45 -1.417 29.443 57.64
3.884 -0.252 -5.036 -24.863 101.45 -1.261 29.552 58.552
3.935 -0.366 60.572 6.31 -5.947 -1.692 -2.968 57.115
3.992 -0.32 -5.036 -24.863 101.45 -1.643 29.285 58.021
4.043 -0.282 60.028 6.009 -5.716 -1.46 -2.737 56.617
4.099 -0.282 -5.036 -24.863 101.45 -1.438 29.428 57.53
4.149 -0.351 59.484 6.31 -6.055 -1.738 -3.033 56.13
4.200 -0.229 -5.036 -24.863 101.45 -1.313 29.516 57.051
4.251 -0.267 -5.036 -24.863 101.45 -1.364 29.48 57.95
4.302 -0.275 59.211 6.461 -6.227 -1.45 -2.883 56.559
4.354 -0.237 -5.036 -24.863 101.45 -1.307 29.52 57.465
4.404 -0.275 61.116 5.708 -5.336 -1.448 -2.614 56.109
4.455 -0.275 -5.036 -24.863 101.45 -1.5 29.385 57.014
4.505 -0.259 -5.036 -24.863 101.45 -1.442 29.426 57.903
4.555 -0.244 62.478 4.954 -4.534 -1.37 -2.319 56.569
4.607 -0.282 -5.036 -24.863 101.45 -1.543 29.355 57.46
4.656 -0.252 61.116 5.406 -5.055 -1.455 -2.535 56.128
4.707 -0.237 -5.036 -24.863 101.45 -1.368 29.477 57.027
4.757 -0.343 -5.036 -24.863 101.45 -1.869 29.127 57.898
4.807 -0.206 59.755 7.063 -6.741 -1.333 -2.955 56.537
4.858 -0.275 -5.036 -24.863 101.45 -1.542 29.356 57.42
4.908 -0.328 60.3 4.954 -4.697 -1.885 -2.729 56.1
4.959 -0.336 -5.036 -24.863 101.45 -1.994 29.039 56.981
5.010 -0.313 -5.036 -24.863 101.45 -1.904 29.102 57.849
5.064 -0.259 59.755 5.858 -5.599 -1.625 -2.817 56.517
5.118 -0.275 -5.036 -24.863 101.45 -1.666 29.269 57.394
5.169 -0.237 61.661 4.804 -4.455 -1.5 -2.386 56.098
5.221 -0.336 -5.036 -24.863 101.45 -1.991 29.041 56.973
5.271 -0.229 -5.036 -24.863 101.45 -1.543 29.355 57.844
5.320 -0.343 63.294 5.406 -4.882 -2.054 -2.902 56.527
5.371 -0.229 -5.036 -24.863 101.45 -1.573 29.334 57.403
5.421 -0.252 60.028 6.009 -5.716 -1.595 -2.831 56.088
5.472 -0.32 -5.036 -24.863 101.45 -2.003 29.033 56.96
5.522 -0.275 -5.036 -24.863 101.45 -1.839 29.148 57.822
5.572 -0.29 60.845 5.557 -5.218 -1.891 -2.889 56.51
5.623 -0.313 -5.036 -24.863 101.45 -2.05 29.0 57.373
5.673 -0.351 60.572 6.31 -5.947 -2.304 -3.397 56.049
5.726 -0.282 -5.036 -24.863 101.45 -1.966 29.059 56.922
5.776 -0.298 -5.036 -24.863 101.45 -2.003 29.033 57.778
5.826 -0.351 59.211 5.858 -5.65 -2.343 -3.335 56.456
5.877 -0.191 -5.036 -24.863 101.45 -1.474 29.403 57.33
5.927 -0.305 58.666 5.557 -5.411 -1.999 -3.023 56.028
5.978 -0.267 -5.036 -24.863 101.45 -1.901 29.104 56.899
6.028 -0.336 -5.036 -24.863 101.45 -2.292 28.831 57.748
6.077 -0.32 59.211 6.159 -5.938 -2.281 -3.378 56.43
6.129 -0.343 -5.036 -24.863 101.45 -2.422 28.74 57.284
6.178 -0.328 61.661 6.913 -6.397 -2.369 -3.577 55.964
6.229 -0.206 -5.036 -24.863 101.45 -1.611 29.307 56.84
6.278 -0.313 -5.036 -24.863 101.45 -2.171 28.915 57.69
6.328 -0.305 61.116 7.815 -7.287 -2.243 -3.756 56.351
6.379 -0.252 -5.036 -24.863 101.45 -1.913 29.096 57.215
6.429 -0.305 61.389 6.461 -6.008 -2.213 -3.351 55.91
6.480 -0.29 -5.036 -24.863 101.45 -2.184 28.906 56.775
6.530 -0.298 -5.036 -24.863 101.45 -2.236 28.87 57.626
6.579 -0.275 60.028 5.105 -4.861 -2.107 -2.933 56.343
6.645 -0.244 -5.036 -24.863 101.45 -1.896 29.108 57.206
6.695 -0.328 59.484 6.611 -6.342 -2.44 -3.611 55.895
6.747 -0.374 -5.036 -24.863 101.45 -2.851 28.439 56.75
6.798 -0.427 60.028 5.708 -5.432 -3.277 -3.923 55.454
6.851 -0.298 -5.036 -24.863 101.45 -2.469 28.707 56.324
6.901 -0.313 -5.036 -24.863 101.45 -2.458 28.714 57.179
6.950 -0.336 58.939 6.009 -5.821 -2.648 -3.6 55.88
7.001 -0.229 -5.036 -24.863 101.45 -1.939 29.078 56.75
7.050 -0.298 -5.036 -24.863 101.45 -2.33 28.804 57.599
7.099 -0.343 60.572 4.202 -3.968 -2.733 -3.104 56.33
7.150 -0.244 -5.036 -24.863 101.45 -2.088 28.973 57.191
7.200 -0.237 62.75 5.708 -5.198 -1.95 -2.924 55.917
7.251 -0.343 -5.036 -24.863 101.45 -2.724 28.528 56.773
7.300 -0.298 -5.036 -24.863 101.45 -2.518 28.672 57.621
7.350 -0.328 59.211 5.557 -5.362 -2.709 -3.505 56.327
7.401 -0.259 -5.036 -24.863 101.45 -2.245 28.864 57.185
7.450 -0.275 60.028 6.611 -6.285 -2.308 -3.501 55.887
7.502 -0.214 -5.036 -24.863 101.45 -1.88 29.119 56.757
7.551 -0.29 -5.036 -24.863 101.45 -2.404 28.752 57.605
7.601 -0.305 58.666 4.954 -4.827 -2.608 -3.274 56.326
7.652 -0.244 -5.036 -24.863 101.45 -2.172 28.915 57.185
7.702 -0.374 61.661 5.105 -4.733 -3.125 -3.607 55.908
7.753 -0.32 -5.036 -24.863 101.45 -2.855 28.436 56.765
7.803 -0.389 -5.036 -24.863 101.45 -3.355 28.086 57.601
7.853 -0.381 60.845 4.954 -4.655 -3.381 -3.763 56.318
7.906 -0.412 -5.036 -24.863 101.45 -3.638 27.888 57.158
7.955 -0.244 61.116 5.708 -5.336 -2.353 -3.248 55.884
8.006 -0.221 -5.036 -24.863 101.45 -2.013 29.026 56.751
8.055 -0.252 -5.036 -24.863 101.45 -2.251 28.859 57.602
8.104 -0.282 62.205 5.406 -4.967 -2.537 -3.266 56.324
8.155 -0.275 -5.036 -24.863 101.45 -2.525 28.668 57.179
8.204 -0.275 58.666 4.954 -4.827 -2.531 -3.22 55.912
8.255 -0.214 -5.036 -24.863 101.45 -2.042 29.006 56.78
8.304 -0.244 -5.036 -24.863 101.45 -2.24 28.867 57.631
8.353 -0.221 62.205 4.804 -4.416 -2.09 -2.788 56.371
8.404 -0.244 -5.036 -24.863 101.45 -2.272 28.845 57.229
8.454 -0.191 61.661 6.31 -5.843 -1.859 -3.054 55.951
8.505 -0.351 -5.036 -24.863 101.45 -3.176 28.212 56.803
8.555 -0.29 -5.036 -24.863 101.45 -2.832 28.453 57.649
8.605 -0.328 60.3 5.256 -4.982 -3.112 -3.673 56.367
8.656 -0.252 -5.036 -24.863 101.45 -2.509 28.679 57.223
8.706 -0.221 60.572 5.105 -4.817 -2.176 -2.968 55.962
8.757 -0.305 -5.036 -24.863 101.45 -2.892 28.411 56.819
8.807 -0.267 -5.036 -24.863 101.45 -2.656 28.576 57.667
8.856 -0.282 61.661 6.31 -5.843 -2.764 -3.688 56.373
8.907 -0.298 -5.036 -24.863 101.45 -2.936 28.38 57.223
8.958 -0.153 61.116 5.406 -5.055 -1.669 -2.685 55.966
9.009 -0.259 -5.036 -24.863 101.45 -2.486 28.695 56.828
9.059 -0.275 -5.036 -24.863 101.45 -2.75 28.51 57.674
9.109 -0.336 62.478 5.256 -4.809 -3.336 -3.778 56.395
9.160 -0.298 -5.036 -24.863 101.45 -3.066 28.289 57.245
9.209 -0.282 63.839 5.708 -5.109 -2.895 -3.559 55.973
9.260 -0.328 -5.036 -24.863 101.45 -3.319 28.112 56.827
9.309 -0.259 -5.036 -24.863 101.45 -2.739 28.518 57.674
9.358 -0.267 59.484 6.611 -6.342 -2.758 -3.833 56.372
9.409 -0.237 -5.036 -24.863 101.45 -2.497 28.687 57.229
9.459 -0.359 61.389 4.653 -4.334 -3.633 -3.843 55.964
9.514 -0.359 -5.036 -24.863 101.45 -3.775 27.792 56.814
9.565 -0.267 -5.036 -24.863 101.45 -2.913 28.396 57.661
9.615 -0.336 61.116 6.611 -6.174 -3.498 -4.301 56.355
9.667 -0.267 -5.036 -24.863 101.45 -2.917 28.393 57.208
9.717 -0.366 60.3 5.858 -5.549 -3.823 -4.341 55.919
9.769 -0.343 -5.036 -24.863 101.45 -3.717 27.833 56.77
9.821 -0.229 -5.036 -24.863 101.45 -2.592 28.621 57.622
9.873 -0.32 64.384 5.105 -4.533 -3.388 -3.732 56.351
9.928 -0.229 -5.036 -24.863 101.45 -2.594 28.619 57.208
9.977 -0.336 58.666 5.557 -5.411 -3.581 -4.13 55.925
10.028 -0.282 -5.036 -24.863 101.45 -3.164 28.22 56.783
10.077 -0.351 -5.036 -24.863 101.45 -3.819 27.762 57.621
10.127 -0.282 60.572 6.009 -5.665 -3.207 -3.944 56.331
10.179 -0.252 -5.036 -24.863 101.45 -2.847 28.442 57.187
10.229 -0.298 59.484 6.009 -5.768 -3.3 -4.04 55.901
10.280 -0.237 -5.036 -24.863 101.45 -2.734 28.521 56.764
10.330 -0.336 -5.036 -24.863 101.45 -3.708 27.839 57.604
10.379 -0.336 58.666 5.858 -5.702 -3.823 -4.387 56.309
10.430 -0.298 -5.036 -24.863 101.45 -3.444 28.024 57.159
10.479 -0.305 60.572 6.009 -5.665 -3.494 -4.145 55.875
10.530 -0.237 -5.036 -24.863 101.45 -2.801 28.474 56.739
10.579 -0.214 -5.036 -24.863 101.45 -2.501 28.684 57.592
10.629 -0.313 61.934 5.557 -5.127 -3.541 -4.017 56.311
10.680 -0.267 -5.036 -24.863 101.45 -3.165 28.22 57.165
10.730 -0.259 60.3 4.954 -4.697 -3.046 -3.541 55.906
10.781 -0.313 -5.036 -24.863 101.45 -3.633 27.892 56.761
10.831 -0.351 -5.036 -24.863 101.45 -4.115 27.554 57.599
10.880 -0.282 56.488 6.461 -6.525 -3.419 -4.351 56.294
10.931 -0.298 -5.036 -24.863 101.45 -3.539 27.958 57.144
10.980 -0.206 60.3 4.954 -4.697 -2.56 -3.201 55.891
11.031 -0.275 -5.036 -24.863 101.45 -3.24 28.167 56.751
11.080 -0.298 -5.036 -24.863 101.45 -3.577 27.931 57.595
11.130 -0.198 59.484 5.708 -5.481 -2.502 -3.396 56.32
11.181 -0.29 -5.036 -24.863 101.45 -3.44 28.027 57.171
11.231 -0.214 61.934 6.461 -5.956 -2.693 -3.672 55.892
11.282 -0.313 -5.036 -24.863 101.45 -3.745 27.813 56.748
11.332 -0.305 -5.036 -24.863 101.45 -3.769 27.797 57.591
11.381 -0.336 60.572 5.406 -5.1 -4.129 -4.42 56.309
11.433 -0.198 -5.036 -24.863 101.45 -2.6 28.615 57.17
11.483 -0.366 58.122 5.858 -5.755 -4.401 -4.807 55.878
11.534 -0.305 -5.036 -24.863 101.45 -3.884 27.716 56.735
11.584 -0.29 -5.036 -24.863 101.45 -3.664 27.87 57.58
11.634 -0.351 60.845 6.762 -6.342 -4.374 -4.964 56.271
11.685 -0.29 -5.036 -24.863 101.45 -3.74 27.817 57.123
11.735 -0.359 63.839 6.31 -5.645 -4.503 -4.846 55.835
11.786 -0.259 -5.036 -24.863 101.45 -3.412 28.047 56.697
11.835 -0.244 -5.036 -24.863 101.45 -3.147 28.232 57.547
11.885 -0.259 62.205 5.406 -4.967 -3.322 -3.815 56.277
11.937 -0.282 -5.036 -24.863 101.45 -3.625 27.898 57.13
11.987 -0.252 59.484 5.708 -5.481 -3.303 -3.956 55.856
12.038 -0.252 -5.036 -24.863 101.45 -3.286 28.135 56.719
12.088 -0.298 -5.036 -24.863 101.45 -3.854 27.737 57.564
12.137 -0.343 60.572 6.31 -5.947 -4.461 -4.907 56.264
12.188 -0.336 -5.036 -24.863 101.45 -4.438 27.328 57.111
12.237 -0.275 58.939 6.009 -5.821 -3.701 -4.337 55.829
12.288 -0.328 -5.036 -24.863 101.45 -4.305 27.422 56.684
12.337 -0.336 -5.036 -24.863 101.45 -4.473 27.304 57.524
12.387 -0.298 58.939 5.105 -4.95 -4.027 -4.304 56.25
12.438 -0.282 -5.036 -24.863 101.45 -3.806 27.771 57.103
12.488 -0.206 62.478 5.256 -4.809 -2.855 -3.441 55.848
12.539 -0.328 -5.036 -24.863 101.45 -4.319 27.412 56.703
12.588 -0.229 -5.036 -24.863 101.45 -3.211 28.187 57.555
12.637 -0.206 61.389 6.159 -5.729 -2.832 -3.701 56.275
12.688 -0.343 -5.036 -24.863 101.45 -4.558 27.244 57.122
12.737 -0.252 63.023 6.159 -5.582 -3.553 -4.162 55.846
12.788 -0.259 -5.036 -24.863 101.45 -3.564 27.94 56.709
12.838 -0.313 -5.036 -24.863 101.45 -4.277 27.441 57.552
12.888 -0.259 59.211 4.954 -4.783 -3.651 -3.991 56.285
12.939 -0.32 -5.036 -24.863 101.45 -4.399 27.356 57.134
12.989 -0.221 -5.036 -24.863 101.45 -3.191 28.201 57.98
13.038 -0.282 59.755 4.653 -4.453 -3.898 -4.065 56.71
13.089 -0.305 -5.036 -24.863 101.45 -4.274 27.443 57.554
13.138 -0.305 60.845 5.557 -5.218 -4.312 -4.584 56.272
13.189 -0.298 -5.036 -24.863 101.45 -4.235 27.47 57.123
13.238 -0.298 -5.036 -24.863 101.45 -4.243 27.465 57.961
13.289 -0.343 61.116 4.804 -4.494 -4.856 -4.747 56.683
13.340 -0.313 -5.036 -24.863 101.45 -4.518 27.272 57.525
13.389 -0.259 60.572 5.406 -5.1 -3.781 -4.177 56.252
13.440 -0.359 -5.036 -24.863 101.45 -5.084 26.876 57.096
13.489 -0.244 -5.036 -24.863 101.45 -3.65 27.88 57.939
13.538 -0.32 60.3 4.954 -4.697 -4.576 -4.612 56.66
13.589 -0.29 -5.036 -24.863 101.45 -4.261 27.452 57.505
13.638 -0.298 61.389 4.653 -4.334 -4.354 -4.348 56.242
13.689 -0.305 -5.036 -24.863 101.45 -4.473 27.304 57.091
13.738 -0.305 -5.036 -24.863 101.45 -4.495 27.288 57.928
13.787 -0.359 61.389 6.159 -5.729 -5.255 -5.397 56.624
13.838 -0.244 -5.036 -24.863 101.45 -3.735 27.82 57.474
13.888 -0.313 62.75 5.105 -4.651 -4.591 -4.609 56.204
13.939 -0.381 -5.036 -24.863 101.45 -5.624 26.498 57.045
13.988 -0.221 -5.036 -24.863 101.45 -3.472 28.005 57.892
14.037 -0.221 60.845 6.762 -6.342 -3.323 -4.229 56.591
14.088 -0.259 -5.036 -24.863 101.45 -3.87 27.726 57.44
14.137 -0.275 60.3 4.954 -4.697 -4.147 -4.312 56.174
14.188 -0.229 -5.036 -24.863 101.45 -3.524 27.968 57.033
14.237 -0.305 -5.036 -24.863 101.45 -4.571 27.235 57.871
14.286 -0.275 60.572 5.708 -5.383 -4.234 -4.579 56.584
14.337 -0.259 -5.036 -24.863 101.45 -3.988 27.643 57.433
14.387 -0.343 61.934 5.256 -4.851 -5.194 -5.091 56.156
14.438 -0.313 -5.036 -24.863 101.45 -4.862 27.032 57.007
14.488 -0.328 -5.036 -24.863 101.45 -5.065 26.89 57.842
14.537 -0.374 58.939 5.708 -5.532 -5.765 -5.695 56.541
14.588 -0.244 -5.036 -24.863 101.45 -3.933 27.682 57.393
14.637 -0.282 59.211 6.159 -5.938 -4.372 -4.842 56.102
14.688 -0.374 -5.036 -24.863 101.45 -5.775 26.392 56.946
14.737 -0.305 -5.036 -24.863 101.45 -4.869 27.027 57.784
14.787 -0.206 62.75 4.804 -4.378 -3.351 -3.659 56.526
14.838 -0.221 -5.036 -24.863 101.45 -3.485 27.996 57.381
14.888 -0.305 63.839 5.105 -4.572 -4.762 -4.705 56.114
14.939 -0.298 -5.036 -24.863 101.45 -4.757 27.105 56.967
14.989 -0.259 -5.036 -24.863 101.45 -4.18 27.509 57.811
15.038 -0.298 62.478 5.557 -5.083 -4.74 -4.843 56.528
15.089 -0.229 -5.036 -24.863 101.45 -3.753 27.808 57.382
15.139 -0.435 60.572 5.708 -5.383 -6.814 -6.385 56.085
15.190 -0.244 -5.036 -24.863 101.45 -4.141 27.536 56.944
15.240 -0.214 -5.036 -24.863 101.45 -3.505 27.982 57.793
15.290 -0.32 61.389 5.557 -5.172 -5.107 -5.126 56.507
15.341 -0.244 -5.036 -24.863 101.45 -4.063 27.591 57.359
15.391 -0.252 59.755 4.954 -4.739 -4.123 -4.308 56.096
15.442 -0.328 -5.036 -24.863 101.45 -5.317 26.713 56.946
15.492 -0.29 -5.036 -24.863 101.45 -4.821 27.06 57.787
15.541 -0.305 60.845 6.461 -6.061 -5.03 -5.339 56.484
15.592 -0.229 -5.036 -24.863 101.45 -3.876 27.722 57.339
15.641 -0.29 -5.036 -24.863 101.45 -4.765 27.1 58.173
15.691 -0.305 59.755 4.352 -4.166 -5.076 -4.803 56.903
15.742 -0.206 -5.036 -24.863 101.45 -3.548 27.951 57.753
15.792 -0.282 61.116 6.009 -5.615 -4.659 -4.946 56.462
15.843 -0.313 -5.036 -24.863 101.45 -5.241 26.766 57.308
15.893 -0.366 -5.036 -24.863 101.45 -6.13 26.144 58.134
15.942 -0.282 59.484 3.901 -3.752 -4.862 -4.529 56.874
15.993 -0.275 -5.036 -24.863 101.45 -4.68 27.159 57.717
16.042 -0.191 60.845 4.954 -4.655 -3.339 -3.734 56.455
16.093 -0.275 -5.036 -24.863 101.45 -4.617 27.203 57.305
16.142 -0.351 -5.036 -24.863 101.45 -5.941 26.276 58.132
16.192 -0.275 61.389 6.159 -5.729 -4.804 -5.082 56.834
16.243 -0.29 -5.036 -24.863 101.45 -4.985 26.946 57.675
16.293 -0.404 60.845 5.557 -5.218 -6.872 -6.376 56.38
16.344 -0.252 -5.036 -24.863 101.45 -4.523 27.269 57.233
16.394 -0.298 -5.036 -24.863 101.45 -5.137 26.839 58.067
16.443 -0.336 60.3 5.557 -5.265 -5.823 -5.656 56.772
16.494 -0.259 -5.036 -24.863 101.45 -4.608 27.209 57.617
16.543 -0.343 61.116 5.708 -5.336 -5.933 -5.754 56.327
16.594 -0.32 -5.036 -24.863 101.45 -5.653 26.478 57.173
16.643 -0.282 -5.036 -24.863 101.45 -5.013 26.926 58.01
16.693 -0.305 58.666 6.159 -5.993 -5.373 -5.559 56.704
16.744 -0.237 -5.036 -24.863 101.45 -4.273 27.444 57.553
16.794 -0.343 61.116 6.009 -5.615 -5.997 -5.882 56.258
16.845 -0.214 -5.036 -24.863 101.45 -3.948 27.671 57.117
16.895 -0.282 -5.036 -24.863 101.45 -4.978 26.95 57.955
16.944 -0.313 60.845 5.256 -4.937 -5.585 -5.391 56.671
16.995 -0.282 -5.036 -24.863 101.45 -5.106 26.861 57.516
17.044 -0.29 61.389 4.653 -4.334 -5.225 -4.958 56.253
17.095 -0.229 -5.036 -24.863 101.45 -4.205 27.492 57.11
17.144 -0.298 -5.036 -24.863 101.45 -5.338 26.698 57.947
17.194 -0.229 60.845 4.954 -4.655 -4.235 -4.361 56.677
17.245 -0.305 -5.036 -24.863 101.45 -5.489 26.593 57.52
17.295 -0.282 59.755 4.954 -4.739 -5.182 -5.049 56.25
17.346 -0.229 -5.036 -24.863 101.45 -4.254 27.457 57.108
17.396 -0.252 -5.036 -24.863 101.45 -4.613 27.206 57.949
17.445 -0.244 61.116 5.708 -5.336 -4.509 -4.757 56.665
17.497 -0.359 -5.036 -24.863 101.45 -6.525 25.868 57.502
17.547 -0.267 61.389 4.653 -4.334 -5.044 -4.831 56.243
17.600 -0.336 -5.036 -24.863 101.45 -6.181 26.108 57.089
17.649 -0.282 -5.036 -24.863 101.45 -5.313 26.716 57.927
17.698 -0.214 60.572 6.009 -5.665 -4.069 -4.548 56.64
17.749 -0.267 -5.036 -24.863 101.45 -4.953 26.968 57.488
17.798 -0.221 59.211 5.557 -5.362 -4.2 -4.549 56.213
17.849 -0.313 -5.036 -24.863 101.45 -5.808 26.369 57.063
17.899 -0.305 -5.036 -24.863 101.45 -5.772 26.395 57.9
17.948 -0.275 58.939 6.009 -5.821 -5.241 -5.415 56.603
17.999 -0.328 -5.036 -24.863 101.45 -6.179 26.11 57.445
18.048 -0.275 62.205 6.31 -5.792 -5.291 -5.441 56.156
18.100 -0.313 -5.036 -24.863 101.45 -5.94 26.277 57.006
18.149 -0.29 -5.036 -24.863 101.45 -5.576 26.532 57.846
18.199 -0.29 61.116 5.105 -4.775 -5.568 -5.33 56.569
18.250 -0.275 -5.036 -24.863 101.45 -5.309 26.719 57.417
18.300 -0.328 60.028 6.009 -5.716 -6.277 -6.109 56.125
18.351 -0.328 -5.036 -24.863 101.45 -6.347 25.992 56.974
18.401 -0.336 -5.036 -24.863 101.45 -6.511 25.877 57.808
18.451 -0.313 61.389 4.954 -4.614 -6.111 -5.662 56.533
18.502 -0.237 -5.036 -24.863 101.45 -4.698 27.146 57.386
18.554 -0.313 60.845 6.159 -5.78 -6.044 -5.965 56.094
18.607 -0.214 -5.036 -24.863 101.45 -4.295 27.428 56.956
18.659 -0.359 -5.036 -24.863 101.45 -6.913 25.596 57.789
18.710 -0.259 61.389 6.762 -6.286 -5.205 -5.529 56.487
18.764 -0.221 -5.036 -24.863 101.45 -4.406 27.351 57.342
18.815 -0.191 61.389 5.858 -5.451 -3.815 -4.306 56.071
18.867 -0.229 -5.036 -24.863 101.45 -4.512 27.277 56.933
18.919 -0.29 -5.036 -24.863 101.45 -5.716 26.434 57.774
18.969 -0.328 62.205 4.502 -4.139 -6.512 -5.8 56.508
19.020 -0.221 -5.036 -24.863 101.45 -4.531 27.263 57.363
19.070 -0.29 61.116 5.406 -5.055 -5.751 -5.542 56.089
19.123 -0.237 -5.036 -24.863 101.45 -4.822 27.06 56.949
19.174 -0.328 -5.036 -24.863 101.45 -6.526 25.867 57.786
19.224 -0.359 60.3 4.954 -4.697 -7.229 -6.469 56.505
19.276 -0.412 -5.036 -24.863 101.45 -8.301 24.624 57.339
19.329 -0.282 59.211 4.954 -4.783 -5.863 -5.539 56.072
19.381 -0.305 -5.036 -24.863 101.45 -6.193 26.1 56.924
19.432 -0.267 58.395 6.611 -6.459 -5.493 -5.783 55.632
19.484 -0.244 -5.036 -24.863 101.45 -5.021 26.92 56.499
19.534 -0.275 -5.036 -24.863 101.45 -5.616 26.504 57.349
19.585 -0.313 60.3 7.063 -6.681 -6.405 -6.488 56.041
19.636 -0.244 -5.036 -24.863 101.45 -5.104 26.862 56.901
19.686 -0.275 62.478 5.557 -5.083 -5.658 -5.486 55.637
19.738 -0.252 -5.036 -24.863 101.45 -5.249 26.761 56.503
19.788 -0.282 -5.036 -24.863 101.45 -5.832 26.353 57.352
19.838 -0.275 60.028 4.502 -4.289 -5.737 -5.303 56.097
19.889 -0.351 -5.036 -24.863 101.45 -7.256 25.356 56.945
19.938 -0.298 61.934 5.858 -5.403 -6.293 -6.026 55.671
19.989 -0.32 -5.036 -24.863 101.45 -6.694 25.749 56.529
20.039 -0.229 -5.036 -24.863 101.45 -4.909 26.999 57.384
20.089 -0.282 62.205 6.611 -6.066 -5.894 -5.946 56.092
20.141 -0.32 -5.036 -24.863 101.45 -6.727 25.726 56.944
20.191 -0.259 61.389 4.653 -4.334 -5.549 -5.184 55.696
20.242 -0.32 -5.036 -24.863 101.45 -6.736 25.72 56.554
20.292 -0.282 -5.036 -24.863 101.45 -6.042 26.206 57.403
20.342 -0.175 60.845 5.557 -5.218 -3.842 -4.255 56.14
20.394 -0.328 -5.036 -24.863 101.45 -6.864 25.63 56.99
20.444 -0.282 60.3 5.557 -5.265 -6.093 -5.845 55.72
20.495 -0.259 -5.036 -24.863 101.45 -5.59 26.522 56.585
20.544 -0.229 -5.036 -24.863 101.45 -4.964 26.96 57.44
20.594 -0.267 59.755 6.461 -6.171 -5.728 -5.861 56.147
20.645 -0.305 -5.036 -24.863 101.45 -6.564 25.84 57.0
20.695 -0.221 -5.036 -24.863 101.45 -4.879 27.02 57.849
