time gyroz magX magY yaw_mag yaw_gyro yaw_cf yaw_kf
0.391 -0.206 60.03 5.41 -5.15 -0.081 -3.883 -5.188
0.394 0.526 62.48 6.16 -5.631 0.001 -4.223 -5.366
0.397 1.091 62.48 5.86 -5.358 0.959 -3.779 -5.293
0.399 -0.023 61.12 6.31 -5.894 1.082 -4.15 -5.41
0.403 -0.145 63.29 5.11 -4.616 -0.081 -3.482 -5.249
0.405 -0.237 61.93 5.26 -4.855 -0.241 -3.702 -5.19
0.408 -0.183 59.76 5.26 -5.03 -0.312 -3.85 -5.174
0.412 -0.29 61.39 6.46 -6.007 -0.302 -4.581 -5.295
0.415 -0.175 62.75 5.11 -4.656 -0.363 -3.583 -5.24
0.419 -0.237 63.29 6.01 -5.425 -0.274 -4.137 -5.28
0.421 -0.221 61.12 6.61 -6.172 -0.33 -4.711 -5.384
0.428 -0.237 61.12 6.01 -5.616 -0.322 -4.292 -5.429
0.432 -0.198 59.21 5.86 -5.652 -0.323 -4.32 -5.471
0.436 -0.198 61.66 5.71 -5.291 -0.284 -4.039 -5.483
0.440 -0.252 63.57 4.95 -4.452 -0.309 -3.416 -5.445
0.444 -0.259 62.75 4.8 -4.374 -0.367 -3.372 -5.41
0.449 -0.191 61.39 6.46 -6.007 -0.345 -4.592 -5.473
0.454 -0.214 63.02 5.26 -4.771 -0.288 -3.65 -5.462
0.458 -0.282 62.21 6.61 -6.065 -0.343 -4.634 -5.531
0.462 -0.267 63.02 5.26 -4.771 -0.405 -3.679 -5.528
0.466 -0.275 62.48 7.06 -6.447 -0.395 -4.934 -5.61
0.471 -0.214 60.57 5.71 -5.385 -0.376 -4.133 -5.631
0.473 -0.313 63.57 5.56 -4.999 -0.362 -3.84 -5.644
0.475 -0.221 61.93 6.46 -5.955 -0.418 -4.571 -5.69
0.480 -0.168 64.11 6.46 -5.754 -0.302 -4.391 -5.719
0.484 1.785 60.84 4.95 -4.651 0.696 -3.314 -5.491
0.489 -19.302 64.11 5.56 -4.957 -7.654 -5.631 -7.562
0.494 -64.125 72.55 6.61 -5.206 -50.98 -16.65 -14.62
0.501 -78.903 77.72 10.68 -7.824 -103.655 -31.782 -23.591
0.505 -93.246 82.08 13.69 -9.469 -125.992 -38.6 -34.353
0.510 -98.152 91.61 15.35 -9.512 -143.304 -42.96 -45.759
0.514 -112.976 107.12 16.4 -8.704 -156.222 -45.584 -58.826
0.518 -81.367 110.39 14.59 -7.529 -155.124 -44.428 -68.298
0.521 -59.83 113.39 11.13 -5.606 -112.538 -32.339 -75.111
0.524 -45.601 119.37 8.72 -4.178 -83.725 -24.065 -80.035
0.528 -5.836 124.0 8.87 -4.092 -48.682 -15.24 -80.178
0.532 -4.623 124.82 9.32 -4.27 -8.295 -5.276 -79.87
0.535 14.008 128.09 9.02 -4.028 2.871 -2.303 -77.173
0.538 -7.675 125.09 9.47 -4.329 9.879 -0.777 -76.76
0.542 1.884 120.74 9.77 -4.626 -6.654 -5.133 -75.156
0.546 9.346 117.2 9.62 -4.692 6.987 -1.772 -72.599
0.548 49.324 117.47 9.17 -4.464 36.376 5.746 -65.308
0.553 129.616 117.2 12.03 -5.861 121.002 25.855 -48.548
0.558 75.966 108.21 18.21 -9.552 172.005 35.837 -37.871
0.563 52.2 99.77 18.66 -10.594 105.355 18.393 -30.009
0.568 12.535 97.87 20.62 -11.898 59.32 5.906 -26.958
0.573 27.359 94.06 17.91 -10.781 28.212 -1.033 -22.366
0.578 132.698 81.53 17.91 -12.39 104.058 16.722 -5.562
0.580 42.839 69.28 13.54 -11.058 157.545 31.093 0.799
0.583 -0.153 66.56 14.74 -12.487 42.75 1.322 1.825
0.585 15.854 61.39 12.18 -11.222 9.122 -6.136 4.476
0.590 -9.186 61.93 11.88 -10.859 10.434 -5.536 3.967
0.594 -0.58 61.12 12.63 -11.675 -9.531 -11.139 4.23
0.596 -0.175 61.39 14.29 -13.104 -0.684 -9.999 4.352
0.599 -0.13 61.66 13.24 -12.119 -0.253 -9.152 4.387
0.603 -0.206 60.3 13.39 -12.52 -0.254 -9.454 4.312
0.605 -0.16 61.39 12.18 -11.222 -0.303 -8.492 4.204
0.609 -0.214 61.93 13.09 -11.935 -0.29 -9.024 4.018
0.612 -0.191 62.48 13.39 -12.096 -0.331 -9.155 3.79
0.618 -0.221 60.57 13.24 -12.33 -0.328 -9.33 3.523
0.621 -0.252 60.03 13.54 -12.711 -0.377 -9.628 3.221
0.625 -0.244 62.21 12.94 -11.75 -0.404 -8.914 2.927
0.628 -0.16 62.75 12.94 -11.652 -0.344 -8.825 2.635
0.630 -0.221 61.12 13.24 -12.223 -0.299 -9.242 2.316
