time gyroz magX magY yaw_mag yaw_gyro yaw_cf yaw_kf
0.321 -0.237 31.053 9.145 106.41 -0.237 106.502
0.492 2.792 30.869 10.223 108.324 0.218 107.444
0.663 1.801 30.315 8.604 105.845 0.611 107.114
0.834 0.824 29.853 11.571 111.186 0.836 108.202
1.004 0.084 30.684 11.302 110.221 0.913 108.667
1.175 -0.244 31.237 9.145 106.318 0.899 108.336
1.346 1.427 31.145 10.493 108.619 1.0 108.523
1.515 -2.098 31.607 12.38 111.39 0.944 108.785
1.684 -0.374 30.776 8.874 106.084 0.735 108.497
1.858 -1.9 30.222 11.032 110.054 0.537 108.541
2.027 -0.648 30.592 8.874 106.176 0.322 108.291
2.196 -0.87 30.684 8.604 105.664 0.193 108.014
2.365 0.038 30.684 8.065 104.727 0.123 107.762
2.534 0.824 30.592 9.413 107.103 0.196 107.774
2.705 2.235 30.038 9.413 107.399 0.457 107.919
2.877 -0.412 31.33 10.493 108.517 0.614 107.94
3.047 0.008 30.407 11.032 109.941 0.58 108.072
3.219 -0.679 30.592 9.413 107.103 0.522 107.975
3.389 0.435 30.961 9.952 107.819 0.501 108.006
3.560 0.237 29.577 9.145 107.181 0.559 107.991
3.731 -0.504 29.485 9.952 108.651 0.536 107.991
3.901 0.191 30.776 10.493 108.827 0.509 108.051
4.071 -0.183 30.684 10.223 108.427 0.51 108.059
4.242 0.519 30.222 8.335 105.418 0.539 107.991
4.412 0.664 30.592 7.795 104.295 0.639 107.896
4.582 -0.168 29.853 12.651 112.966 0.681 108.097
4.753 -0.023 30.315 9.684 107.716 0.665 108.087
4.923 -0.801 31.237 10.762 109.01 0.595 108.061
5.093 -0.069 30.315 9.145 106.787 0.521 108.01
5.264 0.031 30.407 8.335 105.329 0.518 107.918
5.435 -0.443 30.315 10.223 108.635 0.483 107.906
5.606 0.519 30.961 12.112 111.366 0.489 108.072
5.777 0.359 31.053 9.684 107.32 0.564 108.081
5.947 0.076 31.145 8.335 104.982 0.601 107.989
6.118 0.183 30.684 10.762 109.328 0.623 108.052
6.289 -0.725 30.5 9.145 106.691 0.577 107.947
6.459 0.801 30.684 8.065 104.727 0.583 107.922
6.630 0.076 31.053 10.223 108.222 0.658 107.941
6.800 0.404 30.407 8.874 106.269 0.699 107.932
6.970 -0.015 30.13 10.762 109.656 0.732 107.986
7.141 -0.992 31.422 11.302 109.783 0.646 107.948
7.312 0.366 31.145 11.032 109.505 0.593 108.027
7.482 0.511 30.684 10.762 109.328 0.667 108.114
7.654 -0.542 31.237 8.604 105.4 0.665 107.991
7.825 0.519 30.869 9.684 107.417 0.663 108.027
7.996 0.748 30.961 8.874 105.993 0.771 108.048
8.168 -0.023 31.145 8.335 104.982 0.833 107.969
8.341 -0.648 30.038 9.413 107.399 0.775 107.895
8.512 -0.557 30.684 8.065 104.727 0.672 107.76
8.684 -0.359 30.684 9.145 106.596 0.593 107.694
8.855 0.137 30.592 9.952 108.02 0.574 107.715
9.026 -0.572 30.5 9.684 107.615 0.537 107.654
9.197 0.107 30.038 11.032 110.167 0.498 107.724
9.368 0.038 30.776 11.571 110.605 0.51 107.797
9.539 -0.778 30.407 11.571 110.834 0.447 107.79
9.710 -0.175 31.237 7.526 103.546 0.365 107.667
9.880 -0.366 31.145 7.795 104.051 0.319 107.539
10.050 -0.107 30.5 10.223 108.53 0.279 107.547
10.221 1.106 31.145 10.493 108.619 0.364 107.68
10.392 -0.206 30.407 8.874 106.269 0.441 107.625
10.562 0.534 30.038 11.032 110.167 0.469 107.737
10.733 -0.351 30.5 10.762 109.436 0.485 107.74
10.904 0.839 30.684 9.145 106.596 0.527 107.8
11.075 -0.038 30.407 9.413 107.201 0.595 107.784
11.246 0.061 30.315 9.145 106.787 0.597 107.768
11.417 -1.198 31.33 8.335 104.898 0.5 107.58
11.587 0.496 29.946 11.841 111.574 0.44 107.719
