time gyroz magX magY yaw_mag yaw_gyro yaw_cf yaw_kf
0.211 -0.198 -19.016 -19.025 134.986 -0.24 40.328 -30.136
0.510 -1.091 22.467 22.224 -44.688 -1.647 -14.559 -31.52
0.813 -0.42 -19.016 -19.025 134.986 -0.761 39.963 -17.446
1.125 -10.895 23.463 21.838 -42.946 -23.152 -29.09 -19.511
1.430 -9.155 -19.016 -19.025 134.986 -22.247 24.923 -8.137
1.736 -18.425 -19.016 -19.025 134.986 -50.411 5.208 1.325
2.036 -19.005 22.965 24.536 -46.894 -57.699 -54.457 -1.847
2.347 -58.418 -19.016 -19.025 134.986 -15.525 29.628 6.136
2.655 -100.647 27.777 26.078 -43.193 172.135 107.537 2.983
2.960 -90.279 -19.016 -19.025 134.986 -177.505 -83.758 9.649
3.265 -4.86 34.746 24.73 -35.441 -20.728 -25.142 7.04
3.573 5.508 -19.016 -19.025 134.986 25.188 58.127 13.389
3.874 55.862 -19.016 -19.025 134.986 92.271 105.086 19.283
4.183 67.497 36.571 28.199 -37.635 169.837 107.595 17.202
4.492 68.863 -19.016 -19.025 134.986 -161.804 -72.767 23.533
4.796 64.171 29.104 26.078 -41.861 -168.065 -130.204 22.207
5.102 33.195 -19.016 -19.025 134.986 22.556 56.285 27.035
5.405 20.218 24.624 22.609 -42.557 129.496 77.88 25.025
5.711 -1.755 -19.016 -19.025 134.986 -11.778 32.251 29.355
6.018 -27.336 -19.016 -19.025 134.986 -11.844 32.205 33.177
6.322 -34.63 20.476 23.38 -48.788 -73.561 -66.129 30.211
6.630 -56.404 -19.016 -19.025 134.986 109.637 117.242 33.074
6.937 -28.519 25.122 25.693 -45.644 -46.355 -46.142 30.435
7.245 -51.941 -19.016 -19.025 134.986 111.746 118.718 33.527
7.552 -32.082 -19.016 -19.025 134.986 -94.365 -25.56 36.524
7.856 -30.136 28.938 26.271 -42.234 -86.884 -73.489 33.305
8.163 -4.372 -19.016 -19.025 134.986 -40.061 12.453 36.388
8.468 0.45 31.427 25.886 -39.478 4.261 -8.861 34.166
8.775 -17.38 -19.016 -19.025 134.986 -169.889 -78.426 36.945
9.083 41.153 33.419 25.693 -37.554 -125.054 -98.804 35.036
9.388 59.319 -19.016 -19.025 134.986 76.206 93.84 38.721
9.688 63.957 -19.016 -19.025 134.986 143.572 140.996 43.049
9.989 36.171 27.113 25.693 -43.46 -142.517 -112.8 41.262
10.295 28.793 -19.016 -19.025 134.986 145.217 142.148 45.454
10.595 26.978 21.969 23.573 -47.017 132.81 78.862 45.048
10.896 17.723 -19.016 -19.025 134.986 30.833 62.079 48.068
11.197 -6.805 -19.016 -19.025 134.986 -83.001 -17.605 50.521
11.504 -7.225 22.467 23.766 -46.609 -90.341 -77.221 48.093
11.808 -44.739 -19.016 -19.025 134.986 -33.017 17.384 50.075
12.108 -57.693 22.467 24.536 -47.52 143.76 86.376 46.555
12.415 -65.788 -19.016 -19.025 134.986 17.454 52.714 47.412
12.714 -57.907 -19.016 -19.025 134.986 105.863 114.6 48.312
13.014 -39.848 31.261 26.465 -40.251 -18.43 -24.976 45.695
13.317 -3.014 -19.016 -19.025 134.986 -43.151 10.29 47.941
13.624 -3.952 -19.016 -19.025 134.986 -57.794 0.04 49.96
13.925 37.476 35.576 25.693 -35.837 19.329 2.779 48.431
14.232 52.498 -19.016 -19.025 134.986 -100.35 -29.749 51.575
14.535 59.441 33.419 26.85 -38.78 23.416 4.757 51.761
14.837 57.442 -19.016 -19.025 134.986 9.709 47.292 56.148
15.139 47.157 -19.016 -19.025 134.986 -138.933 -56.757 60.32
15.441 38.071 26.615 24.73 -42.897 85.925 47.278 59.747
15.742 3.265 -19.016 -19.025 134.986 54.663 78.76 61.869
16.043 -42.206 22.965 22.801 -44.795 -179.317 -138.96 59.629
16.345 -0.298 -19.016 -19.025 134.986 -5.169 36.878 61.671
16.650 28.992 -19.016 -19.025 134.986 -28.291 20.692 64.055
16.957 2.975 23.794 22.995 -44.022 53.422 24.189 62.265
17.263 -3.265 -19.016 -19.025 134.986 -59.629 -1.245 63.98
17.568 -0.313 23.463 22.801 -44.18 -5.812 -17.322 57.929
17.874 -0.267 -19.016 -19.025 134.986 -5.039 36.968 55.156
18.180 -0.267 22.965 23.573 -45.749 -5.121 -17.309 51.84
18.488 -0.259 -19.016 -19.025 134.986 -5.047 36.963 52.622
18.795 -0.275 -19.016 -19.025 134.986 -5.444 36.685 53.303
19.099 -0.259 24.292 22.031 -42.206 -5.206 -16.306 51.557
19.406 -0.168 -19.016 -19.025 134.986 -3.428 38.096 52.64
19.710 -0.351 23.628 22.609 -43.737 -7.269 -18.209 50.948
20.013 -0.267 -19.016 -19.025 134.986 -5.61 36.569 51.941
20.313 -0.221 23.296 23.188 -44.867 -4.71 -16.757 50.455
20.625 -0.214 -19.016 -19.025 134.986 -4.628 37.256 51.539
20.927 -0.282 -19.016 -19.025 134.986 -6.183 36.168 52.588
21.232 -0.328 23.463 23.958 -45.598 -7.292 -18.784 51.15
21.541 -0.275 -19.016 -19.025 134.986 -6.199 36.156 52.216
21.847 -0.298 23.794 22.609 -43.537 -6.808 -17.827 50.821
22.157 -0.214 -19.016 -19.025 134.986 -4.956 37.027 51.883
22.469 -0.29 23.296 22.416 -43.897 -6.806 -17.933 50.445
22.772 -0.244 -19.016 -19.025 134.986 -5.8 36.436 51.463
23.073 -0.145 -19.016 -19.025 134.986 -3.491 38.052 52.502
23.379 -0.214 22.633 22.801 -45.212 -5.217 -17.216 51.233
23.681 -0.244 -19.016 -19.025 134.986 -6.022 36.28 52.236
23.986 -0.29 23.463 22.031 -43.197 -7.246 -18.031 50.998
