time gyroz magX magY yaw_mag yaw_gyro yaw_cf yaw_kf
0.324 -0.237 20.335 17.905 -41.364 -42.347 -41.583
0.501 -1.427 20.335 17.522 -40.75 -42.333 -41.291
0.676 -0.023 20.335 17.522 -40.75 -42.284 -41.164
0.853 -0.13 20.671 18.671 -42.09 -42.24 -41.42
1.026 -0.29 20.671 19.054 -42.669 -42.205 -41.703
1.200 -0.328 18.15 18.479 -45.515 -42.175 -42.362
1.375 -0.229 19.831 18.863 -43.567 -42.141 -42.57
1.555 -0.229 18.99 19.054 -45.096 -42.109 -42.918
1.731 -0.221 19.495 17.714 -42.26 -42.078 -42.885
1.908 -0.229 19.999 19.82 -44.742 -42.05 -43.106
2.084 -0.275 19.663 18.671 -43.518 -42.029 -43.185
2.262 -0.214 21.175 17.33 -39.298 -42.003 -42.9
2.437 -0.069 20.167 19.246 -43.661 -41.961 -42.984
2.615 1.656 21.343 17.522 -39.385 -41.694 -42.622
2.790 -0.679 21.511 18.096 -40.072 -41.739 -42.509
2.967 -7.706 21.175 17.33 -39.298 -42.832 -42.902
3.141 -29.716 20.839 16.947 -39.119 -47.449 -45.007
3.317 -45.647 18.99 19.82 -46.225 -54.97 -48.816
3.497 -54.176 17.814 21.16 -49.907 -64.393 -53.532
3.688 -51.88 18.486 21.16 -48.859 -73.91 -58.039
3.876 -54.733 20.503 21.927 -46.922 -84.467 -62.702
4.066 -47.852 21.007 24.799 -49.732 -94.145 -66.971
4.245 -50.896 25.713 25.182 -44.402 -104.898 -71.246
4.426 -51.048 24.032 26.714 -48.025 -116.145 -75.713
4.603 -41.992 25.881 28.437 -47.694 -125.759 -79.416
4.784 -36.179 31.091 29.395 -43.394 -134.363 -82.441
4.967 -20.782 31.259 29.97 -43.794 -139.474 -84.162
5.157 2.579 30.755 31.693 -45.861 -138.759 -83.925
5.344 4.776 31.595 34.566 -47.571 -137.433 -83.482
5.531 20.134 31.427 32.842 -46.261 -131.815 -81.579
5.718 50.491 30.755 28.629 -42.95 -117.33 -76.806
5.901 58.884 30.251 26.905 -41.65 -99.906 -71.13
6.078 58.434 27.73 27.863 -45.137 -82.098 -65.505
6.258 52.765 25.881 27.289 -46.517 -65.538 -60.342
6.441 55.244 22.352 23.267 -46.149 -47.697 -54.874
6.626 50.148 21.511 21.543 -45.043 -31.033 -49.78
6.815 42.763 21.175 21.543 -45.494 -16.412 -45.345
7.005 38.803 21.68 20.969 -44.045 -2.771 -41.219
7.186 34.599 19.326 19.054 -44.594 9.71 -37.503
7.360 28.976 21.175 18.863 -41.695 20.423 -34.241
7.533 29.175 20.167 18.096 -41.902 31.462 -30.993
7.709 6.332 21.343 15.223 -35.499 33.953 -29.763
7.882 -5.081 22.016 16.756 -37.274 32.001 -29.739
8.057 -26.649 21.007 17.905 -40.442 21.315 -31.947
8.230 -30.754 19.999 18.288 -42.441 8.71 -34.694
8.404 -47.081 18.318 18.288 -44.953 -11.023 -39.172
8.584 -61.981 19.326 20.586 -46.808 -37.575 -45.237
8.775 -71.243 21.343 21.735 -45.521 -68.783 -52.257
8.955 -68.352 25.545 26.905 -46.485 -99.338 -59.092
9.145 -66.727 26.889 26.522 -44.606 -129.799 -65.77
9.323 -60.913 30.082 27.863 -42.807 -158.144 -71.86
9.502 -25.063 31.763 28.246 -41.646 -170.001 -74.355
9.680 -4.982 31.595 28.437 -41.989 -172.362 -74.817
9.859 2.708 31.931 28.437 -41.688 -170.977 -74.45
10.035 9.148 33.276 28.821 -40.896 -166.337 -73.364
10.213 20.576 31.595 29.203 -42.747 -155.78 -71.114
10.389 47.379 31.427 28.246 -41.949 -131.119 -66.06
10.567 68.497 29.579 26.522 -41.881 -94.879 -58.779
10.743 64.011 24.873 25.373 -45.57 -60.445 -51.977
10.942 56.29 22.688 23.65 -46.189 -29.599 -45.934
11.129 46.997 19.495 23.076 -49.808 -3.398 -40.907
11.330 37.75 20.335 20.969 -45.879 18.037 -36.734
11.509 43.381 19.495 18.096 -42.869 43.051 -31.913
11.684 32.318 22.016 17.905 -39.12 61.981 -28.168
11.856 14.626 22.352 19.82 -41.564 70.701 -26.349
12.029 -1.06 23.36 16.756 -35.652 70.113 -26.078
12.211 -15.366 23.024 16.756 -36.046 60.781 -27.366
12.385 -25.04 21.175 16.565 -38.036 45.325 -29.771
12.556 -0.084 19.495 19.246 -44.632 45.322 -29.746
12.739 9.445 19.495 18.096 -42.869 51.388 -28.702
12.911 7.233 20.167 16.182 -38.744 56.107 -27.82
13.085 4.562 20.671 18.288 -41.5 59.142 -27.304
13.263 -0.465 21.511 18.096 -40.072 58.884 -27.311
13.439 -0.252 21.68 17.905 -39.552 58.765 -27.308
13.614 -0.366 18.654 19.054 -45.608 58.566 -27.469
13.791 -0.275 21.175 19.628 -42.829 58.426 -27.578
13.966 -0.229 19.831 18.863 -43.567 58.316 -27.713
14.143 -0.29 20.671 17.139 -39.663 58.161 -27.785
14.319 -0.267 19.999 17.522 -41.223 58.02 -27.902
14.496 -0.298 19.999 17.139 -40.596 57.854 -28.021
14.671 -0.244 20.839 18.479 -41.565 57.725 -28.166
14.849 -0.275 20.503 17.714 -40.826 57.571 -28.308
15.027 -0.252 21.175 16.947 -38.671 57.432 -28.411
15.204 -0.275 22.016 18.288 -39.715 57.273 -28.547
15.379 -0.336 20.503 17.33 -40.206 57.065 -28.707
15.554 -0.343 19.495 17.714 -42.26 56.848 -28.916
15.728 -0.267 20.671 17.905 -40.899 56.688 -29.094
15.904 -0.198 21.007 17.522 -39.832 56.581 -29.246
16.078 -0.259 21.343 17.905 -39.994 56.423 -29.412
