time,s Volts,V  gyroz magX magY yaw_rm yaw_rg yaw_cf yaw_kf
F R 0.0 7.73 2063.9 0.129 -0.212 -0.565 0.26 16.24 56.51 53.76 
F R 0.24 7.64 362.93 -0.083 -0.247 0.206 -1.82 15.3 57.82 55.14 
F R 0.48 7.62 319.02 -0.072 -0.223 0.267 2.08 15.46 56.41 54.76 
F R 0.72 7.6 338.05 0.156 -0.193 -0.305 -0.52 16.08 56.51 54.47 
F R 0.959 7.61 335.98 0.349 -0.118 -0.298 -0.52 14.83 56.94 54.42 
F R 1.199 7.64 316.95 0.193 -0.237 0.145 1.56 15.77 56.56 54.33 
F R 1.442 7.65 469.02 0.03 -0.182 -0.328 -2.08 13.58 56.46 54.4 
F R 1.682 7.64 345.0 0.294 -0.177 0.313 0.52 14.83 56.51 54.47 
F R 1.923 7.65 420.0 0.137 -0.202 -0.656 0.52 14.52 56.64 54.05 
F R 2.162 7.64 296.95 0.022 -0.268 0.069 0.26 14.68 56.9 54.44 
F R 2.401 7.64 326.95 0.275 -0.168 -0.313 1.04 15.46 56.95 98.54 
F R 2.644 7.65 350.98 0.272 -0.123 0.175 0.26 14.99 56.54 53.77 
F R 2.885 7.6 268.05 0.037 -0.241 -0.648 -0.26 15.3 56.57 8.3 
F R 3.137 7.67 304.02 -0.003 -0.277 -0.221 0.26 15.61 56.56 54.44 
F R 3.378 7.58 380.98 0.127 -0.213 0.031 0.26 16.24 56.55 54.39 
F R 3.618 7.66 335.0 0.142 -0.243 0.183 0.52 14.21 56.94 43.5 
F R 3.862 7.62 318.05 0.167 -0.225 -0.404 -1.82 14.36 56.88 40.01 
F R 4.107 7.65 424.02 0.108 -0.185 0.053 1.3 14.36 56.96 93.03 
F R 4.351 7.58 391.95 -0.085 -0.275 -0.206 1.56 14.83 56.54 38.66 
F R 4.596 7.64 446.95 0.038 -0.268 -0.717 1.56 16.08 57.06 53.96 
F R 4.837 7.62 300.0 0.124 -0.164 -0.031 0.78 14.99 56.51 54.08 
F R 5.078 7.63 271.95 0.286 -0.149 -0.114 0.26 13.74 56.95 56.21 
F R 5.319 7.64 259.02 0.054 -0.262 0.572 0.26 14.99 56.47 54.38 
F R 5.56 7.64 370.98 0.023 -0.2 -0.793 0.26 14.68 56.57 52.23 
F R 5.805 7.58 396.95 0.202 -0.186 -0.206 2.34 14.36 56.91 54.31 
F R 6.046 7.65 390.0 0.137 -0.262 0.153 1.56 16.08 57.06 54.43 
F R 6.287 7.66 365.0 0.056 -0.203 -0.595 0.0 15.77 56.46 53.9 
F R 6.528 7.6 467.93 0.279 -0.15 -0.61 -0.52 15.77 56.02 54.46 
F R 6.774 7.65 303.05 0.031 -0.247 -0.069 0.52 14.83 56.75 54.5 
F R 7.014 7.6 266.95 0.185 -0.181 0.679 -0.52 13.9 56.53 54.47 
F R 7.254 7.59 361.95 0.224 -0.195 -0.465 -0.78 14.05 56.52 54.35 
F R 7.493 7.62 387.93 -0.005 -0.274 0.206 -2.08 15.14 56.96 97.59 
F R 7.736 7.64 362.93 0.278 -0.187 -0.984 1.82 15.3 57.03 54.34 
F R 7.976 7.58 256.95 0.009 -0.221 -0.175 0.0 13.58 57.04 100.2 
F R 8.219 7.63 381.95 0.359 -0.115 -0.122 1.3 15.3 57.04 69.43 
F R 8.463 7.62 281.95 0.098 -0.182 -0.076 -1.04 14.83 57.01 100.83 
F R 8.706 7.66 341.95 0.148 -0.235 0.084 0.26 15.61 57.02 53.85 
F R 8.946 7.65 380.0 0.266 -0.129 -0.626 0.78 14.68 56.94 77.19 
F R 9.191 7.6 514.02 0.0 -0.26 -0.336 2.34 14.36 57.04 53.93 
F R 9.431 7.61 422.93 0.341 -0.136 -0.717 0.26 14.36 57.33 54.44 
F R 9.671 7.61 379.02 -0.082 -0.228 -0.923 0.78 14.99 56.54 74.61 
F R 9.915 7.63 446.95 0.143 -0.218 0.282 1.56 15.14 56.56 54.4 
F R 10.157 7.67 350.0 0.297 -0.205 0.122 -0.26 14.68 56.59 50.78 
F R 10.409 7.63 280.98 0.223 -0.162 -0.961 0.26 14.36 56.53 93.51 
F R 10.652 7.62 298.05 -0.063 -0.217 0.084 0.0 14.52 57.01 54.42 
F R 10.892 7.65 439.02 0.005 -0.23 0.069 -1.04 14.52 56.52 53.97 
F R 11.132 7.64 285.0 0.24 -0.171 -0.664 -1.04 14.21 56.51 54.42 
F R 11.372 7.6 325.98 0.224 -0.119 -0.458 0.52 15.14 57.02 99.53 
F R 11.615 7.66 365.0 0.036 -0.175 -0.389 1.04 13.9 56.89 54.18 
F R 11.855 7.57 293.05 -0.028 -0.242 0.221 1.04 15.46 56.54 54.29 
F R 12.095 7.66 350.98 0.094 -0.208 -0.786 1.04 13.58 57.0 54.33 
F R 12.335 7.62 507.93 0.297 -0.147 0.549 0.52 13.9 56.98 54.38 
F R 12.576 7.65 371.95 0.346 -0.132 0.023 0.26 14.05 56.51 54.35 
F R 12.816 7.65 502.93 0.217 -0.183 -0.526 0.26 14.68 56.99 48.98 
F R 13.056 7.58 270.0 0.039 -0.239 -0.404 -0.78 14.36 57.06 54.51 
F R 13.296 7.61 313.05 0.01 -0.234 -0.168 1.04 13.9 56.93 53.66 
F R 13.536 7.64 351.95 0.236 -0.182 0.351 0.0 14.83 56.48 53.93 
B R 13.776 7.74 3188.9 -0.105 -0.279 5.875 2.34 17.17 21.61 173.49 
B R 14.021 7.59 379.02 0.391 -0.119 15.442 -4.94 7.18 5.11 61.28 
B R 14.258 7.58 275.0 -0.066 0.063 16.968 -11.45 19.2 3.72 61.8 
B R 14.495 7.6 362.93 0.019 -0.184 14.549 -8.85 12.65 3.19 65.36 
F R 14.733 6.8 2928.9 0.002 -0.109 0.351 -7.28 16.39 3.86 66.85 
B R 14.971 7.71 3277.93 -0.19 -0.061 -0.793 -9.11 17.49 63.33 64.01 
F R 15.212 7.59 2900.85 -0.031 -0.054 -0.343 -9.11 19.05 62.94 58.15 
F R 15.458 7.62 370.0 0.068 -0.059 -0.893 -8.85 17.02 62.86 86.57 
F R 15.702 7.6 371.95 0.004 -0.057 0.13 -7.28 15.46 62.81 50.41 
F R 15.947 7.62 335.98 -0.119 -0.097 -0.351 -7.55 16.55 62.81 83.2 
F R 16.192 7.63 304.02 0.131 -0.034 -0.32 -6.76 15.46 62.81 94.6 
F R 16.435 7.58 400.0 0.013 -0.048 -0.381 -8.85 16.08 63.01 100.57 
F R 16.679 7.6 426.95 -0.12 -0.038 -0.313 -6.24 16.71 62.88 92.14 
F R 16.922 7.61 380.98 0.071 -0.089 0.069 -6.76 17.02 62.94 63.73 
F R 17.163 7.6 425.0 0.084 -0.043 -0.267 -8.07 15.93 62.97 66.88 
F R 17.403 7.6 405.98 -0.145 -0.065 0.13 -8.33 15.46 62.9 100.83 
F R 17.646 7.62 411.95 -0.012 -0.075 0.107 -8.07 14.99 62.82 95.59 
F R 17.889 7.59 288.05 -0.044 -0.039 0.053 -7.28 15.46 62.9 101.05 
F R 18.132 7.6 284.02 -0.088 -0.081 -0.053 -4.94 17.49 62.88 66.53 
F R 18.373 7.59 311.95 -0.04 -0.039 -0.725 -7.8 16.71 62.9 92.16 
F R 18.617 7.58 331.95 -0.092 -0.1 0.557 -5.72 17.33 62.89 66.43 
F R 18.869 7.57 397.93 0.045 -0.02 -0.61 -7.55 17.17 62.86 146.69 
F R 19.115 7.56 273.05 -0.059 -0.055 -0.183 -7.55 15.61 62.88 65.43 
F R 19.361 7.61 319.02 -0.003 -0.048 0.183 -8.58 16.86 62.93 66.39 
F R 19.607 7.61 323.05 0.06 -0.066 -0.099 -8.58 15.93 62.85 64.61 
F R 19.853 7.6 372.93 -0.105 -0.086 -0.389 -9.11 15.93 62.77 65.98 
F R 20.095 7.59 334.02 0.038 -0.034 -0.519 -6.76 14.83 62.86 64.21 
F R 20.341 7.6 414.02 -0.024 -0.107 -0.183 -8.07 15.93 62.77 121.42 
F R 20.586 7.62 440.0 -0.05 -0.091 -0.175 -9.63 17.17 62.9 95.76 
F R 20.83 7.6 320.0 0.006 -0.073 -0.397 -7.03 17.17 62.98 65.88 
F R 21.07 7.56 230.98 -0.034 -0.02 0.252 -7.03 17.17 62.91 104.85 
F R 21.313 7.62 370.0 0.138 -0.061 -0.504 -7.28 16.39 62.96 65.04 
F R 21.554 7.59 439.02 0.127 -0.065 -0.069 -6.24 17.02 62.96 102.65 
F R 21.797 7.63 339.02 -0.18 -0.118 -0.114 -4.68 17.02 62.86 66.34 
F R 22.038 7.6 356.95 -0.049 -0.024 -0.389 -7.55 16.24 62.88 66.39 
F R 22.279 7.59 325.98 -0.016 -0.059 0.046 -7.8 15.77 62.87 66.35 
F R 22.52 7.6 254.02 0.088 -0.045 -0.488 -7.28 14.52 62.85 112.02 
F R 22.764 7.62 344.02 0.156 -0.097 0.046 -8.33 16.71 62.87 128.7 
F R 23.011 7.62 295.0 -0.003 -0.072 -0.496 -7.8 16.39 62.76 91.03 
F R 23.254 7.61 323.05 -0.075 -0.083 0.336 -8.85 15.46 62.81 101.94 
F R 23.497 7.6 470.98 -0.042 -0.076 0.038 -7.55 16.86 62.89 93.49 
F R 23.74 7.63 340.0 -0.169 -0.08 0.137 -7.03 16.24 62.9 104.04 
F R 23.984 7.58 280.98 -0.053 -0.062 -0.305 -5.98 15.61 62.84 103.36 
F R 24.227 7.57 359.02 -0.073 -0.099 0.031 -5.72 14.83 62.83 110.1 
F R 24.471 7.62 351.95 -0.021 -0.055 -0.587 -8.07 15.61 62.86 66.5 
F R 24.712 7.59 384.02 0.013 -0.075 -0.549 -6.76 16.71 62.84 131.69 
F R 24.957 7.6 362.93 -0.122 -0.058 0.153 -7.03 15.93 62.87 108.46 
F R 25.201 7.62 355.0 -0.042 -0.097 -0.137 -5.98 16.24 62.89 65.03 
F R 25.441 7.62 450.0 0.145 -0.024 -0.13 -7.03 16.86 62.86 101.12 
F R 25.684 7.58 370.98 -0.024 -0.063 -0.16 -3.9 17.49 62.82 64.56 
F R 25.925 7.58 323.05 -0.063 -0.011 -0.29 -4.42 16.55 62.82 65.11 
F R 26.166 7.62 340.98 0.091 -0.122 0.519 -9.11 15.61 62.93 64.86 
F R 26.407 7.56 261.95 0.039 -0.049 -0.313 -5.2 16.39 62.79 100.49 
F R 26.651 7.6 397.93 -0.041 -0.047 -0.748 -7.8 17.02 62.78 68.06 
F R 26.897 7.6 325.98 0.03 -0.108 -0.832 -8.33 17.02 62.98 66.35 
F R 27.138 7.59 256.95 0.098 -0.066 -0.397 -8.33 17.02 62.79 66.39 
F R 27.379 7.62 310.0 -0.005 -0.103 -0.069 -7.28 17.33 62.88 101.79 
F R 27.622 7.56 310.98 0.065 0.003 -0.389 -7.55 15.3 62.87 104.03 
F R 27.866 7.6 280.98 0.044 -0.025 -0.504 -7.28 16.08 62.95 66.42 
F R 28.107 7.64 376.95 -0.153 -0.093 -0.435 -7.55 16.24 62.89 105.21 
F R 28.35 7.59 345.98 0.044 -0.104 -0.32 -7.8 16.08 62.86 66.48 
F R 28.594 7.63 466.95 -0.123 -0.042 -0.519 -7.28 17.33 62.98 14.45 
F R 28.839 7.62 321.95 0.028 -0.092 -0.504 -8.33 16.39 62.81 99.23 
F R 29.082 7.59 435.0 -0.037 -0.049 0.023 -9.89 15.46 62.8 99.93 
F R 29.325 7.63 357.93 -0.056 -0.091 0.008 -8.07 18.11 62.55 66.38 
F R 29.566 7.61 360.0 0.077 -0.082 -0.252 -7.55 15.93 62.97 65.82 
F R 29.808 7.61 356.95 0.067 -0.062 -0.458 -7.28 17.02 62.78 65.86 
F R 30.049 7.57 331.95 -0.059 -0.068 0.191 -8.07 15.93 62.79 47.39 
F R 30.294 7.64 285.98 -0.039 -0.089 -0.053 -7.55 16.55 62.84 65.59 
F R 30.54 7.62 400.98 -0.045 -0.058 -0.191 -8.58 15.61 62.83 64.23 
F R 30.786 7.59 430.0 0.037 -0.052 -0.191 -7.8 15.46 62.92 65.9 
F R 31.027 7.56 385.98 -0.029 -0.079 -0.381 -6.5 16.55 62.95 58.94 
F R 31.273 7.64 375.0 0.14 -0.085 -0.221 -9.11 15.93 62.8 65.59 
F R 31.519 7.64 333.05 -0.152 -0.121 0.252 -6.24 16.39 62.87 62.42 
F R 31.767 7.58 361.95 0.113 -0.077 0.023 -9.11 16.86 62.76 65.91 
F R 