time gyroz magX magY yaw_mag yaw_gyro yaw_cf yaw_kf
0.203 -0.168 -5.036 -24.863 101.45 -0.034 30.411 81.009
0.253 -0.214 64.657 3.449 -3.053 -0.222 -1.071 43.552
0.304 -0.221 -5.036 -24.863 101.45 -0.281 30.238 61.378
0.354 -0.214 -5.036 -24.863 101.45 -0.297 30.227 70.806
0.405 -0.206 65.744 2.545 -2.217 -0.297 -0.873 56.835
0.456 -0.29 -5.036 -24.863 101.45 -0.338 30.198 63.967
0.505 -0.175 65.744 3.449 -3.003 -0.378 -1.166 54.661
0.557 -0.229 -5.036 -24.863 101.45 -0.303 30.223 60.335
0.607 -0.214 -5.036 -24.863 101.45 -0.359 30.184 64.787
0.657 -0.267 65.473 2.696 -2.358 -0.389 -0.98 58.143
0.708 -0.221 -5.036 -24.863 101.45 -0.423 30.139 62.006
0.757 -0.237 63.567 2.846 -2.564 -0.4 -1.049 56.63
0.808 -0.282 -5.036 -24.863 101.45 -0.465 30.109 60.03
0.857 -0.275 -5.036 -24.863 101.45 -0.518 30.072 62.959
0.906 -0.16 66.289 3.449 -2.978 -0.42 -1.187 58.514
0.957 -0.221 -5.036 -24.863 101.45 -0.371 30.175 61.191
1.006 -0.237 65.473 2.997 -2.621 -0.459 -1.108 57.352
1.057 -0.229 -5.036 -24.863 101.45 -0.479 30.1 59.812
1.106 -0.206 -5.036 -24.863 101.45 -0.457 30.115 62.025
1.156 -0.313 65.744 4.653 -4.048 -0.568 -1.612 58.592
1.207 -0.244 -5.036 -24.863 101.45 -0.608 30.009 60.665
1.256 -0.244 64.384 2.696 -2.398 -0.55 -1.104 57.655
1.307 -0.267 -5.036 -24.863 101.45 -0.593 30.02 59.603
1.357 -0.252 -5.036 -24.863 101.45 -0.609 30.009 61.398
1.406 -0.275 64.112 3.148 -2.811 -0.639 -1.291 58.654
1.457 -0.198 -5.036 -24.863 101.45 -0.563 30.041 60.368
1.507 -0.305 66.833 2.846 -2.438 -0.658 -1.192 57.846
1.558 -0.221 -5.036 -24.863 101.45 -0.649 29.981 59.482
1.608 -0.259 -5.036 -24.863 101.45 -0.637 29.989 61.011
1.658 -0.214 64.657 3.449 -3.053 -0.614 -1.346 58.659
1.710 -0.275 -5.036 -24.863 101.45 -0.684 29.956 60.131
1.760 -0.229 66.833 2.545 -2.181 -0.678 -1.129 57.951
1.811 -0.336 -5.036 -24.863 101.45 -0.837 29.849 59.368
1.861 -0.252 -5.036 -24.863 101.45 -0.805 29.871 60.716
1.910 -0.191 66.289 3.449 -2.978 -0.617 -1.325 58.64
1.961 -0.221 -5.036 -24.863 101.45 -0.624 29.998 59.954
2.011 -0.252 64.384 3.6 -3.2 -0.728 -1.47 57.968
2.063 -0.221 -5.036 -24.863 101.45 -0.708 29.939 59.25
2.113 -0.13 -5.036 -24.863 101.45 -0.496 30.088 60.482
2.162 -0.29 65.744 3.148 -2.741 -0.757 -1.352 58.597
2.214 -0.282 -5.036 -24.863 101.45 -0.914 29.795 59.79
2.264 -0.313 64.928 3.6 -3.174 -0.991 -1.646 57.966
2.315 -0.275 -5.036 -24.863 101.45 -0.95 29.77 59.137
2.364 -0.13 -5.036 -24.863 101.45 -0.582 30.028 60.277
2.414 -0.252 65.473 2.395 -2.095 -0.738 -1.145 58.554
2.465 -0.168 -5.036 -24.863 101.45 -0.666 29.969 59.672
2.516 -0.221 64.657 2.545 -2.254 -0.724 -1.183 58.005
2.568 -0.229 -5.036 -24.863 101.45 -0.809 29.869 59.102
2.618 -0.259 -5.036 -24.863 101.45 -0.907 29.8 60.158
2.668 -0.229 64.112 2.545 -2.273 -0.87 -1.291 58.537
2.719 -0.229 -5.036 -24.863 101.45 -0.852 29.839 59.584
2.769 -0.267 65.473 2.997 -2.621 -0.968 -1.464 57.996
2.820 -0.183 -5.036 -24.863 101.45 -0.783 29.887 59.038
2.869 -0.259 -5.036 -24.863 101.45 -0.926 29.787 60.041
2.918 -0.259 63.023 3.75 -3.405 -1.015 -1.732 58.469
2.969 -0.206 -5.036 -24.863 101.45 -0.871 29.825 59.47
3.018 -0.214 63.839 3.901 -3.497 -0.852 -1.645 57.937
3.069 -0.237 -5.036 -24.863 101.45 -0.941 29.776 58.93
