time gyroz magX magY yaw_mag yaw_gyro yaw_cf yaw_kf
0.357 -0.282 5.421 13.716 -68.434 -0.383 -20.798 -68.41
0.983 -0.343 5.421 14.491 -69.489 -0.68 -21.323 -69.263
1.605 -0.267 5.95 12.169 -63.944 -0.696 -19.67 -66.435
2.224 -0.267 3.437 13.523 -75.74 -0.861 -23.325 -67.231
2.840 -0.214 4.363 12.362 -70.56 -0.822 -21.743 -67.606
3.457 -0.221 5.156 12.943 -68.28 -0.985 -21.173 -67.694
4.086 -0.229 5.421 12.555 -66.646 -1.165 -20.809 -67.669
4.725 -0.282 4.892 13.33 -69.847 -1.614 -22.084 -68.006
5.344 -0.298 5.421 11.782 -65.292 -1.891 -20.911 -67.798
5.965 -0.275 4.627 11.395 -67.9 -1.915 -21.71 -67.839
6.585 -0.221 4.363 12.749 -71.108 -1.676 -22.506 -68.026
7.204 -0.229 5.024 11.975 -67.24 -1.879 -21.487 -68.011
7.824 -0.282 4.627 12.943 -70.329 -2.488 -22.84 -68.268
8.441 -0.252 4.76 11.975 -68.322 -2.379 -22.162 -68.307
9.075 -0.244 5.553 11.975 -65.122 -2.458 -21.257 -68.296
9.691 -0.237 5.289 11.975 -66.17 -2.534 -21.625 -68.127
10.309 -0.198 4.892 12.943 -69.295 -2.239 -22.356 -68.222
10.926 -0.244 5.553 13.523 -67.675 -2.91 -22.339 -68.224
11.542 -0.298 5.685 12.169 -64.959 -3.738 -22.104 -68.167
12.158 -0.221 5.818 13.136 -66.111 -2.908 -21.869 -68.151
12.774 -0.229 5.024 12.362 -67.883 -3.154 -22.573 -68.171
13.391 -0.275 4.892 11.588 -67.112 -3.958 -22.904 -68.165
14.007 -0.519 4.495 13.136 -71.11 -7.789 -26.785 -68.319
14.623 -38.063 6.081 13.91 -66.387 -54.658 -58.177 -68.332
15.247 -47.798 11.503 18.36 -57.932 123.426 69.019 -67.837
15.874 -55.634 12.295 18.166 -55.909 -38.768 -43.91 -67.186
16.490 -22.903 14.279 17.005 -49.98 139.427 82.605 -66.669
17.096 -0.099 15.601 16.619 -46.81 -1.792 -15.297 -66.197
17.700 -1.45 15.469 15.844 -45.686 -27.115 -32.686 -63.996
18.305 42.702 14.411 16.232 -48.401 -75.638 -67.467 -61.564
18.910 55.42 12.031 18.166 -56.484 -156.588 -126.557 -61.211
19.518 35.309 7.272 16.811 -66.608 -175.53 -142.853 -61.194
20.146 -1.61 5.818 14.297 -67.857 -34.045 -44.189 -61.226
20.779 -1.03 6.214 14.104 -66.222 -22.432 -35.569 -61.33
21.413 -46.173 6.743 17.392 -68.808 -134.875 -115.055 -61.485
22.040 -52.124 9.387 18.36 -62.92 59.063 22.468 -61.521
22.655 -26.871 12.295 16.425 -53.183 -95.634 -82.899 -61.34
23.277 -1.06 12.428 16.232 -52.561 -25.734 -33.782 -60.952
23.932 39.719 14.543 17.78 -50.719 90.274 47.976 -60.68
24.570 50.392 12.693 17.199 -53.572 28.523 3.894 -59.866
25.178 30.052 9.123 18.36 -63.577 -113.299 -98.382 -60.537
25.806 -1.77 6.61 14.297 -65.187 -47.447 -52.769 -60.546
26.441 -0.275 6.875 14.297 -64.318 -7.546 -24.578 -60.723
27.076 -0.229 6.61 15.071 -66.318 -6.429 -24.396 -61.139
27.711 -0.252 6.479 13.716 -64.715 -7.235 -24.479 -61.379
28.346 -0.198 6.346 14.297 -66.065 -5.811 -23.887 -61.882
28.979 -0.267 6.61 14.104 -64.889 -8.004 -25.069 -62.031
29.612 -0.374 7.139 16.038 -66.005 -11.449 -27.816 -62.165
30.241 -0.237 6.61 15.458 -66.848 -7.404 -25.237 -62.264
