time gyroz magX magY yaw_rm yaw_rg yaw_cf yaw_kf
0.389 -0.175 62.48 6.76 -6.175 -0.068 -4.648 -6.174
0.392 -0.214 62.48 6.76 -6.175 -0.259 -4.696 -6.187
0.395 2.785 64.66 6.16 -5.442 0.886 -3.86 -5.714
0.397 -0.168 60.57 7.82 -7.357 2.718 -4.838 -6.485
0.402 -0.206 64.38 5.71 -5.068 -0.251 -3.864 -5.866
0.407 -0.221 62.75 6.01 -5.471 -0.296 -4.177 -5.653
0.409 -0.183 61.39 6.46 -6.007 -0.296 -4.579 -5.738
0.413 -0.153 62.21 6.01 -5.518 -0.246 -4.2 -5.616
0.417 -0.168 66.29 6.46 -5.566 -0.223 -4.23 -5.551
0.421 -0.221 62.48 6.16 -5.631 -0.261 -4.288 -5.53
0.425 -0.122 61.93 6.76 -6.229 -0.273 -4.74 -5.701
0.429 -0.191 64.11 6.16 -5.488 -0.204 -4.167 -5.619
0.433 -0.275 64.11 6.76 -6.019 -0.31 -4.592 -5.704
0.437 2.434 62.75 4.5 -4.102 0.789 -2.879 -5.254
0.441 -52.979 61.93 6.46 -5.955 -20.93 -9.699 -5.596
0.445 -86.014 66.29 7.67 -6.6 -91.255 -27.764 -6.188
0.449 -68.649 77.72 11.88 -8.691 -116.837 -35.727 -7.145
0.453 -41.832 87.8 13.84 -8.958 -87.599 -28.618 -7.924
0.457 -42.259 97.87 14.29 -8.307 -61.144 -21.516 -8.43
0.461 -46.379 107.4 14.14 -7.5 -63.64 -21.535 -8.678
0.465 -58.121 113.39 13.84 -6.959 -73.405 -23.57 -8.796
0.469 -65.773 120.74 12.48 -5.901 -88.969 -26.668 -8.675
0.473 -45.99 123.73 10.83 -5.002 -87.526 -25.633 -8.29
0.477 -52.765 127.0 6.91 -3.114 -71.159 -20.125 -7.543
0.482 -51.758 128.09 4.5 -2.012 -77.712 -20.937 -6.637
0.488 -43.571 128.09 1.49 -0.666 -73.021 -18.755 -5.522
0.493 -44.868 124.28 0.29 -0.134 -65.691 -16.523 -4.446
0.495 -46.021 122.64 -2.42 1.13 -67.648 -16.064 -3.253
0.5 -31.128 118.56 -3.78 1.826 -61.585 -14.027 -2.037
0.505 -49.011 119.65 -4.98 2.383 -55.879 -12.182 -0.954
0.51 -4.288 111.75 -7.54 3.86 -51.198 -9.905 0.425
0.515 -7.133 110.94 -8.0 4.125 -7.961 1.103 1.634
0.52 -22.064 110.12 -7.24 3.762 -18.606 -1.83 2.5
0.525 -29.381 108.49 -7.54 3.976 -37.489 -6.39 3.207
0.53 -21.828 108.21 -7.69 4.065 -40.95 -7.189 3.797
0.535 -10.742 103.04 -6.34 3.521 -27.575 -4.253 4.16
0.54 4.89 100.05 -8.3 4.742 -8.101 1.531 4.74
0.545 0.359 102.77 -8.0 4.451 5.086 4.61 5.111
0.55 1.335 103.04 -7.54 4.185 1.093 3.412 5.323
0.556 3.365 101.68 -7.09 3.989 3.206 3.793 5.419
0.561 49.171 104.4 -8.0 4.382 30.95 11.024 5.705
0.566 49.339 107.4 -7.85 4.18 77.097 22.409 5.886
0.571 83.267 112.3 -5.44 2.773 96.884 26.301 5.828
0.576 95.894 120.46 -2.73 1.298 138.502 35.599 5.484
0.581 73.189 129.45 1.94 -0.859 138.417 33.96 4.62
0.586 82.047 126.73 3.45 -1.559 121.269 29.148 3.734
0.591 124.252 127.27 8.87 -3.987 155.48 35.88 2.579
0.596 135.78 117.2 13.54 -6.59 25.177 1.352 1.068
0.601 93.979 98.96 13.09 -7.535 12.261 -2.586 -0.562
0.606 61.203 87.8 11.13 -7.225 131.068 27.348 -1.99
0.611 61.775 83.17 7.97 -5.474 98.948 20.631 -2.801
0.616 -11.909 77.18 7.36 -5.447 54.439 9.524 -3.708
0.621 57.869 75.82 4.8 -3.622 24.028 3.29 -3.816
0.626 47.478 72.28 -0.17 0.135 87.59 21.999 -3.046
0.631 38.834 70.37 -1.52 1.237 71.982 18.923 -2.105
0.636 37.888 73.37 -1.67 1.304 62.931 16.711 -1.236
0.641 2.502 77.72 -3.18 2.343 39.492 11.63 -0.355
0.646 -37.804 71.46 -2.73 2.188 -21.919 -3.839 0.229
0.651 -40.886 70.37 -0.32 0.261 -64.421 -15.91 0.264
0.656 -41.962 72.01 0.89 -0.708 -68.413 -17.634 0.038
0.661 -34.042 72.28 4.35 -3.444 -64.464 -18.699 -0.774
0.663 14.519 78.27 5.26 -3.845 -24.416 -8.988 -1.424
0.665 -10.315 85.62 5.71 -3.815 7.66 -0.946 -2.065
0.669 -24.643 76.63 5.26 -3.927 -26.801 -9.646 -2.696
0.671 -29.129 67.65 6.01 -5.077 -44.189 -14.855 -3.511
0.673 11.131 63.29 5.41 -4.886 -21.638 -9.074 -4.025
0.677 28.58 61.93 5.56 -5.13 30.48 3.772 -4.43
0.681 25.894 68.74 2.09 -1.742 46.214 10.247 -3.995
0.686 0.618 67.11 2.39 -2.04 26.318 5.05 -3.729
0.691 0.641 63.29 2.7 -2.443 1.061 -1.567 -3.562
0.695 -18.082 63.02 1.94 -1.763 -11.926 -4.304 -3.317
0.699 -0.061 66.29 4.05 -3.496 -18.125 -7.153 -3.418
0.704 3.738 69.83 1.79 -1.468 2.571 -0.458 -3.035
0.709 23.567 71.46 2.09 -1.675 20.447 3.855 -2.666
0.714 67.757 69.56 0.74 -0.61 71.945 17.529 -1.938
0.716 52.46 73.1 -1.22 0.956 105.318 27.046 -0.986
0.721 48.653 71.73 -3.78 3.017 87.539 24.148 0.295
0.726 33.524 71.19 -4.68 3.761 72.991 21.069 1.517
0.731 40.337 73.37 -5.89 4.59 63.01 19.195 2.762
0.736 -21.935 72.28 -7.69 6.073 24.193 10.603 3.919
0.744 21.721 68.47 -6.79 5.663 -5.775 2.804 4.921
0.752 -9.758 70.92 -6.34 5.108 14.383 7.427 5.499
0.76 -7.988 65.74 -7.09 6.156 -15.829 0.66 6.165
0.769 -14.572 66.29 -7.09 6.105 -19.194 -0.22 6.637
0.779 -13.336 66.29 -6.79 5.848 -24.961 -1.854 6.921
0.781 -39.803 66.02 -5.13 4.443 -44.422 -7.773 6.692
0.785 -62.088 61.39 -4.38 4.081 -88.542 -19.075 6.256
0.79 -29.549 60.57 -2.73 2.581 -85.432 -19.422 5.585
0.795 -19.524 64.11 -1.67 1.492 -45.071 -10.149 4.748
0.797 -12.84 63.02 -1.37 1.245 -29.757 -6.506 3.96
0.799 7.599 63.29 -1.52 1.376 -6.768 -0.66 3.364
0.801 4.89 64.11 -0.77 0.688 11.516 3.395 2.69
0.803 -42.542 67.38 -0.17 0.145 -29.271 -7.209 1.826
0.806 -77.209 70.1 4.35 -3.551 -104.772 -28.856 0.129
0.808 -53.04 73.91 6.76 -5.226 -120.065 -33.936 -1.64
0.81 -6.729 83.98 10.23 -6.945 -58.49 -19.831 -3.372
0.812 34.546 86.43 9.17 -6.056 21.322 0.788 -4.475
0.814 58.533 83.71 7.36 -5.025 82.192 16.779 -5.029
0.816 103.836 72.82 3.45 -2.712 143.263 33.782 -4.731
0.82 84.77 73.1 -3.03 2.374 173.347 45.117 -3.291
0.824 -17.212 72.28 -3.78 2.994 70.587 19.892 -2.168
0.827 63.713 72.01 -2.42 1.925 35.479 10.313 -1.115
0.831 0.366 76.63 -4.08 3.048 64.017 18.29 -0.135
0.834 -17.303 75.82 -6.04 4.555 -14.065 -0.1 0.985
0.84 -0.908 76.09 -3.48 2.619 -18.066 -2.552 1.568
0.85 -36.163 70.65 -3.78 3.063 -31.647 -5.614 2.021
0.852 -77.515 70.1 -1.97 1.61 -102.206 -24.344 1.9
0.855 -88.264 70.65 -0.17 0.138 -152.981 -38.142 1.365
0.857 -22.453 76.91 3.3 -2.457 -107.506 -28.719 0.5
0.859 1.167 76.63 4.95 -3.696 -21.451 -8.135 -0.465
0.862 -5.348 71.73 5.26 -4.194 -3.443 -4.006 -1.436
0.864 -39.871 74.46 4.95 -3.803 -39.797 -12.801 -2.306
0.866 8.308 86.71 8.12 -5.35 -32.676 -12.181 -3.228
0.87 -10.147 85.07 8.12 -5.452 -0.52 -4.219 -4.083
0.872 3.181 85.35 7.36 -4.929 -7.373 -5.54 -4.628
0.875 -0.854 67.38 1.04 -0.884 2.434 -0.054 -4.172
0.878 34.851 58.12 -17.63 16.875 29.745 20.093 0.343
0.882 -18.517 70.92 -0.92 0.743 18.519 5.187 0.569
0.885 -3.456 78.27 6.16 -4.5 -21.576 -8.769 -0.377
0.887 -20.348 76.36 4.8 -3.597 -21.505 -8.074 -1.09
0.889 3.517 71.19 6.16 -4.945 -17.221 -8.014 -1.945
0.892 -11.032 71.46 6.31 -5.046 -6.324 -5.366 -2.763
0.894 14.908 67.11 6.01 -5.117 2.296 -3.264 -3.394
0.896 11.131 71.46 6.61 -5.285 24.881 2.256 -3.969
0.898 8.575 76.36 7.51 -5.617 18.831 0.495 -4.525
0.901 25.185 74.46 5.56 -4.27 31.267 4.614 -4.62
0.904 14.0 72.28 4.65 -3.681 37.841 6.7 -4.571
0.906 3.197 67.65 3.3 -2.793 16.896 2.129 -4.336
0.913 -43.732 69.56 4.95 -4.07 -36.73 -12.235 -4.558
0.915 -8.293 76.09 6.16 -4.628 -51.32 -16.301 -4.751
0.918 -6.47 82.35 6.91 -4.796 -14.232 -7.155 -4.934
0.922 -0.053 78.54 6.91 -5.028 -6.519 -5.401 -5.106
0.924 -2.983 75.82 7.21 -5.432 -2.809 -4.776 -5.336
0.927 -0.183 73.91 6.16 -4.764 -3.153 -4.361 -5.362
0.929 15.007 86.16 6.31 -4.189 13.759 0.298 -5.182
0.932 2.228 89.43 7.82 -4.997 17.083 0.523 -5.227
0.939 -11.131 83.71 5.86 -4.004 -8.224 -5.059 -5.08
0.942 5.89 73.1 6.91 -5.4 -5.583 -5.446 -5.194
0.946 0.511 64.11 5.86 -5.223 6.373 -2.324 -5.263
0.949 -0.618 57.03 4.65 -4.661 -0.075 -3.514 -5.194
0.953 -14.572 52.95 4.5 -4.858 -14.505 -7.27 -5.219
0.955 0.61 53.49 4.8 -5.128 -13.989 -7.343 -5.246
0.959 -0.175 57.03 4.05 -4.062 0.442 -2.936 -5.03
0.964 -0.198 54.58 5.41 -5.661 -0.366 -4.337 -5.189
0.968 -0.145 52.68 4.35 -4.72 -0.338 -3.624 -5.118
0.972 -0.137 56.76 3.6 -3.629 -0.278 -2.791 -4.809
0.974 -0.267 54.31 4.35 -4.579 -0.397 -3.533 -4.747
0.977 -0.252 52.68 4.95 -5.368 -0.513 -4.154 -4.87
0.981 -0.183 54.58 3.3 -3.46 -0.432 -2.703 -4.556
0.986 -0.252 54.86 4.95 -5.156 -0.431 -3.975 -4.659
0.991 -0.45 52.68 4.95 -5.368 -0.698 -4.2 -4.8
0.993 2.312 51.04 6.16 -6.882 1.846 -4.7 -5.253
0.996 -4.73 52.4 6.01 -6.543 -2.399 -5.507 -5.597
0.998 0.519 52.4 6.01 -6.543 -4.212 -5.96 -5.876
1.0 2.747 54.86 3.15 -3.286 3.266 -1.648 -5.379
1.002 -0.267 53.49 5.11 -5.457 2.479 -3.473 -5.425
1.006 -0.252 54.04 4.8 -5.076 -0.521 -3.937 -5.377
1.008 -0.221 52.13 4.35 -4.77 -0.475 -3.696 -5.264
1.013 -0.16 54.31 4.65 -4.894 -0.383 -3.766 -5.189
1.018 -0.198 53.77 4.35 -4.625 -0.362 -3.559 -5.064
1.025 -0.237 54.04 5.71 -6.032 -0.441 -4.634 -5.267
1.03 -0.168 51.32 5.41 -6.018 -0.41 -4.616 -5.442
