time,s Volts,V  gyroz magX magY yaw_rm yaw_rg yaw_cf yaw_kf
F R 0.0 7.27 2274.88 0.157 -0.201 -0.549 0.52 16.39 56.46 53.21 
F R 0.241 7.63 318.05 0.07 -0.168 0.183 -0.26 13.74 56.85 55.19 
F R 0.482 7.61 330.98 0.276 -0.111 -0.175 0.78 14.99 55.89 54.34 
F R 0.723 7.64 303.05 0.158 -0.175 0.015 1.3 14.99 56.35 53.9 
F R 0.963 7.67 336.95 0.105 -0.231 0.145 -0.26 14.36 56.41 53.9 
F R 1.203 7.64 361.95 0.322 -0.199 -0.298 -0.26 13.43 56.42 54.36 
F R 1.444 7.64 366.95 0.218 -0.109 -0.557 -3.12 14.52 56.32 54.28 
F R 1.685 7.64 328.05 0.091 -0.226 0.076 1.3 15.61 56.44 54.45 
F R 1.925 7.65 319.02 -0.005 -0.298 -0.565 0.26 14.68 56.39 54.41 
F R 2.166 7.63 350.98 0.08 -0.235 -0.427 0.0 14.21 56.31 76.42 
F R 2.41 7.64 366.95 0.121 -0.281 -0.381 -1.3 15.3 56.35 54.34 
F R 2.649 7.65 425.98 0.056 -0.215 0.046 -0.26 15.61 56.9 54.45 
F R 2.889 7.62 280.0 0.108 -0.228 0.359 -0.26 13.43 56.45 54.39 
F R 3.128 7.63 375.0 0.325 -0.119 -0.023 0.0 14.21 56.35 54.42 
F R 3.367 7.61 395.0 0.179 -0.155 0.664 0.78 14.99 56.8 54.41 
F R 3.607 7.61 314.02 -0.042 -0.244 -0.092 0.0 13.9 56.47 54.76 
F R 3.847 7.62 323.05 0.374 -0.144 0.282 1.82 14.36 56.43 54.33 
F R 4.086 7.64 384.02 0.016 -0.226 0.061 0.26 14.36 56.41 54.3 
F R 4.325 7.62 359.02 0.265 -0.139 -0.862 -0.52 14.21 56.44 54.44 
F R 4.564 7.62 289.02 0.041 -0.189 -0.038 -0.26 15.3 55.98 54.3 
F R 4.804 7.57 299.02 0.235 -0.205 -0.061 1.82 15.3 56.39 75.35 
F R 5.048 7.61 351.95 0.202 -0.175 -0.381 -0.26 14.68 55.94 54.68 
F R 5.288 7.65 258.05 0.066 -0.219 -0.183 -0.78 15.61 56.37 54.25 
F R 5.527 7.66 381.95 0.113 -0.203 -0.572 0.52 14.21 56.38 54.33 
F R 5.767 7.67 351.95 0.287 -0.161 -0.153 0.78 14.68 56.33 54.42 
F R 6.007 7.63 362.93 0.294 -0.13 0.923 -0.78 15.61 56.36 54.72 
F R 6.246 7.61 344.02 0.206 -0.146 -0.618 -1.82 14.05 56.33 54.38 
F R 6.485 7.69 323.05 -0.112 -0.253 0.191 1.82 14.68 56.36 54.39 
F R 6.725 7.65 440.98 0.013 -0.245 -0.572 -1.3 13.43 56.42 54.74 
F R 6.965 7.63 460.98 0.255 -0.149 0.145 -1.3 15.3 56.45 54.46 
F R 7.205 7.62 349.02 0.293 -0.14 -0.404 -1.3 14.05 56.4 54.77 
F R 7.445 7.62 331.95 0.199 -0.184 -0.435 0.52 15.46 56.51 54.73 
F R 7.685 7.59 295.98 0.197 -0.162 -0.259 1.56 13.58 56.4 54.75 
F R 7.924 7.67 286.95 0.084 -0.172 0.267 0.78 14.99 56.33 54.83 
F R 8.163 7.68 330.98 0.099 -0.198 -1.19 0.78 13.43 55.96 None 
F R 8.407 7.63 391.95 0.255 -0.167 0.0 -0.26 15.93 56.32 54.35 
F R 8.646 7.66 485.0 0.314 -0.126 -0.069 2.08 15.14 56.49 101.22 
F R 8.889 7.6 275.98 0.324 -0.15 0.046 1.56 15.46 56.37 54.37 
F R 9.129 7.59 319.02 0.198 -0.162 -1.144 -3.38 15.93 55.97 54.78 
F R 9.369 7.62 301.95 -0.026 -0.238 -0.435 1.3 14.68 56.4 115.25 
