time,s Volts,V  gyroz magX magY yaw_rm yaw_rg yaw_cf yaw_kf
0.425 -0.069 0.52 17.02 -88.25 -0.011 -66.19 -88.23071822383756
0.485 -0.725 -0.78 18.11 -92.466 -0.177 -69.394 -90.81662241250008
0.487 -6.264 0.78 18.11 -87.534 -1.662 -66.066 -89.4576716321525
0.49 -1.541 1.3 17.17 -85.67 -5.667 -65.669 -87.5684116552048
0.492 0.275 1.82 18.74 -84.453 -3.435 -64.198 -85.8313780159879
0.495 -0.114 2.86 17.49 -80.713 -1.349 -60.872 -83.14452029565572
0.498 -0.504 0.52 17.33 -88.281 -0.344 -66.297 -84.54890119066368
0.501 0.023 0.52 17.02 -88.25 -0.409 -66.29 -85.53589034689641
0.504 0.305 3.9 18.74 -78.244 -0.117 -58.712 -82.74316251221967
0.506 -0.381 2.08 17.96 -83.394 -179.884 -107.517 -82.44897028964405
0.508 0.153 1.56 17.64 -84.946 -0.19 -63.757 -82.74322087781164
0.511 -0.992 0.52 17.96 -88.342 -0.112 -66.285 -83.99370701609381
0.518 -0.031 0.26 17.49 -89.148 -0.862 -67.076 -85.20805862066014
0.522 -0.9 1.82 17.17 -83.949 -0.482 -63.082 -84.81034179625522
0.526 -0.252 1.3 17.8 -85.823 -0.991 -64.615 -84.97214094880037
