time gyroz magX magY yaw_mag yaw_gyro yaw_cf yaw_kf
0.322 -0.069 28.939 10.761 110.398 -0.069 111.206
0.500 -0.404 28.669 14.882 117.434 -0.042 113.957
0.677 1.411 28.579 12.409 113.47 0.047 113.877
0.855 0.42 28.579 11.31 111.591 0.21 113.381
1.032 0.443 28.489 13.233 114.915 0.286 113.722
1.209 -0.961 28.398 11.31 111.716 0.241 113.358
1.384 -1.724 28.398 12.959 114.529 0.006 113.412
1.559 -0.74 27.857 11.31 112.097 -0.21 113.191
1.731 -0.229 28.398 11.31 111.716 -0.293 113.0
1.906 0.847 29.209 12.135 112.561 -0.239 113.002
2.080 -1.137 28.398 10.761 110.753 -0.265 112.711
2.255 0.229 28.849 11.035 110.932 -0.344 112.566
2.426 -0.221 28.939 12.409 113.21 -0.343 112.587
2.601 0.641 28.759 11.86 112.411 -0.307 112.61
2.772 -0.587 28.489 13.233 114.915 -0.302 112.714
2.947 1.091 28.759 9.113 107.582 -0.258 112.463
3.119 -0.175 29.12 11.31 111.226 -0.179 112.373
3.294 0.519 28.038 10.211 110.011 -0.149 112.275
3.465 -0.847 28.669 11.584 112.002 -0.177 112.193
3.641 0.809 27.857 11.31 112.097 -0.18 112.247
3.812 -1.007 28.128 11.035 111.421 -0.197 112.124
3.986 1.045 28.308 10.486 110.326 -0.194 112.118
4.158 -1.076 27.948 13.784 116.253 -0.197 112.218
4.333 0.45 28.038 9.662 109.014 -0.251 112.109
4.505 -0.999 27.857 11.31 112.097 -0.299 112.023
4.680 -0.168 28.218 11.86 112.797 -0.401 112.034
4.852 -0.626 28.128 12.135 113.336 -0.469 112.025
5.026 0.137 28.489 11.035 111.174 -0.512 111.995
5.198 -0.999 28.489 12.684 114.0 -0.586 111.976
5.373 -1.114 28.489 11.035 111.174 -0.771 111.839
5.544 3.372 28.308 9.386 108.344 -0.578 111.997
5.717 0.687 28.759 11.86 112.411 -0.226 112.071
5.888 -0.053 28.218 12.409 113.738 -0.172 112.125
6.061 4.677 27.587 12.684 114.692 0.228 112.631
6.233 0.679 28.038 16.806 120.939 0.688 112.979
6.405 -0.214 29.48 19.553 123.555 0.728 113.314
6.577 -0.549 30.381 17.355 119.737 0.663 113.482
6.750 3.929 31.283 20.102 122.724 0.955 114.142
6.921 0.732 31.644 20.652 123.13 1.354 114.508
7.095 -2.159 31.374 17.629 119.332 1.23 114.478
7.267 -2.998 31.193 20.377 123.155 0.786 114.466
7.441 0.366 31.553 17.079 118.426 0.557 114.624
7.613 0.671 31.013 17.079 118.842 0.646 114.817
7.787 0.145 31.824 16.806 117.838 0.717 114.927
7.958 -2.258 31.553 17.629 119.193 0.537 114.837
8.133 -0.877 31.193 19.277 121.716 0.262 114.941
8.305 0.702 31.734 19.828 121.998 0.247 115.199
8.478 1.999 31.463 16.255 117.323 0.481 115.456
8.650 -0.969 31.103 18.453 120.68 0.569 115.506
8.824 -0.175 31.463 17.904 119.642 0.47 115.602
8.996 -1.266 31.463 20.102 122.575 0.346 115.659
9.170 0.74 32.094 17.629 118.78 0.3 115.814
9.342 -1.114 31.193 18.179 120.233 0.268 115.817
9.515 -0.893 31.914 18.179 119.667 0.094 115.824
9.688 -0.999 31.463 20.102 122.575 -0.069 115.886
9.862 -1.06 31.463 17.904 119.642 -0.248 115.867
10.032 0.893 31.463 15.706 116.528 -0.263 115.968
10.203 5.699 31.283 17.904 119.784 0.301 116.639
10.373 -18.097 32.185 19.004 120.56 -0.753 114.889
10.545 -57.938 32.094 15.981 116.471 -7.292 108.924
10.715 -81.169 32.185 23.948 126.652 -19.116 100.755
10.892 -86.243 31.824 26.146 129.406 -33.932 92.072
11.066 -91.942 32.094 32.466 135.33 -49.434 82.892
11.242 -70.244 30.292 33.565 137.934 -63.706 76.0
11.415 -68.535 30.562 32.741 136.971 -75.711 69.263
11.592 -63.667 31.734 32.466 135.653 -87.411 63.017
11.769 -49.492 33.988 31.641 132.952 -97.425 58.22
11.946 -50.941 35.34 30.817 131.089 -106.313 53.271
12.121 -58.456 37.233 28.344 127.281 -115.886 47.489
12.303 -44.861 36.602 29.168 128.551 -125.288 43.214
12.485 -61.325 37.233 26.697 125.641 -134.95 37.19
12.673 -73.784 38.405 25.872 123.967 -147.651 29.858
12.853 -86.121 39.307 24.224 121.645 -162.042 21.211
13.049 -79.185 40.659 19.553 115.683 -178.242 13.221
13.231 -81.535 42.282 15.157 109.721 -12.868 4.914
13.430 -82.703 41.921 0.32 90.437 -29.209 -3.863
13.620 -80.872 40.93 -2.702 86.223 -44.749 -12.452
13.799 -80.849 37.143 -6.549 80.0 -59.223 -21.081
13.980 -77.446 36.061 -8.747 76.366 -73.549 -29.324
14.165 -82.405 34.258 -8.198 76.542 -88.335 -37.993
14.346 -78.545 32.185 -11.769 69.914 -102.901 -46.283
14.524 -82.71 30.472 -2.702 84.933 -117.253 -54.593
14.701 -79.979 27.677 1.42 92.937 -131.651 -62.335
14.880 -76.401 26.505 3.893 98.356 -145.647 -69.473
15.057 -76.111 24.972 13.508 118.41 -159.144 -76.055
15.233 -78.766 24.432 19.004 127.877 -172.773 -82.627
15.406 -76.912 25.333 23.399 132.727 173.761 -88.805
15.580 -103.065 29.39 20.377 124.735 158.103 -97.889
15.759 -34.752 28.038 25.048 131.776 145.768 -99.333
15.939 -75.783 27.677 26.146 133.371 135.82 -105.084
16.116 -82.733 29.661 28.894 134.25 121.791 -111.48
16.296 -81.764 31.824 32.19 135.328 106.987 -117.662
16.477 -77.705 33.086 31.092 133.22 92.555 -123.358
16.661 -80.33 34.258 31.366 132.477 78.015 -129.263
16.846 -79.521 35.34 31.917 132.086 63.229 -134.998
17.031 -76.797 35.701 29.719 129.775 48.77 -140.393
17.215 -74.089 38.315 25.048 123.174 34.888 -145.535
17.399 -78.125 38.405 27.519 125.623 20.885 -150.972
17.583 -82.176 40.659 20.102 116.308 6.137 -156.95
17.768 -79.872 42.012 16.53 111.478 -8.853 -162.682
17.949 -80.025 42.192 4.991 96.746 -23.323 -168.635
18.131 -82.787 40.479 -1.878 87.344 -38.139 -174.981
18.309 -83.244 39.036 -4.625 83.243 -52.916 -181.358
18.488 -80.124 37.053 -7.373 78.746 -67.537 -187.381
18.671 -83.359 35.52 -8.747 76.166 -82.496 -193.705
18.855 -86.426 32.546 -6.823 78.16 -98.116 -200.22
19.032 -84.145 32.275 -2.152 86.185 -113.212 -206.22
19.209 -80.246 27.587 1.144 92.375 -127.76 -211.567
19.386 -80.406 26.595 5.266 101.2 -141.978 -216.654
19.566 -78.323 25.874 7.464 106.092 -156.264 -221.32
19.742 -73.28 25.333 16.806 123.56 -169.605 -224.988
19.920 -78.072 24.522 18.179 126.551 176.925 -229.036
20.095 -74.005 29.39 23.124 128.196 163.618 -232.523
20.268 -101.54 29.57 21.475 125.989 148.434 -239.002
20.442 -48.294 28.489 23.124 129.066 135.398 -239.491
20.620 16.93 28.849 26.97 133.072 132.607 -232.641
20.800 -38.452 27.136 26.697 134.533 130.67 -231.761
20.980 -78.262 29.39 30.268 135.843 120.165 -235.173
21.158 -89.134 30.833 28.07 132.314 105.267 -239.807
21.340 -80.101 31.914 31.366 134.504 89.867 -243.358
21.521 -75.119 34.979 31.917 132.379 75.819 -246.354
21.709 -77.858 35.61 31.092 131.125 61.439 -249.625
21.892 -73.7 36.602 29.719 129.075 47.572 -252.429
22.078 -74.745 37.684 26.97 125.591 33.767 -255.365
22.264 -76.759 38.676 25.048 122.929 19.677 -258.523
22.455 -80.551 39.487 19.828 116.663 4.654 -262.172
22.639 -85.144 41.831 15.981 110.909 -10.59 -266.389
22.824 -79.239 42.823 8.562 101.307 -25.796 -270.092
23.005 -81.718 41.11 -5.998 81.699 -40.362 -274.399
23.186 -81.65 39.397 -7.373 79.4 -55.147 -278.678
23.369 -83.496 35.971 -8.471 76.749 -70.258 -283.147
23.552 -78.026 34.619 -10.395 73.287 -85.037 -287.014
23.735 -80.17 33.627 -5.724 80.34 -99.512 -290.907
23.917 -86.281 32.275 -4.9 81.367 -114.659 -295.387
24.097 -81.108 30.381 -2.427 85.433 -129.724 -299.15
24.278 -78.079 26.505 4.442 99.514 -144.131 -302.234
24.457 -80.521 25.063 9.937 111.627 -158.325 -305.285
24.637 -78.018 25.423 14.882 120.344 -172.594 -307.831
24.812 -77.286 25.604 20.377 128.515 173.817 -310.082
24.988 -79.453 28.128 23.124 129.424 160.024 -312.505
25.160 -14.984 27.767 20.377 126.273 151.902 -307.822
25.332 3.502 28.038 20.102 125.639 150.915 -301.05
25.504 0.71 27.497 18.453 123.865 151.277 -294.569
25.678 -12.444 29.3 20.652 125.178 150.256 -289.477
25.854 -50.156 29.841 21.75 126.087 144.747 -288.511
26.033 -59.12 32.094 26.97 130.042 134.967 -288.451
26.206 -17.029 31.553 31.366 134.83 128.38 -283.643
26.380 19.585 30.833 33.015 136.957 128.603 -274.737
26.558 -5.554 30.292 33.015 137.463 129.852 -268.593
26.738 -26.657 30.652 35.213 138.961 126.953 -264.764
26.916 -47.63 31.824 34.939 137.671 120.341 -263.301
27.097 -70.45 31.463 34.388 137.543 109.655 -264.394
27.282 -76.271 32.635 31.917 134.363 96.083 -266.228
27.471 -81.329 33.447 34.388 135.795 81.19 -268.622
27.658 -79.697 34.258 34.663 135.337 66.134 -270.87
27.845 -79.689 38.405 33.015 130.684 51.231 -273.23
28.028 -76.332 38.676 29.993 127.793 36.955 -275.29
28.224 -73.662 41.38 23.948 120.059 22.256 -277.216
28.408 -82.909 41.471 23.674 119.72 7.851 -280.172
28.599 -83.748 41.921 10.761 104.397 -8.064 -283.526
28.776 -86.975 41.831 2.793 93.82 -23.173 -287.437
28.953 -84.435 39.938 -1.329 88.094 -38.343 -291.166
29.127 -81.528 37.143 -3.251 84.998 -52.782 -294.613
29.301 -87.326 35.701 -3.251 84.797 -67.472 -298.679
29.478 -113.19 33.357 -1.054 88.19 -85.218 -305.511
29.660 -83.847 31.914 2.244 94.022 -103.148 -308.956
29.837 -83.786 29.931 -2.152 85.888 -117.984 -312.519
30.015 -87.952 28.939 -2.427 85.206 -133.268 -316.517
30.191 -85.022 27.677 1.969 94.069 -148.49 -319.974
30.369 -82.581 25.874 10.761 112.582 -163.407 -322.753
30.545 -74.081 25.063 17.079 124.272 -177.193 -324.323
30.721 -75.104 26.325 19.277 126.214 169.679 -325.933
30.894 -71.068 26.415 24.497 132.843 157.035 -326.931
31.068 -46.73 27.677 28.344 135.682 146.786 -325.148
31.240 -77.026 29.39 35.213 140.15 136.143 -326.596
31.420 -27.435 29.661 31.641 136.85 126.742 -322.6
31.596 25.307 28.128 27.519 134.373 126.555 -312.785
31.773 11.909 28.939 28.344 134.405 129.848 -304.418
31.945 -42.473 28.849 29.168 135.315 127.22 -302.035
32.127 -10.216 29.12 26.697 132.514 122.425 -296.147
32.308 -65.445 29.48 29.443 134.964 115.578 -296.326
32.489 -77.248 31.283 30.542 134.313 102.664 -297.846
32.669 -83.473 33.266 32.741 134.544 88.199 -300.073
32.860 -77.026 35.16 29.719 130.206 72.871 -301.692
33.040 -82.069 35.61 28.894 129.056 58.553 -303.904
33.220 -83.939 37.143 28.07 127.079 43.612 -306.371
33.398 -78.072 38.495 26.697 124.742 29.193 -308.241
33.578 -75.844 39.487 23.124 120.354 15.341 -309.951
33.754 -80.017 41.651 15.431 110.329 1.625 -312.316
33.940 -78.041 43.634 10.486 103.513 -13.074 -314.589
34.122 -76.157 45.527 7.464 99.311 -27.106 -316.723
34.306 -78.224 42.282 5.815 97.831 -41.309 -319.097
34.484 -74.02 37.594 -9.02 76.508 -54.859 -321.408
34.672 -80.429 35.43 -7.922 77.396 -69.377 -324.384
34.854 -79.742 33.627 -10.12 73.251 -83.953 -327.338
35.040 -79.216 32.005 -11.769 69.81 -98.736 -330.271
35.223 -82.649 30.833 -7.098 77.036 -113.547 -333.407
35.410 -84.19 29.57 -3.8 82.677 -129.146 -336.571
35.598 -77.385 28.489 0.046 90.093 -144.334 -338.804
35.787 -78.514 26.956 3.068 96.493 -159.067 -341.003
35.964 -70.206 27.046 -0.504 88.932 -172.228 -342.403
36.142 -75.768 24.702 9.386 110.805 174.78 -343.95
36.315 -73.784 25.964 16.53 122.483 161.844 -345.022
36.488 -74.577 27.677 18.453 123.692 149.01 -346.136
36.667 -77.522 27.857 24.497 131.328 135.398 -347.403
36.846 -76.34 29.48 27.795 133.315 121.627 -348.482
37.022 -78.247 31.734 28.619 132.045 108.023 -349.781
37.203 -77.637 33.086 31.092 133.22 93.916 -350.97
37.384 -78.751 33.717 30.817 132.427 79.763 -352.281
37.567 -82.664 35.25 29.993 130.393 64.993 -354.048
37.744 -79.926 35.52 29.719 129.919 50.604 -355.503
37.921 -80.475 37.864 26.421 124.907 36.409 -357.098
38.099 -76.744 38.856 22.85 120.458 22.416 -358.347
38.276 -77.919 39.667 23.124 120.24 8.728 -359.706
38.455 -80.856 41.831 12.684 106.868 -5.482 -361.632
38.644 -78.926 43.093 7.739 100.181 -20.581 -363.45
38.824 -79.597 44.536 4.991 96.394 -34.848 -365.387
39.007 -82.611 43.184 0.32 90.425 -49.69 -367.746
39.184 -74.76 36.692 -8.471 77.0 -63.618 -369.468
39.367 -77.484 35.971 -10.12 74.287 -77.548 -371.508
39.554 -79.498 33.357 -10.944 71.836 -92.226 -373.782
39.742 -80.574 32.094 -9.296 73.846 -107.273 -376.097
39.925 -74.493 30.472 -5.449 79.862 -121.461 -377.583
40.128 -79.17 29.39 -6.549 77.438 -137.058 -379.598
40.311 -78.522 27.677 1.42 92.937 -151.487 -381.201
40.497 -68.787 27.587 -1.054 87.812 -165.187 -381.797
40.681 -80.444 26.144 3.893 98.469 -178.916 -383.439
40.867 -77.026 25.333 9.662 110.877 166.439 -384.433
41.042 -69.931 25.784 13.233 117.168 153.581 -384.493
41.217 -76.256 27.226 23.674 131.008 140.789 -384.96
41.389 -77.53 28.579 25.048 131.233 127.564 -385.549
41.564 -86.365 29.48 26.697 132.164 113.223 -387.084
41.743 -32.967 31.283 27.795 131.621 102.543 -382.708
41.925 -80.132 31.914 30.817 133.998 92.251 -383.485
42.109 -82.825 33.357 31.917 133.736 77.259 -384.56
42.295 -82.153 33.537 32.466 134.07 61.916 -385.55
42.474 -84.572 36.151 28.344 128.098 46.994 -386.919
42.654 -80.505 38.676 28.344 126.236 32.137 -387.867
42.833 -82.977 39.307 20.926 118.03 17.505 -389.24
43.013 -77.95 39.217 17.904 114.538 3.022 -390.113
43.194 -80.65 40.118 15.157 110.697 -11.332 -391.344
43.379 -79.803 45.798 7.189 98.921 -26.174 -392.698
43.560 -80.421 45.527 -0.229 89.712 -40.674 -394.282
43.741 -75.806 39.036 -6.823 80.086 -54.812 -395.522
43.919 -79.445 38.045 -8.747 77.052 -68.63 -397.197
44.105 -77.332 34.258 -11.493 71.454 -83.21 -398.721
44.292 -78.026 32.906 -12.318 69.477 -97.736 -400.333
44.479 -76.523 31.013 -8.198 75.193 -112.186 -401.635
44.662 -80.757 30.381 -9.02 73.464 -126.577 -403.412
44.846 -79.414 29.029 -7.647 75.242 -141.313 -404.979
45.029 -75.813 27.046 -2.702 84.295 -155.516 -405.941
45.217 -81.146 26.866 -2.152 85.42 -170.27 -407.447
45.398 -80.688 25.153 5.266 101.825 175.084 -408.555
45.578 -76.439 25.333 10.211 111.953 160.942 -408.975
45.753 -80.582 26.685 18.179 124.264 147.203 -409.595
45.928 -77.377 28.128 23.124 129.424 133.381 -409.749
46.102 -79.681 29.029 25.872 131.709 119.717 -410.104
46.281 -83.908 31.013 30.817 134.818 105.076 -410.858
46.462 -83.008 32.275 30.268 133.162 89.97 -411.54
46.644 -80.215 34.709 29.993 130.831 75.117 -411.953
46.829 -80.154 35.25 29.993 130.393 60.283 -412.359
47.011 -84.892 36.963 26.421 125.557 45.264 -413.378
47.190 -83.168 38.495 28.344 126.364 30.222 -414.181
47.372 -81.184 38.856 21.201 118.618 15.266 -414.909
47.550 -83.176 39.667 18.179 114.622 0.638 -415.924
47.733 -80.589 40.479 14.057 109.15 -14.346 -416.747
47.917 -82.573 43.995 5.54 97.177 -29.357 -418.012
48.102 -82.909 45.888 -0.229 89.714 -44.664 -419.442
48.282 -84.106 38.946 -7.647 78.891 -59.696 -421.198
48.462 -81.291 36.422 -8.747 76.496 -74.581 -422.665
48.646 -76.599 33.266 -9.571 73.949 -89.107 -423.636
48.835 -83.9 32.635 -12.593 68.9 -104.274 -425.488
49.020 -77.515 29.661 -4.076 82.175 -119.205 -426.344
49.207 -86.25 29.841 -9.02 73.182 -134.517 -428.32
49.391 -72.06 28.759 -6.274 77.693 -149.082 -428.612
49.570 -75.653 26.595 -0.229 89.507 -162.302 -429.041
49.746 -23.361 26.685 0.595 91.277 -171.015 -423.626
49.924 -15.8 26.505 0.595 91.286 -174.501 -417.346
50.101 -6.516 25.153 -0.778 88.228 -176.476 -410.08
50.278 -30.617 26.325 6.09 103.026 -179.762 -405.177
50.453 -74.173 24.341 9.937 112.207 171.069 -404.923
50.631 -31.563 25.513 16.255 122.502 161.658 -399.773
50.805 9.636 27.677 19.004 124.475 159.751 -390.041
50.980 17.838 27.317 19.553 125.594 162.155 -379.397
51.152 9.346 27.677 22.85 129.543 164.493 -369.643
51.325 2.67 27.587 14.333 117.454 165.532 -360.911
51.497 -8.98 28.038 17.904 122.561 164.989 -353.418
51.671 -1.877 30.472 14.333 115.191 164.045 -345.346
51.842 0.748 30.201 16.255 118.29 163.948 -336.986
52.018 -0.534 30.562 17.904 120.363 163.967 -328.796
52.192 -0.313 30.292 19.277 122.472 163.893 -320.615
52.367 0.526 30.201 17.355 119.884 163.912 -312.474
52.540 -0.29 29.931 19.277 122.783 163.932 -304.451
52.715 0.549 30.201 15.706 117.477 163.955 -296.529
52.889 0.053 29.931 16.53 118.911 164.007 -288.725
53.066 -0.336 30.381 17.355 119.737 163.982 -281.043
53.240 -0.015 30.742 16.255 117.868 163.952 -273.46
53.415 -0.366 30.201 17.355 119.884 163.918 -265.975
53.590 -0.725 30.292 17.629 120.198 163.823 -258.626
53.766 0.374 29.751 15.981 118.243 163.792 -251.297
53.939 -0.107 30.292 17.079 119.415 163.815 -244.103
54.117 0.366 30.922 17.355 119.303 163.838 -236.964
54.291 0.702 29.841 16.806 119.388 163.931 -229.893
54.467 -0.412 29.751 19.828 123.682 163.957 -222.967
54.640 -0.313 29.751 18.179 121.427 163.894 -216.185
54.815 -1.122 29.3 16.806 119.838 163.768 -209.632
54.989 -1.19 28.218 15.706 119.1 163.567 -203.21
55.165 -0.816 27.497 12.959 115.234 163.391 -196.931
55.339 -0.061 27.497 12.409 114.289 163.314 -190.693
55.515 -0.191 25.964 8.288 107.704 163.292 -184.705
55.691 0.015 26.144 6.09 103.113 163.277 -178.889
55.866 -0.381 26.144 6.09 103.113 163.245 -173.217
56.040 1.45 26.144 5.54 101.964 163.338 -167.466
56.216 1.595 25.694 5.266 101.582 163.606 -161.805
56.389 5.264 24.972 3.068 97.004 164.199 -155.926
56.565 1.518 25.513 4.166 99.274 164.796 -150.513
56.740 -1.816 26.054 3.068 96.716 164.77 -145.617
56.916 -0.847 24.702 2.793 96.451 164.535 -140.714
57.091 -1.373 26.144 4.442 99.643 164.341 -135.9
57.267 -0.298 26.415 1.969 94.263 164.194 -131.168
57.440 0.122 25.964 3.342 97.335 164.179 -126.419
57.618 0.336 25.964 5.54 102.045 164.22 -121.643
57.792 0.58 26.415 8.013 106.875 164.299 -116.835
57.967 0.092 25.874 4.716 100.33 164.358 -112.302
58.140 0.427 25.333 4.716 100.545 164.403 -107.814
58.315 -0.412 26.144 3.893 98.469 164.404 -103.548
58.489 -0.214 25.604 5.54 102.209 164.35 -99.27
58.664 -0.488 26.054 2.518 95.52 164.288 -95.239
58.837 -0.053 25.874 5.815 102.666 164.242 -91.1
59.012 -0.259 25.784 2.793 96.182 164.214 -87.194
59.186 0.336 25.604 3.893 98.645 164.221 -83.252
59.362 0.534 26.144 4.442 99.643 164.298 -79.346
59.537 -0.29 25.153 4.716 100.619 164.319 -75.589
59.713 -0.221 25.694 3.068 96.809 164.274 -71.976
59.887 -0.9 26.054 4.716 100.26 164.176 -68.444
60.063 -0.824 24.882 4.442 100.122 164.025 -64.979
60.236 -0.626 25.964 4.991 100.881 163.899 -61.55
60.411 0.0 25.694 6.915 105.063 163.845 -58.039
60.586 -0.16 25.243 6.64 104.737 163.831 -54.624
60.761 -0.16 25.874 6.364 103.818 163.803 -51.296
60.935 -0.099 25.604 3.893 98.645 163.78 -48.131
61.113 -0.801 25.604 3.893 98.645 163.7 -45.109
61.286 -0.542 25.153 6.915 105.372 163.584 -41.99
61.462 -0.298 25.694 4.716 100.401 163.51 -39.006
61.636 0.0 26.685 3.893 98.3 163.484 -36.093
61.811 -0.504 25.604 4.991 101.03 163.44 -33.242
61.984 -0.313 25.243 6.09 103.564 163.369 -30.38
62.160 -0.114 25.694 3.068 96.809 163.332 -27.688
62.334 0.496 25.874 3.617 97.958 163.365 -24.962
62.511 0.244 25.604 3.893 98.645 163.43 -22.306
62.685 -0.13 26.054 5.266 101.427 163.44 -19.691
62.860 -0.458 25.694 6.364 103.911 163.389 -17.117
63.034 -0.259 25.874 5.266 101.504 163.326 -14.623
63.209 0.122 26.054 4.166 99.085 163.314 -12.187
63.383 -0.137 26.595 4.716 100.056 163.313 -9.812
63.560 -0.771 26.235 5.815 102.498 163.233 -7.508
63.734 -0.999 25.333 4.716 100.545 163.079 -5.317
63.909 -0.847 25.784 4.442 99.775 162.917 -3.174
64.084 -0.87 26.415 4.166 98.962 162.767 -1.095
64.260 -0.183 25.784 6.64 104.441 162.674 1.122
64.434 -0.465 25.513 5.815 102.84 162.618 3.231
64.612 -0.015 25.784 5.54 102.126 162.575 5.33
64.786 -0.45 25.784 4.442 99.775 162.535 7.292
64.961 -0.145 25.784 7.739 106.707 162.483 9.382
65.135 0.359 25.423 6.09 103.471 162.501 11.421
65.311 -0.229 26.325 3.893 98.412 162.513 13.253
65.485 -0.473 25.874 5.815 102.666 162.452 15.103
65.663 -0.679 25.694 3.068 96.809 162.349 16.775
65.837 -0.725 25.243 4.442 99.98 162.227 18.468
66.013 -0.458 26.325 3.893 98.412 162.123 20.122
66.187 0.42 25.513 4.166 99.274 162.12 21.855
66.363 0.481 25.784 3.893 98.586 162.199 23.545
66.537 -0.076 25.964 6.09 103.2 162.234 25.231
66.713 -0.061 26.776 5.266 101.126 162.222 26.843
66.887 -0.526 26.144 4.991 100.808 162.171 28.362
67.064 -0.519 25.333 4.716 100.545 162.079 29.844
67.238 -0.145 26.054 5.266 101.427 162.021 31.353
67.414 0.145 25.694 3.068 96.809 162.021 32.771
67.590 -0.496 25.333 4.716 100.545 161.99 34.162
67.767 0.023 25.694 5.266 101.582 161.948 35.6
67.945 -0.542 25.694 6.364 103.911 161.902 36.992
68.123 -0.031 26.144 6.64 104.251 161.851 38.417
68.298 0.633 25.333 5.815 102.928 161.903 39.86
68.475 -0.336 26.144 4.442 99.643 161.93 41.103
68.650 -0.206 26.235 4.166 99.023 161.882 42.32
68.829 -0.61 24.792 5.266 101.992 161.809 43.525
69.003 -0.633 25.153 5.815 103.017 161.701 44.721
69.180 -0.351 25.694 5.266 101.582 161.614 45.893
69.356 -0.099 25.874 4.716 100.33 161.574 47.043
69.533 0.153 25.784 3.342 97.385 161.579 48.139
69.708 -0.008 25.423 4.991 101.107 161.592 49.267
69.885 -0.443 25.964 4.442 99.708 161.552 50.296
70.060 -0.435 26.415 7.464 105.779 161.475 51.423
70.239 -0.816 25.784 3.342 97.385 161.363 52.318
70.413 -0.473 25.333 4.716 100.545 161.251 53.292
70.587 -0.465 25.694 4.166 99.21 161.17 54.219
70.759 -0.053 25.604 4.442 99.842 161.125 55.184
