time,s Volts,V  gyroz magX magY yaw_rm yaw_rg yaw_cf yaw_kf
0.439 -0.336 -2.6 16.39 -99.014 -0.056 -74.274 0
0.44 0.099 -2.08 17.33 -96.844 -0.243 -72.694 0
0.443 -7.774 -2.34 17.49 -97.62 -1.331 -73.548 0
0.448 -2.907 -0.78 17.49 -92.554 -6.582 -71.061 0
0.451 0.237 -1.3 18.11 -94.106 -4.815 -71.783 0
0.452 0.839 -1.04 17.64 -93.374 -1.939 -70.515 0
0.453 0.397 -2.08 18.58 -96.388 -179.68 -117.211 0
0.454 -0.496 0.52 18.58 -88.397 -179.451 -111.161 0
0.457 -0.137 -2.6 18.27 -98.099 -0.143 -73.61 0
0.461 0.076 -1.04 18.89 -93.151 -0.195 -69.912 0
0.463 -0.893 -2.86 17.49 -99.287 -0.217 -74.519 0
0.464 -0.74 -2.86 18.42 -98.826 -0.833 -74.328 0
0.465 -0.381 -2.86 17.49 -99.287 -0.939 -74.7 0
0.466 -1.083 -2.34 18.74 -97.117 -0.881 -73.058 0
0.467 -1.579 -1.56 17.96 -94.964 -1.38 -71.568 0
0.468 -0.969 -1.3 17.17 -94.33 -1.851 -71.21 0
0.469 -0.793 -0.26 18.42 -90.809 -1.616 -68.511 0
