time gyroz magX magY yaw_mag yaw_gyro yaw_cf yaw_kf
0.213 -0.313 -17.965 -17.963 135.003 -0.38 40.235 -26.603
0.511 1.205 -17.965 -17.963 135.003 1.821 41.776 -11.649
0.813 -0.267 17.965 16.4 -42.393 -0.484 -13.057 -14.319
1.120 -0.259 -17.965 -17.963 135.003 -0.549 40.117 -2.715
1.425 -0.229 16.948 15.229 -41.942 -0.555 -12.971 -5.616
1.732 -0.229 -17.965 -17.963 135.003 -0.626 40.063 3.883
2.041 -0.275 -17.965 -17.963 135.003 -0.836 39.916 12.239
2.345 -0.237 16.948 16.4 -44.059 -0.793 -13.773 8.846
2.648 -0.298 -17.965 -17.963 135.003 -1.087 39.74 15.898
2.947 -0.214 17.287 16.01 -42.804 -0.845 -13.433 12.724
3.251 -0.244 -17.965 -17.963 135.003 -1.037 39.775 18.908
3.559 -0.328 -17.965 -17.963 135.003 -1.495 39.454 24.497
3.863 -0.298 17.457 15.034 -40.735 -1.449 -13.235 21.439
4.168 -0.359 -17.965 -17.963 135.003 -1.855 39.202 26.437
4.470 -0.29 17.287 15.424 -41.74 -1.586 -13.632 23.504
4.775 -0.275 -17.965 -17.963 135.003 -1.588 39.389 27.961
5.074 -0.298 -17.965 -17.963 135.003 -1.81 39.234 32.056
5.374 -0.29 17.118 15.424 -42.02 -1.848 -13.9 29.211
5.676 -0.267 -17.965 -17.963 135.003 -1.782 39.253 32.967
5.975 -0.328 15.253 15.424 -45.319 -2.288 -15.197 30.21
6.278 -0.198 -17.965 -17.963 135.003 -1.441 39.492 33.677
6.578 -0.381 -17.965 -17.963 135.003 -2.887 38.48 36.902
6.877 -0.198 15.592 14.644 -43.204 -1.56 -14.053 34.355
7.180 -0.267 -17.965 -17.963 135.003 -2.184 38.972 37.466
7.480 -0.336 -17.965 -17.963 135.003 -2.849 38.507 40.37
7.782 -0.244 15.762 16.4 -46.136 -2.143 -15.341 37.85
8.084 -0.351 -17.965 -17.963 135.003 -3.188 38.269 40.547
8.383 -0.305 16.27 16.01 -44.539 -2.862 -15.365 38.198
8.688 -0.313 -17.965 -17.963 135.003 -3.032 38.378 40.715
8.988 -0.229 -17.965 -17.963 135.003 -2.287 38.9 43.171
9.293 -0.29 17.457 15.229 -41.101 -2.985 -14.42 40.976
9.596 -0.214 -17.965 -17.963 135.003 -2.268 38.913 43.26
9.895 -0.267 16.44 16.4 -44.93 -2.909 -15.515 41.111
