time gyroz magX magY yaw_mag yaw_gyro yaw_cf yaw_kf
0.202 -0.191 -5.036 -24.863 101.45 -0.039 30.408 80.968
0.252 -0.198 63.567 2.846 -2.564 -0.241 -0.938 43.747
0.304 -0.237 -5.036 -24.863 101.45 -0.27 30.246 61.512
0.354 -0.237 61.934 2.545 -2.353 -0.321 -0.931 46.427
0.406 -0.191 -5.036 -24.863 101.45 -0.315 30.214 56.91
0.455 -0.244 -5.036 -24.863 101.45 -0.302 30.224 64.037
0.504 -0.16 65.473 2.395 -2.095 -0.325 -0.856 54.85
0.555 -0.214 -5.036 -24.863 101.45 -0.279 30.24 60.506
0.604 -0.191 -5.036 -24.863 101.45 -0.329 30.205 64.944
0.653 -0.198 66.017 2.696 -2.339 -0.32 -0.926 58.293
0.704 -0.191 -5.036 -24.863 101.45 -0.332 30.203 62.148
0.753 -0.198 64.112 2.244 -2.005 -0.34 -0.839 56.812
0.805 -0.267 -5.036 -24.863 101.45 -0.413 30.146 60.202
0.855 -0.183 -5.036 -24.863 101.45 -0.423 30.139 63.128
0.905 -0.214 64.112 3.449 -3.079 -0.377 -1.188 58.664
0.956 -0.244 -5.036 -24.863 101.45 -0.447 30.122 61.332
1.006 -0.168 65.744 2.545 -2.217 -0.413 -0.954 57.515
1.057 -0.183 -5.036 -24.863 101.45 -0.361 30.182 59.972
1.107 -0.206 -5.036 -24.863 101.45 -0.411 30.147 62.179
1.157 -0.313 65.2 2.846 -2.499 -0.568 -1.147 58.819
1.209 -0.175 -5.036 -24.863 101.45 -0.525 30.068 60.889
1.259 -0.237 66.017 1.792 -1.555 -0.473 -0.798 57.91
1.314 -0.229 -5.036 -24.863 101.45 -0.538 30.058 59.852
1.365 -0.244 63.839 2.093 -1.878 -0.562 -0.957 57.119
1.417 -0.229 -5.036 -24.863 101.45 -0.568 30.037 58.954
1.468 -0.214 -5.036 -24.863 101.45 -0.543 30.055 60.658
1.519 -0.275 63.294 3.298 -2.983 -0.632 -1.337 58.108
1.573 -0.191 -5.036 -24.863 101.45 -0.575 30.032 59.739
1.623 -0.221 62.75 2.093 -1.91 -0.55 -0.958 57.41
1.675 -0.221 -5.036 -24.863 101.45 -0.591 30.021 58.972
1.727 -0.244 -5.036 -24.863 101.45 -0.642 29.986 60.439
1.777 -0.259 66.289 3.148 -2.719 -0.704 -1.308 58.231
1.830 -0.259 -5.036 -24.863 101.45 -0.733 29.922 59.648
1.880 -0.198 65.744 3.75 -3.265 -0.631 -1.421 57.55
1.933 -0.267 -5.036 -24.863 101.45 -0.714 29.935 58.923
1.984 -0.267 -5.036 -24.863 101.45 -0.797 29.877 60.227
2.034 -0.191 64.657 2.846 -2.52 -0.655 -1.214 58.262
2.086 -0.237 -5.036 -24.863 101.45 -0.685 29.955 59.536
2.137 -0.191 64.657 2.846 -2.52 -0.645 -1.208 57.661
2.188 -0.206 -5.036 -24.863 101.45 -0.642 29.986 58.908
2.238 -0.229 -5.036 -24.863 101.45 -0.719 29.932 60.1
2.288 -0.137 66.289 3.148 -2.719 -0.542 -1.195 58.301
2.347 -0.237 -5.036 -24.863 101.45 -0.693 29.95 59.47
2.397 -0.252 66.833 2.244 -1.923 -0.841 -1.166 57.749
2.451 -0.275 -5.036 -24.863 101.45 -0.926 29.787 58.893
2.501 -0.214 66.833 1.641 -1.407 -0.81 -0.989 57.249
2.553 -0.206 -5.036 -24.863 101.45 -0.74 29.917 58.381
2.603 -0.229 -5.036 -24.863 101.45 -0.802 29.874 59.472
2.652 -0.259 66.562 2.093 -1.801 -0.916 -1.182 57.859
2.703 -0.252 -5.036 -24.863 101.45 -0.94 29.777 58.933
2.753 -0.221 65.473 3.298 -2.884 -0.86 -1.467 57.342
2.805 -0.259 -5.036 -24.863 101.45 -0.947 29.772 58.404
2.855 -0.267 -5.036 -24.863 101.45 -1.021 29.72 59.432
2.905 -0.29 66.562 3.6 -3.096 -1.109 -1.705 57.864
2.956 -0.183 -5.036 -24.863 101.45 -0.831 29.853 58.892
3.007 -0.237 65.744 2.545 -2.217 -0.896 -1.292 57.389
3.058 -0.168 -5.036 -24.863 101.45 -0.751 29.909 58.41
3.108 -0.259 -5.036 -24.863 101.45 -0.973 29.754 59.394
3.157 -0.198 64.112 2.846 -2.542 -0.884 -1.381 57.912
3.208 -0.267 -5.036 -24.863 101.45 -1.055 29.696 58.89
3.259 -0.183 -5.036 -24.863 101.45 -0.863 29.831 59.85
3.309 -0.221 66.833 2.244 -1.923 -0.914 -1.217 58.401
3.361 -0.221 -5.036 -24.863 101.45 -0.964 29.76 59.354
