time gyroz magX magY yaw_mag yaw_gyro yaw_cf yaw_kf
0.391 -0.16 61.66 6.01 -5.567 -0.063 -4.191 -5.616
0.628 -0.29 60.03 5.71 -5.434 -0.342 -4.161 -5.555
0.869 1.884 61.66 4.5 -4.174 1.347 -2.794 -5.031
1.122 -0.351 63.02 4.95 -4.491 1.49 -2.996 -4.9
1.363 -0.145 62.48 6.16 -5.631 -0.549 -4.36 -5.033
1.610 -0.29 62.75 6.31 -5.742 -0.612 -4.459 -5.155
1.854 -0.252 60.03 6.91 -6.566 -0.757 -5.114 -5.362
2.099 -0.175 60.84 6.46 -6.061 -0.619 -4.7 -5.456
2.340 -0.237 62.48 5.26 -4.812 -0.73 -3.792 -5.401
2.600 -0.237 64.38 4.8 -4.264 -0.853 -3.411 -5.307
2.840 -0.29 63.29 6.01 -5.425 -1.061 -4.334 -5.341
3.083 -0.427 61.39 5.56 -5.175 -1.606 -4.283 -5.362
3.327 -3.265 61.93 6.16 -5.68 -11.29 -7.082 -5.633
3.574 0.145 61.12 7.21 -6.728 -2.747 -5.733 -5.727
3.823 22.911 60.3 5.56 -5.268 87.734 17.982 -3.997
4.069 0.259 59.21 6.16 -5.939 23.965 1.537 -3.993
4.313 -0.504 65.74 7.67 -6.655 -1.915 -5.47 -4.091
4.556 0.328 66.83 8.87 -7.56 0.99 -5.422 -4.175
4.798 -0.023 67.38 7.67 -6.494 0.218 -4.816 -4.22
5.041 0.092 63.57 7.97 -7.146 0.441 -5.249 -4.289
5.283 -0.313 68.47 7.36 -6.135 -1.562 -4.992 -4.337
5.526 -14.099 66.29 7.97 -6.856 -78.224 -24.698 -5.533
5.769 -62.714 67.92 10.07 -8.433 164.104 34.701 -10.787
6.012 -96.642 69.83 12.33 -10.014 -103.726 -33.442 -18.997
6.262 -72.014 73.37 13.99 -10.795 -7.594 -9.995 -25.317
6.512 -40.619 78.54 15.95 -11.48 -156.525 -47.741 -29.091
6.769 -19.302 76.36 15.65 -11.582 -171.274 -51.505 -31.057
7.028 -7.896 79.63 15.95 -11.327 -74.795 -27.194 -31.994
7.287 -38.04 78.81 15.8 -11.336 -105.093 -34.775 -35.474
7.539 -51.262 83.44 15.04 -10.218 115.496 21.21 -40.059
7.780 -79.041 87.25 13.24 -8.629 -126.201 -38.022 -47.041
8.024 -87.601 91.61 11.43 -7.112 118.049 24.178 -54.783
8.270 -46.188 101.14 8.27 -4.675 70.424 14.1 -58.804
8.508 -69.778 108.76 6.76 -3.557 -99.859 -27.632 -64.891
8.750 -79.964 112.3 2.7 -1.377 130.537 31.602 -71.847
8.989 -35.744 104.95 1.64 -0.895 138.733 34.012 -74.777
9.239 -71.922 94.06 -2.58 1.571 -160.231 -38.88 -80.909
9.478 -40.237 91.88 -4.08 2.543 86.712 23.585 -84.085
9.718 3.143 92.42 -3.18 1.971 -9.693 -0.945 -83.192
9.959 -30.174 93.51 -2.27 1.391 -117.36 -28.297 -85.342
10.200 -61.455 96.78 -2.27 1.344 -117.015 -28.246 -90.402
10.442 -41.42 91.33 -2.27 1.424 46.037 12.577 -93.554
10.684 -78.857 91.88 -0.77 0.48 16.072 4.378 -100.277
10.925 -86.845 90.79 -1.07 0.675 -127.639 -31.403 -107.774
11.162 -36.537 85.07 1.19 -0.801 45.329 10.732 -110.458
11.403 -38.422 82.35 2.09 -1.454 65.337 15.244 -113.282
11.645 -52.452 90.52 3.0 -1.898 -109.226 -28.73 -117.433
11.889 22.896 89.43 3.6 -2.305 39.759 8.211 -114.158
12.129 -20.073 92.42 3.75 -2.324 -40.569 -11.885 -115.001
12.370 -22.095 94.33 4.5 -2.731 -113.388 -30.395 -115.998
12.609 -42.046 91.88 7.97 -4.958 -12.253 -6.782 -118.987
12.852 6.821 87.8 9.02 -5.866 45.617 7.005 -117.084
13.093 7.034 76.91 7.51 -5.577 98.917 20.546 -115.076
13.335 -7.553 68.47 7.67 -6.392 -93.685 -28.215 -114.492
13.577 -12.383 67.11 7.82 -6.646 -175.677 -48.904 -114.361
13.818 -0.702 66.56 8.42 -7.21 -22.083 -10.928 -113.025
14.067 -1.556 67.92 7.67 -6.443 -22.59 -10.48 -111.718
14.309 -0.069 66.56 7.82 -6.701 -2.543 -5.661 -110.234
14.551 -3.426 68.74 6.91 -5.74 -49.921 -16.785 -109.044
14.793 -0.092 64.11 7.36 -6.549 -4.787 -6.108 -107.512
15.037 -0.214 66.02 8.72 -7.524 -3.31 -6.47 -105.997
15.284 -0.137 66.29 7.36 -6.335 -2.308 -5.328 -104.433
15.526 -0.374 64.93 9.02 -7.909 -5.944 -7.418 -102.921
15.768 -0.275 62.48 9.17 -8.35 -4.71 -7.44 -101.403
16.007 -1.16 60.03 6.91 -6.566 -18.843 -9.635 -99.934
16.249 -0.32 60.57 6.61 -6.228 -6.36 -6.261 -98.371
16.491 -3.349 57.85 5.41 -5.343 -55.548 -17.894 -97.108
16.739 0.13 60.57 4.8 -4.531 -1.173 -3.692 -95.47
16.980 -0.862 59.76 4.95 -4.735 -14.507 -7.178 -93.949
17.221 -0.175 57.31 4.5 -4.49 -3.876 -4.336 -92.36
17.463 0.107 58.39 5.11 -5.001 1.694 -3.327 -90.764
17.710 0.015 60.3 4.95 -4.693 0.373 -3.426 -89.183
17.950 -0.084 60.57 5.41 -5.104 -1.493 -4.201 -87.636
18.191 0.023 58.12 4.95 -4.868 0.334 -3.568 -86.088
18.439 1.877 60.3 4.35 -4.126 34.633 5.564 -84.342
18.686 -1.457 58.12 3.75 -3.692 -25.349 -9.106 -82.96
18.929 -0.366 59.48 5.41 -5.197 -8.385 -5.994 -81.513
19.172 -0.16 58.94 4.2 -4.076 -3.434 -3.915 -80.038
19.413 -0.153 58.39 6.01 -5.877 -3.13 -5.19 -78.621
19.654 -0.198 59.76 5.56 -5.315 -4.044 -4.997 -77.216
19.895 -0.282 58.67 4.65 -4.532 -5.808 -4.851 -75.824
20.139 -0.259 59.76 4.35 -4.163 -5.498 -4.497 -74.442
20.379 -0.16 58.67 4.65 -4.532 -3.52 -4.279 -73.079
20.623 -0.191 60.57 5.11 -4.822 -4.099 -4.641 -71.746
20.862 -0.237 58.94 5.11 -4.955 -5.135 -5.0 -70.442
21.105 -0.237 58.67 4.95 -4.823 -5.239 -4.927 -69.156
21.344 -0.252 60.03 4.5 -4.287 -5.616 -4.619 -67.882
21.588 -0.29 60.57 6.31 -5.947 -6.513 -6.088 -66.668
21.828 -0.237 59.76 4.95 -4.735 -5.463 -4.917 -65.445
22.070 -0.168 59.48 5.71 -5.484 -3.945 -5.099 -64.25
22.310 -0.168 59.76 4.35 -4.163 -3.916 -4.101 -63.049
22.550 -0.221 61.39 4.35 -4.053 -5.152 -4.328 -61.873
22.796 -0.191 58.39 5.41 -5.294 -4.575 -5.114 -60.74
23.040 -0.252 59.21 4.35 -4.202 -5.997 -4.651 -59.612
