time gyroz magX magY yaw_mag yaw_gyro yaw_cf yaw_kf
1.082 -0.298 66.289 4.352 -3.756 -0.322 -1.352 -3.42
2.015 -0.221 64.657 3.449 -3.053 -0.743 -1.436 -3.277
2.951 -0.221 64.112 2.846 -2.542 -0.873 -1.374 -3.075
3.885 -0.229 65.744 2.846 -2.479 -1.111 -1.521 -2.962
4.819 -0.229 66.017 0.287 -0.249 -1.333 -1.008 -2.472
5.755 -0.259 66.833 3.449 -2.954 -1.72 -2.09 -2.581
6.690 1.16 63.839 2.997 -2.688 7.501 4.444 -2.532
7.623 -0.359 68.196 3.901 -3.274 -1.577 -2.086 -2.649
8.559 6.31 72.006 5.708 -4.532 53.648 36.194 -2.417
9.492 -8.987 77.45 6.913 -5.101 -78.995 -56.827 -3.274
10.425 -10.681 78.812 8.267 -5.988 -120.336 -86.032 -4.311
11.359 -2.838 81.262 9.623 -6.753 -42.918 -32.068 -4.815
12.294 -12.337 69.556 -2.274 1.873 -154.509 -107.594 -5.314
13.237 -29.984 82.623 13.689 -9.407 130.765 88.713 -8.006
14.176 -74.28 85.89 13.087 -8.663 177.023 121.317 -13.962
15.122 -45.433 95.146 12.484 -7.475 138.682 94.835 -17.717
16.066 -55.702 96.507 12.936 -7.635 -40.341 -30.529 -22.284
17.007 -17.38 109.031 8.418 -4.415 -171.284 -121.223 -23.725
17.950 5.936 105.219 7.515 -4.085 89.171 61.194 -23.298
18.894 11.559 107.124 7.364 -3.932 44.332 29.853 -22.361
19.837 56.305 103.585 7.515 -4.149 -131.519 -93.308 -17.8
20.785 55.153 100.046 13.689 -7.791 -57.34 -42.475 -13.379
21.728 43.175 89.974 12.334 -7.806 93.259 62.94 -9.82
22.670 -0.473 87.795 10.827 -7.03 32.452 20.607 -9.744
23.605 0.13 75.0 7.966 -6.063 2.596 -0.002 -9.586
24.539 -3.006 78.268 7.966 -5.811 -73.634 -53.287 -9.69
25.473 0.061 77.723 9.774 -7.168 -1.452 -3.167 -9.604
26.405 0.42 65.744 2.846 -2.479 11.151 7.062 -9.31
27.339 2.434 67.106 2.395 -2.044 66.963 46.261 -8.842
28.275 -0.122 64.657 1.943 -1.721 -1.016 -1.228 -8.596
29.210 -0.16 67.106 2.093 -1.786 -4.796 -3.893 -8.37
30.145 -0.32 64.928 2.093 -1.846 -9.806 -7.418 -8.174
31.079 -0.252 67.378 1.34 -1.139 -8.152 -6.048 -7.962
32.013 -0.29 65.473 2.093 -1.831 -9.536 -7.224 -7.788
32.948 -0.183 65.2 1.34 -1.177 -6.319 -4.776 -7.593
33.883 -0.32 66.017 2.997 -2.599 -11.026 -8.498 -7.467
34.818 -0.328 66.017 3.298 -2.86 -11.74 -9.076 -7.357
35.752 -0.206 67.106 3.298 -2.814 -7.693 -6.229 -7.241
36.687 -0.244 64.928 1.491 -1.316 -9.158 -6.805 -7.091
37.622 -0.229 66.562 2.395 -2.061 -8.859 -6.82 -6.968
38.557 -0.259 64.928 2.093 -1.846 -10.215 -7.704 -6.848
39.492 -0.214 66.833 2.244 -1.923 -8.71 -6.674 -6.732
40.427 -0.244 66.017 2.696 -2.339 -10.078 -7.756 -6.636
41.362 -0.206 66.833 2.545 -2.181 -8.765 -6.79 -6.537
42.296 -0.29 67.106 2.395 -2.044 -12.472 -9.344 -6.447
43.229 -0.237 63.839 2.395 -2.149 -10.535 -8.019 -6.359
44.166 -0.305 64.928 2.395 -2.113 -13.708 -10.23 -6.28
45.101 -0.343 66.289 2.244 -1.939 -15.775 -11.624 -6.205
46.036 -0.13 63.567 3.148 -2.835 -6.328 -5.28 -6.135
