time,s Volts,V  gyroz magX magY yaw_rm yaw_rg yaw_cf yaw_kf
0.0 -0.168 -7.03 17.8 -111.551 -0.028 -83.67 0
0.001 -0.412 -3.9 18.74 -101.756 -0.125 -76.348 0
0.002 -1.877 -7.8 19.52 -111.781 -0.507 -83.963 0
0.003 -0.336 -5.72 19.2 -106.59 -0.853 -80.156 0
0.004 -0.29 -5.72 18.27 -107.384 -0.856 -80.752 0
0.008 -0.023 -5.72 18.89 -106.847 -0.528 -80.267 0
0.009 -0.267 -4.68 18.27 -104.368 -0.205 -78.327 0
0.01 -0.366 -3.38 18.74 -100.224 -0.209 -75.22 0
0.012 0.122 -6.5 18.42 -109.437 -0.199 -82.127 0
0.014 0.16 -5.46 18.11 -106.778 -0.097 -80.108 0
0.015 0.023 -6.24 18.27 -108.857 -179.961 -126.633 0
0.016 -0.404 -5.2 17.64 -106.425 -179.986 -124.815 0
0.018 -0.542 -4.16 17.02 -103.735 -0.198 -77.851 0
0.021 1.213 -7.55 19.36 -111.305 -0.121 -83.509 0
0.024 -0.275 -5.72 17.96 -107.666 -179.86 -125.715 0
0.025 -0.32 -4.16 18.58 -102.62 -179.838 -121.924 0
0.028 -1.259 -7.03 17.17 -112.266 -0.215 -84.253 0
0.031 -0.336 -4.94 18.11 -105.258 -0.667 -79.11 0
0.035 -0.084 -5.46 17.49 -107.337 -0.611 -80.656 0
0.038 0.084 -5.98 18.11 -108.273 -0.339 -81.289 0
0.041 0.092 -5.2 17.64 -106.425 -0.037 -79.828 0
0.046 1.038 -4.68 17.33 -105.112 -179.778 -123.779 0
0.046 -0.275 -5.2 18.27 -105.887 -179.607 -124.317 0
0.049 -0.229 -4.94 17.8 -105.511 -179.782 -124.079 0
0.053 -0.16 -4.94 19.36 -104.314 -0.034 -78.244 0
0.057 -0.435 -6.24 17.96 -109.159 -0.257 -81.934 0
0.058 0.053 -8.58 17.8 -115.735 -0.253 -86.864 0
0.059 -0.031 -6.24 18.27 -108.857 -0.156 -81.682 0
0.064 -0.29 -4.94 18.11 -105.258 -0.115 -78.972 0
0.068 -0.153 -4.68 18.27 -104.368 -0.143 -78.312 0
0.071 -0.061 -3.9 18.42 -101.954 -0.174 -76.509 0
0.076 -0.008 -4.68 17.96 -104.605 -0.126 -78.485 0
0.081 -0.42 -3.64 17.96 -101.457 -0.119 -76.123 0
0.082 -0.16 -4.68 19.52 -103.482 -0.214 -77.665 0
0.085 -0.679 -5.72 19.2 -106.59 -0.321 -80.023 0
