time gyroz magX magY yaw_mag yaw_gyro yaw_cf yaw_kf
0.253 -0.275 24.458 23.188 -43.473 -0.345 -13.283 -44.819
0.754 -0.198 23.794 22.416 -43.292 -0.347 -13.231 -44.689
1.261 0.008 23.463 23.188 -44.662 0.018 -13.386 -44.719
1.769 -20.592 24.624 23.573 -43.751 -57.019 -53.039 -44.683
2.277 -17.578 27.445 25.5 -42.896 -57.603 -53.191 -44.618
2.782 -62.737 25.785 24.923 -44.026 -57.271 -53.298 -44.699
3.289 -89.302 30.1 27.62 -42.54 156.984 97.127 -44.71
3.796 0.015 37.733 28.007 -36.584 0.072 -10.925 -44.236
4.303 47.394 38.562 26.271 -34.265 71.33 39.652 -43.613
4.810 64.804 35.576 27.428 -37.631 -163.489 -125.732 -42.857
5.319 63.835 30.763 27.235 -41.519 -136.627 -108.095 -42.392
5.828 19.714 26.117 23.573 -42.069 134.607 81.604 -42.297
6.337 -17.471 24.624 21.453 -41.063 -128.185 -102.048 -42.299
6.846 -84.084 24.79 23.188 -43.088 -119.723 -96.732 -42.385
7.353 -62.286 32.257 27.428 -40.374 19.725 1.695 -42.427
7.859 -9.613 35.244 26.657 -37.102 -85.162 -70.744 -42.194
8.367 42.641 36.903 26.078 -35.247 -140.582 -108.982 -41.775
8.873 72.487 35.077 27.235 -37.827 175.664 111.617 -40.952
9.379 53.36 30.266 27.235 -41.983 13.823 -2.919 -40.605
9.886 4.059 27.113 23.38 -40.772 44.186 18.699 -40.498
10.393 -0.229 23.131 22.995 -44.831 -2.609 -15.276 -40.558
10.898 -0.351 22.633 22.995 -45.455 -4.176 -16.56 -41.319
11.406 -0.221 23.794 22.801 -43.779 -2.742 -15.053 -41.794
11.912 -0.252 23.628 23.38 -44.698 -3.254 -15.687 -42.136
12.418 -0.282 22.799 24.151 -46.649 -3.784 -16.644 -42.319
12.926 -0.29 24.292 23.958 -44.603 -4.039 -16.208 -42.455
13.440 -0.397 22.965 22.609 -44.552 -5.733 -17.379 -42.576
13.950 -0.214 23.794 22.995 -44.022 -3.199 -15.446 -43.497
14.466 -0.305 23.296 23.188 -44.867 -4.717 -16.762 -43.545
14.976 -0.29 23.628 23.573 -44.933 -4.633 -16.723 -43.595
15.486 -0.298 23.131 23.188 -45.071 -4.913 -16.96 -43.653
15.994 -0.275 23.794 22.801 -43.779 -4.673 -16.405 -43.695
