time gyroz magX magY yaw_rm yaw_rg yaw_cf yaw_kf
0.394 -0.175 63.84 6.61 -5.911 -0.069 -4.45 -5.913
0.396 0.511 63.29 8.12 -7.311 0.027 -5.476 -6.75
0.398 0.343 64.11 7.67 -6.822 0.648 -4.955 -6.857
0.401 -0.153 64.38 7.21 -6.39 0.282 -4.722 -6.681
0.405 -0.107 63.02 7.67 -6.939 -0.196 -5.253 -6.825
0.411 -0.259 62.48 8.87 -8.08 -0.213 -6.113 -7.418
0.418 -0.206 65.2 7.67 -6.709 -0.345 -5.118 -7.237
0.42 -0.191 63.84 7.82 -6.984 -0.286 -5.309 -7.209
0.424 -0.259 63.29 8.12 -7.311 -0.301 -5.558 -7.3
0.429 -0.366 64.66 7.06 -6.231 -0.416 -4.777 -7.008
0.434 -0.168 63.57 6.76 -6.07 -0.439 -4.662 -6.739
0.439 -0.198 65.2 8.27 -7.229 -0.255 -5.486 -6.87
0.445 -0.13 66.02 6.31 -5.46 -0.256 -4.159 -6.484
0.45 -0.237 63.29 6.91 -6.231 -0.237 -4.732 -6.383
0.456 -0.206 66.29 7.36 -6.335 -0.331 -4.834 -6.332
0.461 -5.18 63.29 7.51 -6.767 -2.594 -5.724 -6.42
0.467 -2.449 61.39 7.06 -6.56 -6.324 -6.501 -6.438
0.472 -0.237 64.11 6.46 -5.754 -2.561 -4.956 -6.259
0.475 -0.16 66.02 7.21 -6.233 -0.313 -4.753 -6.22
0.477 -0.183 63.29 7.82 -7.044 -0.247 -5.345 -6.377
0.48 -0.13 62.21 8.12 -7.437 -0.245 -5.639 -6.603
0.483 -0.221 62.21 7.21 -6.611 -0.237 -5.017 -6.615
0.487 -0.191 64.11 8.27 -7.35 -0.314 -5.591 -6.79
0.493 -0.244 60.84 7.36 -6.898 -0.311 -5.251 -6.84
0.498 -0.153 64.11 7.06 -6.284 -0.32 -4.793 -6.743
0.503 -0.206 63.29 7.51 -6.767 -0.257 -5.14 -6.763
0.508 -0.16 64.11 7.97 -7.087 -0.287 -5.387 -6.849
0.513 -0.175 62.75 6.31 -5.742 -0.25 -4.369 -6.625
0.517 -0.298 64.93 7.21 -6.336 -0.329 -4.834 -6.558
0.522 -0.183 63.57 8.57 -7.678 -0.394 -5.857 -6.798
0.527 -0.168 64.66 7.67 -6.765 -0.272 -5.142 -6.806
0.532 -0.221 60.3 9.17 -8.647 -0.286 -6.557 -7.229
0.537 -0.214 65.47 8.12 -7.07 -0.336 -5.386 -7.247
