time gyroz magX magY yaw_mag yaw_gyro yaw_cf yaw_kf
0.201 -0.267 -5.036 -24.863 101.45 -0.054 30.397 80.357
0.252 -0.298 70.645 7.364 -5.951 -0.342 -2.025 41.892
0.306 1.579 -5.036 -24.863 101.45 0.185 30.564 60.329
0.361 -0.771 71.734 6.762 -5.385 1.301 -0.705 44.804
0.419 -0.282 -5.036 -24.863 101.45 -0.889 29.813 55.607
0.472 -2.617 -5.036 -24.863 101.45 -1.517 29.373 62.798
0.525 1.869 72.006 6.31 -5.008 -1.636 -2.648 53.502
0.581 -1.16 -5.036 -24.863 101.45 1.195 31.272 59.262
0.641 0.328 71.734 7.364 -5.861 -0.95 -2.423 52.176
0.700 -0.374 -5.036 -24.863 101.45 0.066 30.481 56.989
0.753 -0.427 70.917 7.214 -5.808 -0.696 -2.23 51.298
0.810 -0.359 -5.036 -24.863 101.45 -0.718 29.932 55.406
0.867 -0.282 68.467 6.159 -5.14 -0.603 -1.964 50.724
0.923 -0.237 -5.036 -24.863 101.45 -0.501 30.084 54.315
0.978 -0.282 -5.036 -24.863 101.45 -0.513 30.076 57.44
1.033 -0.328 70.917 6.31 -5.085 -0.621 -1.96 53.456
1.094 -0.32 -5.036 -24.863 101.45 -0.678 29.96 56.278
1.153 -0.191 69.828 6.913 -5.654 -0.54 -2.074 52.743
1.210 -0.313 -5.036 -24.863 101.45 -0.57 30.036 55.324
1.266 -0.305 72.279 7.364 -5.817 -0.699 -2.234 52.141
1.326 -0.244 -5.036 -24.863 101.45 -0.629 29.995 54.528
1.382 -0.168 70.101 6.461 -5.266 -0.476 -1.913 51.676
1.440 -0.244 -5.036 -24.863 101.45 -0.519 30.072 53.895
1.494 -0.252 71.19 7.063 -5.666 -0.62 -2.134 51.254
1.551 -0.366 -5.036 -24.863 101.45 -0.82 29.861 53.323
1.607 -0.328 -5.036 -24.863 101.45 -0.893 29.81 55.245
1.660 -0.198 71.734 6.159 -4.907 -0.657 -1.932 52.837
1.717 -0.282 -5.036 -24.863 101.45 -0.682 29.958 54.662
1.775 -0.198 70.645 6.762 -5.468 -0.633 -2.084 52.39
1.833 -0.16 -5.036 -24.863 101.45 -0.491 30.091 54.139
1.890 -0.267 70.372 7.214 -5.853 -0.665 -2.221 51.983
1.947 -0.244 -5.036 -24.863 101.45 -0.742 29.916 53.648
2.000 -0.259 70.101 6.461 -5.266 -0.762 -2.113 51.63
2.054 -0.229 -5.036 -24.863 101.45 -0.729 29.925 53.23
2.108 -0.275 -5.036 -24.863 101.45 -0.809 29.869 54.744
2.164 -0.275 70.917 6.31 -5.085 -0.87 -2.134 52.824
2.220 -0.175 -5.036 -24.863 101.45 -0.663 29.971 54.296
2.273 -0.259 69.283 5.406 -4.462 -0.764 -1.873 52.481
2.329 -0.298 -5.036 -24.863 101.45 -0.953 29.768 53.896
2.384 -0.252 70.101 5.858 -4.777 -0.899 -2.062 52.145
2.439 -0.221 -5.036 -24.863 101.45 -0.791 29.881 53.527
2.493 -0.206 -5.036 -24.863 101.45 -0.735 29.92 54.855
2.547 -0.137 70.372 7.515 -6.095 -0.555 -2.217 53.134
2.605 -0.214 -5.036 -24.863 101.45 -0.694 29.949 54.43
2.657 -0.252 69.556 5.256 -4.321 -0.884 -1.915 52.805
2.713 -0.267 -5.036 -24.863 101.45 -0.976 29.752 54.068
2.768 -0.221 69.283 6.913 -5.698 -0.879 -2.325 52.459
2.824 -0.229 -5.036 -24.863 101.45 -0.868 29.827 53.702
2.878 -0.259 -5.036 -24.863 101.45 -0.974 29.753 54.899
2.933 -0.221 70.917 6.611 -5.326 -0.907 -2.233 53.335
2.987 -0.244 -5.036 -24.863 101.45 -0.95 29.77 54.515
3.046 -0.206 70.101 7.364 -5.997 -0.871 -2.409 52.976
3.100 -0.313 -5.036 -24.863 101.45 -1.176 29.612 54.132
3.155 -0.298 69.556 7.063 -5.798 -1.253 -2.616 52.626
3.210 -0.229 -5.036 -24.863 101.45 -1.033 29.712 53.775
3.270 -0.298 69.012 7.364 -6.091 -1.203 -2.669 52.295
3.326 -0.229 -5.036 -24.863 101.45 -1.06 29.693 53.431
3.381 -0.229 -5.036 -24.863 101.45 -1.003 29.733 54.535
3.435 -0.29 72.824 6.762 -5.305 -1.225 -2.449 53.094
3.492 -0.229 -5.036 -24.863 101.45 -1.09 29.672 54.187
3.550 -0.16 71.734 6.159 -4.907 -0.797 -2.03 52.795
3.606 -0.32 -5.036 -24.863 101.45 -1.314 29.515 53.87
3.661 -0.275 70.101 7.364 -5.997 -1.327 -2.728 52.465
3.720 -0.267 -5.036 -24.863 101.45 -1.268 29.547 53.538
3.772 -0.282 70.917 6.913 -5.568 -1.331 -2.602 52.164
3.828 -0.168 -5.036 -24.863 101.45 -0.925 29.787 53.24
3.882 -0.145 -5.036 -24.863 101.45 -0.731 29.923 54.293
3.937 -0.29 68.74 6.611 -5.493 -1.287 -2.549 52.929
3.992 -0.229 -5.036 -24.863 101.45 -1.204 29.592 53.968
4.051 -0.221 70.645 5.557 -4.498 -1.124 -2.136 52.651
4.105 -0.206 -5.036 -24.863 101.45 -1.067 29.688 53.688
4.163 -0.198 70.101 7.063 -5.753 -1.03 -2.447 52.363
4.221 -0.214 -5.036 -24.863 101.45 -1.101 29.664 53.395
4.277 -0.298 71.461 7.214 -5.764 -1.489 -2.772 52.075
4.333 -0.214 -5.036 -24.863 101.45 -1.225 29.577 53.105
4.392 -0.244 -5.036 -24.863 101.45 -1.286 29.535 54.109
4.447 -0.237 71.19 6.461 -5.186 -1.298 -2.464 52.81
4.501 -0.313 -5.036 -24.863 101.45 -1.646 29.283 53.805
4.554 -0.282 69.556 6.762 -5.553 -1.597 -2.784 52.506
4.611 -0.229 -5.036 -24.863 101.45 -1.338 29.498 53.509
4.665 -0.237 69.556 6.461 -5.307 -1.335 -2.527 52.233
4.721 -0.214 -5.036 -24.863 101.45 -1.247 29.562 53.236
4.775 -0.298 70.917 6.611 -5.326 -1.637 -2.744 51.965
4.836 -0.259 -5.036 -24.863 101.45 -1.551 29.349 52.963
4.889 -0.305 -5.036 -24.863 101.45 -1.75 29.21 53.936
4.943 -0.168 69.283 6.611 -5.451 -1.135 -2.43 52.673
4.998 -0.275 -5.036 -24.863 101.45 -1.542 29.356 53.65
5.053 -0.175 69.828 5.708 -4.673 -1.159 -2.213 52.414
5.111 -0.229 -5.036 -24.863 101.45 -1.345 29.493 53.395
5.170 -0.351 70.645 7.063 -5.709 -2.044 -3.143 52.128
5.226 -0.298 -5.036 -24.863 101.45 -1.908 29.099 53.103
5.281 -0.305 69.556 6.762 -5.553 -1.909 -3.002 51.853
5.339 -0.145 -5.036 -24.863 101.45 -1.079 29.68 52.846
5.391 -0.29 -5.036 -24.863 101.45 -1.708 29.239 53.805
5.450 -0.229 68.74 6.611 -5.493 -1.538 -2.724 52.559
5.515 -0.206 -5.036 -24.863 101.45 -1.365 29.479 53.529
5.568 -0.267 71.461 6.31 -5.046 -1.693 -2.699 52.296
5.627 -0.282 -5.036 -24.863 101.45 -1.854 29.137 53.259
5.682 -0.191 70.917 5.708 -4.602 -1.367 -2.338 52.052
5.741 -0.32 -5.036 -24.863 101.45 -2.028 29.015 53.012
5.793 -0.267 70.372 7.815 -6.337 -1.867 -3.208 51.768
5.852 -0.267 -5.036 -24.863 101.45 -1.829 29.155 52.737
5.906 -0.313 -5.036 -24.863 101.45 -2.116 28.954 53.684
5.960 -0.244 72.824 6.461 -5.07 -1.767 -2.758 52.461
6.018 -0.206 -5.036 -24.863 101.45 -1.484 29.396 53.422
6.075 -0.313 70.372 6.611 -5.367 -2.107 -3.085 52.192
6.130 -0.298 -5.036 -24.863 101.45 -2.14 28.937 53.145
6.186 -0.282 68.74 7.515 -6.239 -2.042 -3.301 51.908
6.245 -0.214 -5.036 -24.863 101.45 -1.618 29.302 52.873
6.301 -0.259 70.917 5.708 -4.602 -1.846 -2.673 51.678
6.356 -0.206 -5.036 -24.863 101.45 -1.568 29.337 52.647
6.410 -0.237 -5.036 -24.863 101.45 -1.725 29.228 53.596
6.467 -0.252 70.101 6.159 -5.021 -1.867 -2.813 52.385
6.525 -0.244 -5.036 -24.863 101.45 -1.844 29.144 53.335
6.578 -0.336 70.372 6.913 -5.61 -2.454 -3.401 52.109
6.634 -0.244 -5.036 -24.863 101.45 -1.955 29.066 53.063
6.691 -0.214 69.012 6.461 -5.349 -1.676 -2.778 51.861
6.749 -0.168 -5.036 -24.863 101.45 -1.348 29.491 52.826
6.803 -0.267 68.74 7.815 -6.486 -1.984 -3.335 51.601
6.859 -0.267 -5.036 -24.863 101.45 -2.098 28.966 52.559
6.917 -0.298 -5.036 -24.863 101.45 -2.328 28.805 53.497
6.973 -0.221 70.645 6.461 -5.226 -1.839 -2.855 52.294
7.028 -0.29 -5.036 -24.863 101.45 -2.259 28.854 53.236
7.082 -0.267 70.372 7.214 -5.853 -2.181 -3.283 52.02
7.139 -0.29 -5.036 -24.863 101.45 -2.337 28.799 52.966
7.194 -0.214 73.095 6.611 -5.168 -1.83 -2.831 51.775
7.249 -0.229 -5.036 -24.863 101.45 -1.874 29.123 52.731
7.304 -0.313 71.19 5.557 -4.463 -2.515 -3.099 51.548
7.363 -0.198 -5.036 -24.863 101.45 -1.771 29.195 52.511
7.419 -0.458 -5.036 -24.863 101.45 -3.596 27.918 53.429
7.474 -0.542 70.645 6.159 -4.983 -4.509 -4.651 52.2
7.528 -0.435 -5.036 -24.863 101.45 -3.817 27.763 53.124
7.586 -0.381 69.283 7.515 -6.191 -3.325 -4.185 51.894
7.644 -0.221 -5.036 -24.863 101.45 -2.07 28.986 52.845
7.698 -0.282 70.645 7.364 -5.951 -2.392 -3.46 51.636
7.755 -0.191 -5.036 -24.863 101.45 -1.763 29.201 52.594
7.813 -0.214 69.283 7.815 -6.436 -1.863 -3.235 51.388
7.869 -0.275 -5.036 -24.863 101.45 -2.378 28.77 52.341
7.923 -0.298 -5.036 -24.863 101.45 -2.636 28.59 53.277
7.980 -0.328 68.467 5.858 -4.89 -2.915 -3.507 52.079
8.038 -0.206 -5.036 -24.863 101.45 -1.984 29.046 53.028
8.092 -0.282 69.828 6.611 -5.408 -2.488 -3.364 51.83
8.147 -0.221 -5.036 -24.863 101.45 -2.082 28.978 52.781
8.204 -0.275 69.283 7.214 -5.944 -2.477 -3.517 51.577
8.263 -0.374 -5.036 -24.863 101.45 -3.365 28.08 52.515
8.317 -0.298 -5.036 -24.863 101.45 -2.852 28.439 53.447
8.371 -0.244 72.551 7.815 -6.148 -2.341 -3.483 52.232
8.430 -0.275 -5.036 -24.863 101.45 -2.562 28.642 53.17
8.488 -0.229 70.101 7.364 -5.997 -2.219 -3.352 51.965
8.544 -0.191 -5.036 -24.863 101.45 -1.861 29.132 52.916
8.598 -0.175 72.006 6.913 -5.484 -1.696 -2.832 51.731
8.662 -0.244 -5.036 -24.863 101.45 -2.289 28.833 52.681
8.719 -0.275 69.556 5.256 -4.321 -2.642 -3.146 51.512
8.774 -0.221 -5.036 -24.863 101.45 -2.214 28.885 52.468
8.828 -0.221 71.734 6.461 -5.147 -2.172 -3.064 51.293
8.886 -0.229 -5.036 -24.863 101.45 -2.256 28.856 52.251
8.943 -0.267 -5.036 -24.863 101.45 -2.617 28.603 53.19
8.998 -0.229 69.556 6.762 -5.553 -2.328 -3.295 51.996
9.053 -0.252 -5.036 -24.863 101.45 -2.51 28.678 52.94
9.110 -0.229 69.828 7.214 -5.898 -2.338 -3.406 51.743
9.169 -0.305 -5.036 -24.863 101.45 -3.026 28.317 52.685
9.224 -0.229 71.461 6.31 -5.046 -2.417 -3.206 51.509
9.280 -0.237 -5.036 -24.863 101.45 -2.428 28.735 52.463
9.336 -0.244 69.828 6.31 -5.164 -2.515 -3.31 51.286
9.394 -0.206 -5.036 -24.863 101.45 -2.179 28.91 52.247
9.449 -0.237 -5.036 -24.863 101.45 -2.445 28.723 53.189
9.503 -0.244 71.734 7.063 -5.623 -2.556 -3.476 51.993
9.561 -0.298 -5.036 -24.863 101.45 -3.093 28.27 52.932
9.617 -0.214 70.101 6.461 -5.266 -2.356 -3.229 51.75
9.673 -0.267 -5.036 -24.863 101.45 -2.797 28.477 52.696
9.727 -0.343 70.645 6.762 -5.468 -3.603 -4.162 51.5
9.785 -0.328 -5.036 -24.863 101.45 -3.552 27.949 52.443
9.841 -0.221 70.372 7.214 -5.853 -2.503 -3.508 51.257
9.900 -0.313 -5.036 -24.863 101.45 -3.32 28.111 52.206
9.954 -0.221 -5.036 -24.863 101.45 -2.513 28.676 53.15
10.011 -0.252 70.645 7.364 -5.951 -2.744 -3.706 51.947
10.071 -0.29 -5.036 -24.863 101.45 -3.173 28.214 52.887
10.125 -0.328 70.917 6.31 -5.085 -3.611 -4.053 51.698
10.181 -0.153 -5.036 -24.863 101.45 -1.886 29.115 52.656
10.237 -0.298 69.828 8.117 -6.63 -3.204 -4.232 51.443
10.296 -0.175 -5.036 -24.863 101.45 -2.1 28.965 52.404
10.347 0.732 69.556 6.461 -5.307 7.399 3.587 51.335
10.403 -0.198 -5.036 -24.863 101.45 -1.328 29.505 52.297
10.456 -0.153 -5.036 -24.863 101.45 -1.798 29.176 53.249
10.512 -0.191 73.64 6.611 -5.13 -2.161 -3.052 52.071
10.568 -0.244 -5.036 -24.863 101.45 -2.77 28.496 53.016
10.622 -0.252 69.828 6.611 -5.408 -2.921 -3.667 51.828
10.679 -0.29 -5.036 -24.863 101.45 -3.349 28.091 52.772
10.731 -0.275 69.828 5.708 -4.673 -3.241 -3.671 51.6
10.786 -0.214 -5.036 -24.863 101.45 -2.583 28.627 52.555
10.840 -0.191 72.279 5.858 -4.634 -2.284 -2.989 51.397
10.897 -0.252 -5.036 -24.863 101.45 -2.937 28.379 52.351
10.957 -0.175 -5.036 -24.863 101.45 -2.169 28.917 53.299
11.012 -0.168 69.828 6.611 -5.408 -2.025 -3.04 52.116
11.067 -0.191 -5.036 -24.863 101.45 -2.282 28.838 53.065
11.122 -0.313 73.367 6.159 -4.799 -3.672 -4.01 51.882
11.179 0.0 -5.036 -24.863 101.45 -0.313 30.216 52.856
11.232 -2.327 71.461 5.708 -4.567 -26.137 -19.666 51.458
11.287 0.9 -5.036 -24.863 101.45 7.831 35.917 52.534
11.342 -0.114 -5.036 -24.863 101.45 -0.393 30.16 53.484
11.396 -0.42 71.734 6.159 -4.907 -4.9 -4.902 52.279
11.451 -0.412 -5.036 -24.863 101.45 -5.138 26.838 53.199
11.505 -0.366 69.012 6.159 -5.1 -4.623 -4.766 52.0
11.563 -0.359 -5.036 -24.863 101.45 -4.517 27.273 52.93
11.617 -0.183 69.556 6.461 -5.307 -2.485 -3.332 51.751
11.672 -0.153 -5.036 -24.863 101.45 -1.969 29.057 52.708
11.726 -0.191 70.372 6.913 -5.61 -2.393 -3.358 51.526
11.783 -0.252 -5.036 -24.863 101.45 -3.16 28.223 52.475
11.837 0.687 -5.036 -24.863 101.45 7.88 35.951 53.514
11.891 -0.275 72.006 7.815 -6.194 -2.583 -3.666 52.301
11.946 -0.465 -5.036 -24.863 101.45 -5.83 26.354 53.216
12.004 -0.145 69.556 6.159 -5.06 -2.206 -3.062 52.043
12.058 0.549 -5.036 -24.863 101.45 6.475 34.968 53.074
12.111 0.481 70.917 6.611 -5.326 6.374 2.864 51.969
12.166 -0.137 -5.036 -24.863 101.45 -1.186 29.605 52.928
12.221 -0.023 -5.036 -24.863 101.45 -0.418 30.142 53.885
12.276 -0.389 69.828 6.31 -5.164 -4.798 -4.908 52.675
12.333 -0.252 -5.036 -24.863 101.45 -3.497 27.987 53.609
12.386 -0.626 69.828 5.708 -4.673 -8.006 -7.006 52.386
12.444 -0.313 -5.036 -24.863 101.45 -4.521 27.27 53.317
12.496 -0.328 69.556 6.159 -5.06 -4.412 -4.606 52.123
12.550 -0.122 -5.036 -24.863 101.45 -1.859 29.134 53.078
12.603 -0.076 -5.036 -24.863 101.45 -1.08 29.679 54.023
12.657 -0.13 69.556 6.762 -5.553 -1.721 -2.871 52.83
12.713 -0.298 -5.036 -24.863 101.45 -3.918 27.692 53.755
12.765 -0.328 71.461 6.611 -5.286 -4.485 -4.725 52.548
12.822 -0.404 -5.036 -24.863 101.45 -5.508 26.579 53.465
12.876 -0.32 69.828 6.611 -5.408 -4.524 -4.789 52.261
12.934 -0.183 -5.036 -24.863 101.45 -2.687 28.554 53.206
12.989 -0.214 71.461 6.611 -5.286 -2.963 -3.66 52.02
13.046 -0.328 -5.036 -24.863 101.45 -4.493 27.29 52.952
13.100 -0.122 -5.036 -24.863 101.45 -1.926 29.087 53.893
13.158 -0.244 71.734 5.256 -4.191 -3.333 -3.59 52.715
13.215 -0.336 -5.036 -24.863 101.45 -4.684 27.156 53.635
13.271 -0.305 68.467 6.762 -5.64 -4.384 -4.761 52.425
13.325 -0.153 -5.036 -24.863 101.45 -2.344 28.794 53.37
13.382 -0.305 71.461 6.611 -5.286 -4.235 -4.55 52.171
13.444 -0.183 -5.036 -24.863 101.45 -2.765 28.499 53.117
13.499 -0.549 72.006 7.214 -5.721 -7.594 -7.032 51.886
13.559 -0.427 -5.036 -24.863 101.45 -6.339 25.998 52.809
13.614 -0.404 -5.036 -24.863 101.45 -5.927 26.286 53.719
13.668 -0.153 71.19 6.762 -5.426 -2.495 -3.374 52.528
13.728 -0.183 -5.036 -24.863 101.45 -2.665 28.569 53.467
13.782 -0.298 71.19 6.159 -4.945 -4.29 -4.486 52.273
13.840 -0.336 -5.036 -24.863 101.45 -4.948 26.971 53.199
13.897 -0.221 70.917 7.515 -6.049 -3.407 -4.2 51.996
13.953 -0.282 -5.036 -24.863 101.45 -4.156 27.526 52.933
14.010 -0.359 68.467 6.762 -5.64 -5.312 -5.41 51.727
14.066 -0.252 -5.036 -24.863 101.45 -3.904 27.702 52.671
14.124 -0.29 -5.036 -24.863 101.45 -4.348 27.391 53.597
14.180 -0.244 71.461 7.515 -6.003 -3.75 -4.426 52.386
14.239 -0.29 -5.036 -24.863 101.45 -4.373 27.374 53.316
14.293 -0.221 71.19 6.159 -4.945 -3.449 -3.898 52.133
14.349 -0.298 -5.036 -24.863 101.45 -4.497 27.287 53.066
14.408 -0.29 71.19 7.063 -5.666 -4.476 -4.833 51.865
14.476 -0.29 -5.036 -24.863 101.45 -4.488 27.293 52.803
14.531 -0.214 72.824 7.063 -5.54 -3.4 -4.042 51.617
14.588 -0.16 -5.036 -24.863 101.45 -2.548 28.651 52.574
14.642 -0.183 70.645 6.762 -5.468 -2.839 -3.628 51.397
14.697 -0.298 -5.036 -24.863 101.45 -4.563 27.241 52.343
14.753 -0.282 -5.036 -24.863 101.45 -4.458 27.314 53.276
14.807 -0.244 70.372 7.214 -5.853 -3.895 -4.482 52.074
14.862 -0.221 -5.036 -24.863 101.45 -3.529 27.965 53.017
14.918 -0.259 71.734 6.762 -5.385 -4.085 -4.475 51.827
14.976 -0.275 -5.036 -24.863 101.45 -4.377 27.371 52.769
15.031 -0.175 68.74 6.009 -4.996 -2.905 -3.532 51.6
15.089 -0.221 -5.036 -24.863 101.45 -3.51 27.978 52.552
15.141 -0.29 70.101 7.063 -5.753 -4.612 -4.954 51.359
15.199 -0.229 -5.036 -24.863 101.45 -3.771 27.795 52.313
15.254 -0.206 -5.036 -24.863 101.45 -3.371 28.075 53.256
15.308 -0.252 70.645 6.762 -5.468 -4.064 -4.485 52.062
15.364 -0.336 -5.036 -24.863 101.45 -5.414 26.645 52.994
15.421 -0.336 70.645 7.063 -5.709 -5.517 -5.575 51.79
15.479 -0.191 -5.036 -24.863 101.45 -3.292 28.131 52.741
15.533 -0.214 72.279 6.762 -5.345 -3.515 -4.064 51.562
15.589 -0.221 -5.036 -24.863 101.45 -3.659 27.874 52.515
15.642 -0.252 -5.036 -24.863 101.45 -4.163 27.521 53.449
15.696 -0.237 69.283 7.214 -5.944 -3.972 -4.564 52.244
15.750 -0.244 -5.036 -24.863 101.45 -4.08 27.579 53.183
15.803 -0.298 72.279 6.461 -5.108 -4.953 -4.999 51.992
15.859 -0.259 -5.036 -24.863 101.45 -4.405 27.351 52.933
15.922 -0.282 69.556 7.665 -6.289 -4.749 -5.211 51.725
15.980 -0.206 -5.036 -24.863 101.45 -3.574 27.933 52.676
16.036 -0.244 70.372 6.31 -5.124 -4.119 -4.42 51.499
16.090 -0.191 -5.036 -24.863 101.45 -3.317 28.113 52.456
16.144 -0.198 -5.036 -24.863 101.45 -3.388 28.063 53.397
16.198 -0.259 71.19 5.858 -4.704 -4.393 -4.486 52.215
16.256 -0.29 -5.036 -24.863 101.45 -4.973 26.954 53.15
16.311 -0.244 70.372 6.611 -5.367 -4.27 -4.599 51.96
16.366 -0.237 -5.036 -24.863 101.45 -4.123 27.549 52.904
16.420 -0.252 72.279 5.858 -4.634 -4.375 -4.453 51.733
16.475 -0.214 -5.036 -24.863 101.45 -3.778 27.79 52.683
16.530 -0.237 -5.036 -24.863 101.45 -4.132 27.543 53.616
16.583 -0.359 70.645 4.954 -4.011 -6.19 -5.536 52.433
16.637 -0.252 -5.036 -24.863 101.45 -4.552 27.249 53.368
16.691 -0.198 73.095 7.515 -5.87 -3.557 -4.251 52.17
16.748 -0.244 -5.036 -24.863 101.45 -4.285 27.435 53.11
16.800 -0.175 72.279 6.762 -5.345 -3.184 -3.832 51.929
16.853 -0.298 -5.036 -24.863 101.45 -5.197 26.797 52.866
16.908 -0.237 -5.036 -24.863 101.45 -4.305 27.422 53.796
16.963 -0.359 69.556 5.557 -4.568 -6.327 -5.799 52.599
17.018 -0.237 -5.036 -24.863 101.45 -4.392 27.361 53.532
17.072 -0.313 70.645 6.762 -5.468 -5.581 -5.547 52.326
17.129 -0.282 -5.036 -24.863 101.45 -5.143 26.835 53.258
17.182 -0.191 70.917 6.31 -5.085 -3.564 -4.02 52.078
17.239 -0.252 -5.036 -24.863 101.45 -4.535 27.26 53.017
17.292 -0.252 69.556 7.063 -5.798 -4.61 -4.966 51.819
17.352 -0.252 -5.036 -24.863 101.45 -4.625 27.197 52.763
17.406 -0.275 -5.036 -24.863 101.45 -5.039 26.908 53.69
17.460 -0.282 71.19 5.256 -4.223 -5.199 -4.906 52.509
17.515 -0.214 -5.036 -24.863 101.45 -4.03 27.614 53.446
17.571 -0.221 71.19 7.063 -5.666 -4.097 -4.568 52.247
17.625 -0.198 -5.036 -24.863 101.45 -3.711 27.837 53.19
17.679 -0.168 72.551 6.31 -4.971 -3.168 -3.709 52.015
17.735 -0.336 -5.036 -24.863 101.45 -6.127 26.146 52.947
17.791 -0.16 -5.036 -24.863 101.45 -3.183 28.207 53.883
17.847 -0.275 72.006 6.31 -5.008 -5.068 -5.05 52.685
17.902 -0.259 -5.036 -24.863 101.45 -4.912 26.997 53.614
17.959 -0.244 69.283 6.913 -5.698 -4.641 -4.958 52.409
18.015 -0.183 -5.036 -24.863 101.45 -3.541 27.956 53.351
18.070 -0.175 70.917 6.913 -5.568 -3.345 -4.012 52.161
18.127 -0.252 -5.036 -24.863 101.45 -4.743 27.115 53.099
18.181 -0.252 70.101 6.762 -5.51 -4.834 -5.037 51.906
18.236 -0.214 -5.036 -24.863 101.45 -4.155 27.526 52.852
18.292 -0.237 -5.036 -24.863 101.45 -4.549 27.251 53.782
18.348 -0.313 72.279 6.762 -5.345 -5.98 -5.79 52.574
18.407 -0.206 -5.036 -24.863 101.45 -4.105 27.562 53.511
18.460 -0.259 70.101 7.364 -5.997 -4.987 -5.29 52.3
18.521 -0.351 -5.036 -24.863 101.45 -6.76 25.703 53.225
18.577 -0.206 71.19 5.858 -4.704 -4.178 -4.336 52.051
18.632 -0.282 -5.036 -24.863 101.45 -5.46 26.613 52.987
18.688 -0.275 70.645 7.364 -5.951 -5.421 -5.58 51.784
18.746 -0.237 -5.036 -24.863 101.45 -4.718 27.132 52.73
18.800 -0.244 -5.036 -24.863 101.45 -4.824 27.058 53.66
18.854 -0.313 69.283 7.515 -6.191 -6.145 -6.159 52.437
18.915 -0.191 -5.036 -24.863 101.45 -3.926 27.687 53.378
18.972 -0.351 70.645 7.063 -5.709 -6.85 -6.508 52.165
19.028 -0.229 -5.036 -24.863 101.45 -4.708 27.139 53.105
19.082 -0.244 71.461 5.708 -4.567 -4.885 -4.79 51.931
19.137 -0.29 -5.036 -24.863 101.45 -5.794 26.379 52.868
19.191 -0.221 69.828 6.31 -5.164 -4.531 -4.721 51.689
19.245 -0.229 -5.036 -24.863 101.45 -4.628 27.195 52.637
19.298 -0.237 -5.036 -24.863 101.45 -4.803 27.073 53.569
19.355 -0.175 73.095 6.913 -5.403 -3.624 -4.158 52.379
19.411 -0.221 -5.036 -24.863 101.45 -4.465 27.31 53.318
19.465 -0.29 70.645 6.762 -5.468 -5.866 -5.747 52.118
19.520 -0.206 -5.036 -24.863 101.45 -4.311 27.417 53.062
19.574 -0.275 70.645 6.461 -5.226 -5.589 -5.48 51.872
19.631 -0.221 -5.036 -24.863 101.45 -4.613 27.206 52.819
19.684 -0.221 -5.036 -24.863 101.45 -4.571 27.235 53.751
19.738 -0.267 69.828 6.913 -5.654 -5.491 -5.54 52.543
19.800 -0.229 -5.036 -24.863 101.45 -4.801 27.074 53.478
19.854 -0.252 71.734 5.858 -4.669 -5.232 -5.063 52.295
19.908 -0.328 -5.036 -24.863 101.45 -6.782 25.688 53.223
19.961 -0.282 70.645 6.461 -5.226 -5.957 -5.738 52.03
20.017 -0.275 -5.036 -24.863 101.45 -5.787 26.384 52.967
20.071 -0.252 71.734 7.063 -5.623 -5.333 -5.42 51.774
20.124 -0.206 -5.036 -24.863 101.45 -4.398 27.356 52.723
20.177 -0.29 -5.036 -24.863 101.45 -6.057 26.195 53.648
20.229 -0.237 70.101 7.063 -5.753 -5.084 -5.285 52.443
20.289 -0.244 -5.036 -24.863 101.45 -5.188 26.803 53.378
20.343 -0.298 73.095 6.611 -5.168 -6.306 -5.965 52.182
20.399 -0.29 -5.036 -24.863 101.45 -6.214 26.085 53.115
20.453 -0.252 72.279 5.557 -4.396 -5.444 -5.13 51.943
20.507 -0.206 -5.036 -24.863 101.45 -4.476 27.302 52.89
20.562 -0.275 -5.036 -24.863 101.45 -5.861 26.332 53.814
20.614 -0.16 71.19 7.063 -5.666 -3.573 -4.201 52.616
20.671 -0.175 -5.036 -24.863 101.45 -3.777 27.791 53.556
20.728 -0.229 69.556 7.665 -6.289 -4.922 -5.332 52.342
20.783 -0.198 -5.036 -24.863 101.45 -4.344 27.394 53.284
20.837 -0.191 70.645 5.557 -4.498 -4.178 -4.274 52.114
20.893 -0.275 -5.036 -24.863 101.45 -5.937 26.279 53.051
20.947 -0.221 -5.036 -24.863 101.45 -4.904 27.002 53.978
21.002 -0.206 69.012 5.557 -4.604 -4.547 -4.564 52.794
21.057 -0.191 -5.036 -24.863 101.45 -4.228 27.475 53.729
21.112 -0.191 71.734 7.966 -6.337 -4.223 -4.857 52.516
21.166 -0.336 -5.036 -24.863 101.45 -7.303 25.323 53.439
21.223 -0.328 71.19 6.762 -5.426 -7.297 -6.736 52.233
21.278 -0.32 -5.036 -24.863 101.45 -7.137 25.439 53.162
21.333 -0.206 70.372 7.214 -5.853 -4.715 -5.056 51.965
21.388 -0.267 -5.036 -24.863 101.45 -5.917 26.293 52.905
21.442 -0.206 -5.036 -24.863 101.45 -4.684 27.156 53.836
21.494 -0.275 69.828 6.611 -5.408 -6.117 -5.904 52.63
21.549 -0.359 -5.036 -24.863 101.45 -8.011 24.827 53.548
21.602 0.252 70.101 5.557 -4.532 5.085 2.2 52.422
21.658 0.427 -5.036 -24.863 101.45 9.5 37.085 53.432
21.710 -0.786 70.372 8.117 -6.58 -16.637 -13.62 52.154
21.766 -0.488 -5.036 -24.863 101.45 -11.408 22.449 53.067
21.820 -0.267 -5.036 -24.863 101.45 -6.314 26.015 53.989
21.874 -0.252 71.19 6.762 -5.426 -5.779 -5.673 52.782
21.930 -0.175 -5.036 -24.863 101.45 -4.09 27.572 53.719
21.985 -0.183 69.828 7.815 -6.386 -4.198 -4.854 52.505
22.040 -0.237 -5.036 -24.863 101.45 -5.406 26.651 53.439
22.093 -0.237 69.283 6.611 -5.451 -5.473 -5.466 52.243
22.149 -0.32 -5.036 -24.863 101.45 -7.325 25.307 53.172
22.206 -0.252 -5.036 -24.863 101.45 -5.916 26.294 54.094
22.259 -0.198 70.645 7.364 -5.951 -4.659 -5.047 52.881
22.316 -0.221 -5.036 -24.863 101.45 -5.13 26.844 53.811
22.373 -0.237 70.101 5.557 -4.532 -5.523 -5.226 52.626
22.428 -0.107 -5.036 -24.863 101.45 -2.637 28.589 53.572
22.480 -0.488 68.467 6.461 -5.391 -11.077 -9.371 52.347
22.535 -0.237 -5.036 -24.863 101.45 -5.829 26.355 53.283
22.587 -0.221 -5.036 -24.863 101.45 -5.229 26.775 54.206
22.639 -0.214 72.551 6.913 -5.443 -5.066 -5.179 52.999
22.703 -0.183 -5.036 -24.863 101.45 -4.369 27.377 53.93
22.759 -0.29 69.012 6.461 -5.349 -6.783 -6.353 52.721
22.814 -0.359 -5.036 -24.863 101.45 -8.48 24.499 53.638
22.872 -0.275 69.283 6.009 -4.957 -6.649 -6.141 52.442
22.930 -0.244 -5.036 -24.863 101.45 -5.87 26.326 53.375
22.986 -0.32 71.461 7.515 -6.003 -7.6 -7.121 52.159
23.042 -0.32 -5.036 -24.863 101.45 -7.693 25.05 53.088
23.095 -0.282 -5.036 -24.863 101.45 -6.833 25.652 54.007
23.150 -0.29 70.917 6.611 -5.326 -6.995 -6.494 52.797
23.207 -0.549 -5.036 -24.863 101.45 -13.031 21.313 53.69
23.261 -0.488 69.828 6.611 -5.408 -11.9 -9.952 52.461
23.318 -0.168 -5.036 -24.863 101.45 -4.405 27.351 53.401
23.372 -0.114 69.828 6.31 -5.164 -2.832 -3.532 52.222
23.428 -0.336 -5.036 -24.863 101.45 -7.986 24.845 53.148
23.481 -0.298 69.828 5.708 -4.673 -7.333 -6.535 51.963
23.540 -0.183 -5.036 -24.863 101.45 -4.606 27.211 52.91
23.593 -0.313 -5.036 -24.863 101.45 -7.568 25.137 53.828
23.649 -0.229 69.556 5.858 -4.814 -5.729 -5.454 52.637
23.704 -0.282 -5.036 -24.863 101.45 -6.914 25.595 53.563
23.759 -0.198 70.372 7.214 -5.853 -4.986 -5.246 52.36
23.816 -0.282 -5.036 -24.863 101.45 -6.914 25.595 53.29
23.874 -0.267 71.461 6.913 -5.525 -6.656 -6.317 52.09
23.929 -0.183 -5.036 -24.863 101.45 -4.646 27.183 53.035
23.997 -0.153 71.19 7.364 -5.906 -3.855 -4.47 51.844
24.051 -0.221 -5.036 -24.863 101.45 -5.468 26.607 52.79
24.106 -0.305 -5.036 -24.863 101.45 -7.573 25.134 53.712
24.159 -0.259 71.19 6.159 -4.945 -6.562 -6.077 52.518
24.218 -0.267 -5.036 -24.863 101.45 -6.725 25.728 53.448
24.272 -0.214 70.917 7.214 -5.808 -5.461 -5.565 52.247
24.328 -0.237 -5.036 -24.863 101.45 -5.98 26.249 53.185
24.382 -0.244 70.645 6.762 -5.468 -6.186 -5.971 51.991
24.439 -0.359 -5.036 -24.863 101.45 -9.018 24.122 52.919
24.492 -0.298 69.828 6.009 -4.918 -7.658 -6.836 51.734
24.548 -0.275 -5.036 -24.863 101.45 -7.049 25.501 52.676
24.601 -0.229 -5.036 -24.863 101.45 -5.909 26.299 53.608
24.659 -0.267 69.556 6.762 -5.553 -6.813 -6.435 52.404
24.714 -0.351 -5.036 -24.863 101.45 -8.942 24.176 53.327
24.767 -0.328 73.367 5.557 -4.331 -8.475 -7.232 52.144
24.823 -0.237 -5.036 -24.863 101.45 -6.211 26.087 53.083
24.878 -0.282 68.74 7.214 -5.991 -7.253 -6.874 51.876
24.936 -0.267 -5.036 -24.863 101.45 -6.94 25.577 52.817
24.990 -0.229 -5.036 -24.863 101.45 -5.99 26.242 53.747
25.043 -0.267 71.734 6.762 -5.385 -6.915 -6.456 52.543
25.100 -0.282 -5.036 -24.863 101.45 -7.345 25.293 53.471
25.154 -0.336 71.461 6.009 -4.807 -8.734 -7.556 52.276
25.213 -0.29 -5.036 -24.863 101.45 -7.648 25.081 53.207
25.266 -0.214 71.734 6.159 -4.907 -5.697 -5.46 52.027
25.322 -0.221 -5.036 -24.863 101.45 -5.81 26.368 52.97
25.386 -0.206 68.74 6.611 -5.493 -5.451 -5.464 51.783
25.444 -0.229 -5.036 -24.863 101.45 -6.033 26.212 52.73
25.498 -0.298 -5.036 -24.863 101.45 -7.827 24.956 53.654
25.558 -0.198 70.917 7.214 -5.808 -5.358 -5.493 52.451
25.614 -0.259 -5.036 -24.863 101.45 -6.832 25.653 53.384
25.668 -0.252 70.917 7.515 -6.049 -6.727 -6.524 52.175
25.724 -0.328 -5.036 -24.863 101.45 -8.689 24.353 53.104
25.780 -0.206 71.734 6.461 -5.147 -5.639 -5.491 51.922
25.836 -0.206 -5.036 -24.863 101.45 -5.528 26.565 52.869
25.892 -0.282 71.461 6.611 -5.286 -7.508 -6.841 51.68
25.947 -0.259 -5.036 -24.863 101.45 -7.002 25.534 52.625
26.003 -0.198 -5.036 -24.863 101.45 -5.408 26.649 53.562
26.056 -0.328 71.461 7.515 -6.003 -8.744 -7.922 52.344
26.111 -0.328 -5.036 -24.863 101.45 -8.892 24.211 53.271
26.166 -0.29 69.556 7.063 -5.798 -7.916 -7.281 52.064
26.222 -0.259 -5.036 -24.863 101.45 -7.081 25.478 53.003
26.278 -0.282 73.095 7.214 -5.636 -7.669 -7.059 51.805
26.333 -0.168 -5.036 -24.863 101.45 -4.706 27.141 52.758
26.386 -0.275 71.461 6.31 -5.046 -7.424 -6.711 51.577
26.443 -0.252 -5.036 -24.863 101.45 -6.939 25.578 52.524
26.496 -0.221 -5.036 -24.863 101.45 -6.108 26.159 53.461
26.550 -0.244 69.828 6.31 -5.164 -6.699 -6.238 52.27
26.605 -0.252 -5.036 -24.863 101.45 -6.948 25.571 53.207
26.661 -0.275 71.461 6.31 -5.046 -7.584 -6.823 52.018
26.718 -0.298 -5.036 -24.863 101.45 -8.237 24.669 52.954
26.773 -0.259 70.101 7.063 -5.753 -7.232 -6.788 51.758
26.828 -0.198 -5.036 -24.863 101.45 -5.571 26.535 52.708
26.883 -0.32 -5.036 -24.863 101.45 -8.801 24.274 53.631
26.937 -0.359 72.551 7.214 -5.678 -9.99 -8.696 52.414
26.994 -0.259 -5.036 -24.863 101.45 -7.35 25.29 53.348
27.047 -0.282 71.19 7.364 -5.906 -7.886 -7.292 52.139
27.105 -0.237 -5.036 -24.863 101.45 -6.706 25.741 53.079
27.159 -0.32 73.095 6.31 -4.934 -8.928 -7.73 51.89
27.215 -0.221 -5.036 -24.863 101.45 -6.335 26.0 52.836
27.268 -0.282 -5.036 -24.863 101.45 -7.911 24.897 53.76
27.323 -0.191 70.645 6.461 -5.226 -5.501 -5.418 52.568
27.378 -0.313 -5.036 -24.863 101.45 -8.76 24.303 53.493
27.431 -0.282 72.006 6.611 -5.246 -8.049 -7.208 52.295
27.485 -0.32 -5.036 -24.863 101.45 -9.077 24.081 53.223
27.540 -0.168 72.824 7.665 -6.008 -4.947 -5.265 52.027
27.598 -0.389 -5.036 -24.863 101.45 -10.904 22.802 52.951
27.651 -0.175 70.917 6.31 -5.085 -5.228 -5.185 51.777
27.707 -0.298 -5.036 -24.863 101.45 -8.432 24.533 52.716
27.762 -0.206 -5.036 -24.863 101.45 -6.017 26.223 53.65
27.815 -0.206 71.461 6.913 -5.525 -5.936 -5.813 52.453
27.872 -0.298 -5.036 -24.863 101.45 -8.512 24.477 53.381
27.924 -0.32 69.012 6.159 -5.1 -9.234 -7.994 52.183
27.982 -0.343 -5.036 -24.863 101.45 -9.918 23.492 53.111
28.035 -0.191 70.372 6.913 -5.61 -5.698 -5.672 51.921
28.091 -0.221 -5.036 -24.863 101.45 -6.399 25.956 52.867
28.145 -0.229 -5.036 -24.863 101.45 -6.666 25.769 53.796
28.202 -0.298 70.917 6.611 -5.326 -8.633 -7.641 52.59
28.262 -0.32 -5.036 -24.863 101.45 -9.342 23.896 53.513
28.316 -0.214 70.917 6.009 -4.843 -6.38 -5.919 52.33
28.372 -0.259 -5.036 -24.863 101.45 -7.562 25.142 53.264
28.427 -0.259 69.556 6.461 -5.307 -7.622 -6.928 52.071
28.485 -0.313 -5.036 -24.863 101.45 -9.175 24.012 53.003
28.542 -0.175 72.006 5.708 -4.532 -5.308 -5.075 51.839
28.596 -0.237 -5.036 -24.863 101.45 -6.952 25.569 52.784
28.650 -0.206 -5.036 -24.863 101.45 -6.139 26.138 53.717
28.706 -0.298 68.74 5.708 -4.747 -8.76 -7.556 52.524
28.762 -0.259 -5.036 -24.863 101.45 -7.747 25.012 53.455
28.815 -0.259 72.006 7.515 -5.958 -7.722 -7.193 52.246
28.871 -0.214 -5.036 -24.863 101.45 -6.437 25.929 53.187
28.928 -0.267 72.551 8.117 -6.384 -7.938 -7.472 51.972
28.986 -0.305 -5.036 -24.863 101.45 -9.108 24.059 52.908
29.042 -0.32 72.551 7.515 -5.914 -9.598 -8.493 51.701
29.095 -0.298 -5.036 -24.863 101.45 -8.99 24.142 52.641
29.152 -0.221 -5.036 -24.863 101.45 -6.741 25.716 53.575
29.208 -0.244 69.283 6.31 -5.204 -7.348 -6.705 52.381
29.264 -0.267 -5.036 -24.863 101.45 -8.057 24.795 53.314
29.321 -0.252 71.734 6.762 -5.385 -7.656 -6.975 52.119
29.380 -0.259 -5.036 -24.863 101.45 -7.861 24.932 53.057
29.435 -0.267 70.372 6.31 -5.124 -8.118 -7.22 51.87
29.489 -0.275 -5.036 -24.863 101.45 -8.376 24.572 52.81
29.545 -0.305 69.828 6.611 -5.408 -9.286 -8.123 51.617
29.606 -0.252 -5.036 -24.863 101.45 -7.766 24.999 52.564
29.665 -0.282 -5.036 -24.863 101.45 -8.618 24.402 53.493
29.717 -0.198 71.461 6.611 -5.286 -6.166 -5.902 52.304
29.775 -0.244 -5.036 -24.863 101.45 -7.463 25.211 53.241
29.828 -0.237 68.467 6.461 -5.391 -7.313 -6.736 52.049
29.884 -0.191 -5.036 -24.863 101.45 -5.945 26.274 52.996
29.940 -0.221 69.283 6.913 -5.698 -6.808 -6.475 51.804
29.999 -0.29 -5.036 -24.863 101.45 -8.921 24.19 52.744
30.055 -0.282 70.372 6.913 -5.61 -8.766 -7.819 51.551
30.111 -0.282 -5.036 -24.863 101.45 -8.773 24.294 52.497
30.166 -0.244 -5.036 -24.863 101.45 -7.643 25.085 53.431
30.226 -0.313 72.279 6.159 -4.87 -9.705 -8.254 52.239
30.280 -0.237 -5.036 -24.863 101.45 -7.489 25.193 53.178
30.336 -0.275 68.74 7.815 -6.486 -8.579 -7.951 51.962
30.392 -0.206 -5.036 -24.863 101.45 -6.536 25.86 52.908
30.448 -0.351 70.101 6.762 -5.51 -10.893 -9.278 51.707
30.503 -0.267 -5.036 -24.863 101.45 -8.495 24.488 52.652
30.556 -0.381 69.012 5.256 -4.355 -11.909 -9.643 51.474
30.614 -0.267 -5.036 -24.863 101.45 -8.555 24.446 52.422
30.667 -0.259 -5.036 -24.863 101.45 -8.21 24.688 53.356
30.724 -0.183 69.828 7.214 -5.898 -5.881 -5.886 52.159
30.781 -0.298 -5.036 -24.863 101.45 -9.356 23.886 53.093
30.837 -0.198 72.279 7.364 -5.817 -6.404 -6.228 51.9
30.891 -0.29 -5.036 -24.863 101.45 -9.156 24.026 52.838
30.949 -0.305 70.645 7.063 -5.709 -9.729 -8.523 51.64
31.006 -0.267 -5.036 -24.863 101.45 -8.584 24.426 52.585
31.059 -0.298 70.645 6.762 -5.468 -9.523 -8.306 51.396
31.124 -0.336 -5.036 -24.863 101.45 -10.756 22.906 52.338
31.179 -0.183 -5.036 -24.863 101.45 -6.042 26.206 53.282
31.236 -0.282 70.645 6.461 -5.226 -8.992 -7.862 52.089
31.291 -0.32 -5.036 -24.863 101.45 -10.295 23.228 53.021
31.347 -0.336 72.279 7.063 -5.581 -10.853 -9.271 51.819
31.405 -0.229 -5.036 -24.863 101.45 -7.528 25.165 52.766
31.461 -0.275 69.556 6.762 -5.553 -8.881 -7.883 51.575
31.516 -0.237 -5.036 -24.863 101.45 -7.744 25.014 52.524
31.570 -0.191 71.19 6.461 -5.186 -6.267 -5.943 51.354
31.626 -0.32 -5.036 -24.863 101.45 -10.311 23.217 52.299
31.679 -0.145 -5.036 -24.863 101.45 -4.913 26.996 53.248
31.734 -0.237 70.372 6.913 -5.61 -7.666 -7.049 52.053
31.788 -0.282 -5.036 -24.863 101.45 -9.201 23.994 52.991
31.842 -0.32 69.283 6.913 -5.698 -10.471 -9.039 51.789
