time gyroz magX magY yaw_mag yaw_gyro yaw_cf yaw_kf
0.214 -0.13 65.473 2.997 -2.621 -0.028 -0.806 -2.494
0.277 -0.175 -5.036 -24.863 101.45 -0.178 30.31 43.791
0.340 -0.237 64.112 2.545 -2.273 -0.256 -0.861 29.574
0.409 -0.183 -5.036 -24.863 101.45 -0.312 30.217 46.504
0.469 -0.259 66.017 2.696 -2.339 -0.304 -0.914 37.152
0.531 -0.221 -5.036 -24.863 101.45 -0.376 30.172 47.453
0.591 -0.198 -5.036 -24.863 101.45 -0.338 30.198 54.918
0.653 -0.237 67.378 2.846 -2.419 -0.353 -0.973 47.904
0.716 -0.298 -5.036 -24.863 101.45 -0.45 30.12 53.709
0.775 -0.237 63.023 1.34 -1.218 -0.482 -0.703 48.274
0.836 -0.137 -5.036 -24.863 101.45 -0.352 30.189 53.035
0.895 -0.313 68.467 2.244 -1.877 -0.417 -0.855 48.459
0.956 -0.206 -5.036 -24.863 101.45 -0.51 30.078 52.497
1.016 -0.237 64.928 2.997 -2.643 -0.447 -1.106 48.525
1.078 -0.313 -5.036 -24.863 101.45 -0.574 30.033 52.037
1.138 -0.252 65.2 3.449 -3.028 -0.6 -1.328 48.531
1.199 -0.214 -5.036 -24.863 101.45 -0.509 30.079 51.658
1.259 -0.229 63.839 2.093 -1.878 -0.502 -0.915 48.599
1.321 -0.29 -5.036 -24.863 101.45 -0.612 30.007 51.408
1.381 -0.183 64.657 2.846 -2.52 -0.543 -1.136 48.609
1.442 -0.229 -5.036 -24.863 101.45 -0.513 30.076 51.176
1.502 -0.221 62.478 2.846 -2.608 -0.561 -1.175 48.608
1.564 -0.252 -5.036 -24.863 101.45 -0.615 30.004 50.971
1.624 -0.229 65.2 3.148 -2.764 -0.624 -1.266 48.591
1.685 -0.328 -5.036 -24.863 101.45 -0.782 29.888 50.78
1.745 -0.282 66.833 3.148 -2.697 -0.82 -1.383 48.561
1.807 -0.084 -5.036 -24.863 101.45 -0.434 30.131 50.63
1.869 -0.259 63.567 2.846 -2.564 -0.568 -1.167 48.556
1.933 -0.305 -5.036 -24.863 101.45 -0.849 29.841 50.487
1.994 -0.221 67.106 3.6 -3.071 -0.746 -1.444 48.514
2.057 -0.305 -5.036 -24.863 101.45 -0.848 29.841 50.342
2.118 -0.206 67.651 2.696 -2.282 -0.741 -1.203 48.499
2.180 -0.191 -5.036 -24.863 101.45 -0.622 30.0 50.249
2.241 -0.259 63.023 1.641 -1.492 -0.771 -0.987 48.513
2.302 -0.275 -5.036 -24.863 101.45 -0.892 29.811 50.177
2.361 -0.275 -5.036 -24.863 101.45 -0.924 29.788 51.759
2.421 -0.229 64.384 2.395 -2.13 -0.829 -1.219 50.067
2.482 -0.191 -5.036 -24.863 101.45 -0.703 29.943 51.596
2.543 -0.267 64.384 2.696 -2.398 -0.87 -1.328 49.958
2.607 -0.244 -5.036 -24.863 101.45 -0.903 29.803 51.43
2.668 -0.229 65.744 3.148 -2.741 -0.855 -1.421 49.843
2.729 -0.259 -5.036 -24.863 101.45 -0.936 29.78 51.269
2.789 -0.282 64.384 2.997 -2.665 -1.045 -1.531 49.73
2.850 -0.298 -5.036 -24.863 101.45 -1.131 29.643 51.111
2.910 -0.244 64.657 1.34 -1.187 -1.008 -1.062 49.661
2.971 -0.252 -5.036 -24.863 101.45 -0.993 29.74 51.01
3.031 -0.214 64.928 2.395 -2.113 -0.901 -1.265 49.578
3.092 -0.252 -5.036 -24.863 101.45 -0.993 29.74 50.894
3.151 -0.206 66.562 2.395 -2.061 -0.901 -1.249 49.5
3.212 -0.237 -5.036 -24.863 101.45 -0.967 29.758 50.789
3.271 -0.214 64.657 3.148 -2.787 -0.937 -1.492 49.408
3.334 -0.183 -5.036 -24.863 101.45 -0.824 29.858 50.677
3.395 -0.29 64.928 1.792 -1.581 -1.168 -1.292 49.347
3.456 -0.206 -5.036 -24.863 101.45 -1.002 29.734 50.591
3.516 -0.214 63.839 2.395 -2.149 -0.958 -1.315 49.281
3.578 -0.214 -5.036 -24.863 101.45 -0.98 29.749 50.502
3.639 -0.175 65.473 2.093 -1.831 -0.851 -1.145 49.228
3.701 -0.29 -5.036 -24.863 101.45 -1.248 29.561 50.423
3.760 -0.206 63.839 3.298 -2.957 -1.065 -1.633 49.139
3.821 -0.244 -5.036 -24.863 101.45 -1.138 29.638 50.323
3.880 -0.175 64.112 2.244 -2.005 -0.923 -1.248 49.085
3.941 -0.267 -5.036 -24.863 101.45 -1.227 29.576 50.25
4.001 -0.214 -5.036 -24.863 101.45 -1.123 29.649 51.392
4.061 -0.206 65.2 2.244 -1.971 -1.051 -1.327 50.154
4.122 -0.252 -5.036 -24.863 101.45 -1.245 29.563 51.279
4.181 -0.183 65.473 2.093 -1.831 -1.017 -1.261 50.063
4.242 -0.252 -5.036 -24.863 101.45 -1.252 29.559 51.176
4.302 -0.145 63.294 2.395 -2.167 -0.876 -1.263 49.971
4.363 -0.145 -5.036 -24.863 101.45 -0.778 29.89 51.086
4.423 -0.206 66.289 2.846 -2.458 -1.056 -1.477 49.88
4.485 -0.206 -5.036 -24.863 101.45 -1.13 29.644 50.98
4.545 -0.191 64.657 2.846 -2.52 -1.074 -1.508 49.788
4.606 -0.259 -5.036 -24.863 101.45 -1.384 29.466 50.874
4.667 -0.198 64.928 4.804 -4.232 -1.183 -2.098 49.655
4.730 -0.237 -5.036 -24.863 101.45 -1.319 29.512 50.737
4.790 -0.221 66.289 2.244 -1.939 -1.296 -1.489 49.576
4.852 -0.298 -5.036 -24.863 101.45 -1.667 29.268 50.645
4.912 -0.214 65.744 2.846 -2.479 -1.349 -1.688 49.482
4.973 -0.198 -5.036 -24.863 101.45 -1.199 29.596 50.557
5.034 -0.175 64.112 2.846 -2.542 -1.079 -1.518 49.406
5.097 -0.191 -5.036 -24.863 101.45 -1.149 29.631 50.476
5.156 -0.328 63.567 2.545 -2.293 -1.882 -2.005 49.322
5.217 -0.305 -5.036 -24.863 101.45 -1.919 29.092 50.375
5.276 -0.198 64.384 2.997 -2.665 -1.35 -1.744 49.234
5.337 -0.214 -5.036 -24.863 101.45 -1.34 29.497 50.293
5.396 -0.29 64.112 2.846 -2.542 -1.779 -2.008 49.153
5.457 -0.183 -5.036 -24.863 101.45 -1.289 29.533 50.211
5.517 -0.221 -5.036 -24.863 101.45 -1.402 29.454 51.246
5.578 -0.29 65.473 2.696 -2.358 -1.839 -1.995 50.1
5.641 -0.313 -5.036 -24.863 101.45 -2.056 28.996 51.122
5.702 -0.259 64.928 3.298 -2.908 -1.79 -2.125 49.974
5.763 -0.221 -5.036 -24.863 101.45 -1.533 29.362 51.003
5.823 -0.198 63.567 2.545 -2.293 -1.374 -1.65 49.881
5.884 -0.282 -5.036 -24.863 101.45 -1.857 29.135 50.901
5.944 -0.175 65.2 3.449 -3.028 -1.322 -1.834 49.771
6.006 -0.175 -5.036 -24.863 101.45 -1.226 29.577 50.802
6.066 -0.29 65.744 3.449 -3.003 -1.934 -2.255 49.665
6.127 -0.229 -5.036 -24.863 101.45 -1.693 29.25 50.688
6.187 -0.122 65.2 3.449 -3.028 -0.984 -1.597 49.574
6.248 -0.267 -5.036 -24.863 101.45 -1.79 29.182 50.592
6.308 -0.259 65.473 1.792 -1.568 -1.901 -1.801 49.497
6.369 -0.259 -5.036 -24.863 101.45 -1.909 29.099 50.515
6.429 -0.298 65.2 2.846 -2.499 -2.175 -2.272 49.401
6.490 -0.237 -5.036 -24.863 101.45 -1.836 29.15 50.42
6.550 -0.229 62.75 2.997 -2.734 -1.737 -2.036 49.312
6.611 -0.221 -5.036 -24.863 101.45 -1.69 29.252 50.333
6.671 -0.237 64.112 3.75 -3.347 -1.802 -2.266 49.215
6.732 -0.145 -5.036 -24.863 101.45 -1.213 29.586 50.244
6.791 -0.221 64.112 4.051 -3.616 -1.646 -2.237 49.127
6.852 -0.259 -5.036 -24.863 101.45 -1.996 29.038 50.143
6.912 -0.221 63.294 2.696 -2.439 -1.787 -1.983 49.053
6.973 -0.13 -5.036 -24.863 101.45 -1.127 29.646 50.084
7.033 -0.153 -5.036 -24.863 101.45 -1.206 29.591 51.094
7.093 -0.229 64.657 2.545 -2.254 -1.777 -1.92 49.995
7.157 -0.16 -5.036 -24.863 101.45 -1.374 29.473 51.004
7.218 -0.259 66.017 2.093 -1.816 -2.029 -1.965 49.913
7.279 -0.221 -5.036 -24.863 101.45 -1.868 29.127 50.916
7.338 -0.191 64.112 3.449 -3.079 -1.623 -2.06 49.809
7.399 -0.175 -5.036 -24.863 101.45 -1.486 29.395 50.817
7.458 -0.252 64.112 4.352 -3.883 -2.054 -2.603 49.69
7.520 -0.206 -5.036 -24.863 101.45 -1.801 29.174 50.695
7.579 -0.267 65.473 2.696 -2.358 -2.23 -2.268 49.6
7.640 -0.137 -5.036 -24.863 101.45 -1.314 29.515 50.614
7.700 -0.183 64.112 3.449 -3.079 -1.546 -2.006 49.516
7.761 -0.282 -5.036 -24.863 101.45 -2.372 28.775 50.514
7.821 -0.229 64.657 1.641 -1.454 -2.073 -1.887 49.446
7.882 -0.229 -5.036 -24.863 101.45 -2.034 29.011 50.45
7.942 -0.168 65.2 3.75 -3.292 -1.563 -2.082 49.354
