time gyroz magX magY yaw_mag yaw_gyro yaw_cf yaw_kf
0.322 -0.29 0.925 9.46 -87.875 -86.331 -87.553
0.498 0.023 1.983 8.687 -85.769 -86.32 -86.767
0.672 -0.412 0.793 7.332 -88.049 -86.597 -87.192
0.845 -0.282 0.925 8.687 -87.834 -86.835 -87.373
1.019 -0.267 0.529 7.332 -88.724 -87.107 -87.662
1.193 -0.351 2.115 8.106 -85.104 -87.526 -87.289
1.366 -0.275 2.248 9.847 -84.847 -87.902 -86.985
1.544 -0.275 0.925 8.687 -87.914 -88.327 -87.134
1.718 -0.305 1.19 9.073 -87.214 -88.851 -87.181
1.894 -0.32 1.719 8.299 -85.979 -89.457 -87.102
2.067 -8.606 1.19 8.687 -87.103 -107.246 -87.722
2.243 10.01 1.058 7.719 -87.636 -84.794 -87.081
2.416 18.623 2.512 7.139 -84.351 -39.801 -85.564
2.590 -53.52 1.454 8.299 -86.598 -178.418 -89.339
2.764 -103.722 1.851 12.749 -85.869 74.894 -96.67
2.941 -128.891 3.306 13.716 -82.153 -124.174 -105.615
3.129 -92.369 5.818 17.78 -75.97 126.803 -111.654
3.309 -23.247 7.933 16.619 -71.185 49.879 -112.546
3.484 12.436 7.668 17.78 -71.06 93.206 -110.939
3.661 6.439 6.214 17.586 -72.926 116.779 -109.913
3.836 -2.014 6.875 18.166 -71.432 109.053 -109.461
4.012 4.761 7.272 18.747 -71.043 128.154 -108.541
4.187 54.573 6.081 19.327 -75.363 176.651 -104.242
4.363 98.915 5.818 17.392 -75.406 68.217 -96.733
4.542 104.019 1.983 14.491 -85.181 0.671 -89.26
4.727 82.695 2.248 12.943 -84.429 -148.43 -83.277
4.900 54.268 2.777 11.008 -82.988 117.483 -79.29
5.076 14.412 3.835 8.299 -81.412 10.638 -78.142
5.248 -11.009 3.173 8.493 -83.42 -47.137 -78.93
5.425 -18.372 3.173 8.88 -83.42 -146.805 -80.261
5.598 -28.58 1.983 8.687 -85.452 -126.796 -82.414
5.775 -71.983 3.041 9.073 -82.168 -2.498 -87.634
5.947 -94.292 2.777 14.491 -82.527 -23.253 -94.512
6.129 -83.038 3.173 16.232 -82.082 7.807 -100.561
6.306 -63.095 4.627 16.811 -77.118 149.93 -104.995
6.486 -20.081 6.081 16.619 -72.304 19.685 -106.13
6.663 17.395 5.024 14.683 -75.898 135.588 -104.63
6.842 62.141 4.098 16.425 -78.008 20.757 -99.902
7.020 89.111 3.702 15.071 -80.395 106.316 -93.251
7.204 86.929 1.983 14.104 -85.452 -167.447 -86.896
7.391 60.448 2.777 11.395 -83.396 99.324 -82.419
7.566 39.993 1.851 8.106 -85.455 -138.089 -79.501
7.739 -1.381 0.661 9.073 -88.536 -148.777 -79.715
7.915 -0.885 1.058 9.267 -87.398 -155.782 -79.86
8.088 -0.259 2.38 7.719 -84.388 -157.877 -79.878
8.270 -0.198 0.396 9.46 -89.09 -159.514 -80.017
8.449 -0.206 1.719 8.687 -86.128 -161.254 -80.077
8.625 -0.32 1.322 8.106 -86.992 -164.014 -80.168
8.799 -0.32 1.719 9.847 -85.901 -166.83 -80.231
8.974 -0.229 1.587 8.493 -85.851 -168.885 -80.287
9.148 -0.32 1.983 9.46 -85.452 -171.812 -80.341
9.323 -0.275 1.983 8.299 -85.364 -174.376 -80.389
9.497 -0.29 2.248 8.687 -84.646 -177.13 -80.423
9.670 -0.328 1.851 10.04 -85.793 -0.302 -80.488
9.844 -0.275 2.512 9.46 -84.551 -3.009 -80.52
10.021 -0.259 1.322 9.267 -86.935 -5.604 -80.608
10.193 -0.191 2.115 9.267 -85.195 -7.551 -80.65
