time gyroz magX magY yaw_mag yaw_gyro yaw_cf yaw_kf
0.344 -0.175 23.35 6.364 0.061 -0.175 0.063
0.563 -6.676 24.251 7.464 0.106 -0.75 -0.255
0.755 -0.633 23.62 8.837 0.277 -1.452 -0.286
0.952 -0.252 23.71 8.562 0.179 -1.539 -0.324
1.145 -0.244 24.161 9.386 0.151 -1.587 -0.358
1.339 -0.053 23.71 8.562 0.249 -1.616 -0.358
1.533 -0.427 24.612 8.013 0.049 -1.662 -0.411
1.727 -0.221 23.53 8.562 0.101 -1.725 -0.438
1.921 -0.603 22.899 9.386 0.186 -1.805 -0.478
2.116 -0.061 23.71 8.562 0.111 -1.87 -0.488
2.309 -0.244 24.522 8.288 0.182 -1.899 -0.503
2.503 -0.061 23.62 10.486 0.277 -1.929 -0.496
2.697 -0.206 23.53 7.464 0.082 -1.955 -0.514
2.892 -0.122 23.981 9.937 0.175 -1.987 -0.519
3.085 -0.107 24.251 6.915 0.131 -2.009 -0.525
3.280 -0.443 23.981 8.288 0.14 -2.062 -0.554
3.473 -0.198 23.35 7.464 0.159 -2.124 -0.564
3.667 -0.488 23.8 7.189 0.168 -2.191 -0.595
3.860 -0.046 23.891 9.113 0.132 -2.242 -0.594
4.054 -0.481 23.53 8.013 0.189 -2.293 -0.623
4.247 -0.313 23.44 9.386 0.21 -2.37 -0.639
4.443 -0.633 24.341 8.288 0.183 -2.463 -0.681
4.638 -0.031 24.161 10.486 0.199 -2.528 -0.674
4.832 -0.404 23.8 9.386 0.164 -2.57 -0.698
5.025 -0.481 24.071 9.113 0.148 -2.655 -0.73
5.220 -0.648 22.899 10.486 0.256 -2.765 -0.771
5.414 -0.206 23.8 8.837 0.24 -2.848 -0.776
5.607 0.084 24.071 8.013 0.159 -2.86 -0.759
5.800 -0.343 23.981 7.739 0.144 -2.885 -0.779
5.994 -0.618 22.899 9.937 0.241 -2.978 -0.819
6.186 -0.061 23.35 12.409 0.315 -3.043 -0.807
6.380 -0.16 23.44 8.288 0.085 -3.065 -0.813
6.573 -0.267 23.53 9.113 0.207 -3.106 -0.823
6.766 -0.168 24.071 9.113 0.237 -3.148 -0.823
6.958 -0.252 23.35 6.915 -0.057 -3.188 -0.84
7.152 -0.191 24.251 8.562 0.137 -3.231 -0.845
7.345 -0.267 24.161 7.739 0.107 -3.275 -0.858
7.539 -0.618 23.981 7.189 0.076 -3.361 -0.904
7.733 -0.427 23.44 7.189 0.204 -3.463 -0.928
7.925 -0.343 24.522 9.386 0.177 -3.536 -0.946
8.118 -0.145 23.981 7.189 0.114 -3.584 -0.946
8.311 -0.336 23.53 6.364 0.032 -3.63 -0.967
8.503 -0.221 23.8 8.837 0.166 -3.683 -0.973
