time gyroz magX magY yaw_mag yaw_gyro yaw_cf yaw_kf
0.353 -0.183 40.285 31.976 -43.883 -0.065 -43.791
0.557 0.519 40.285 31.262 -43.883 0.106 -43.812
0.770 0.549 41.172 31.44 -42.357 0.942 -43.324
0.978 -0.298 40.462 31.083 -45.124 0.258 -43.751
1.185 -0.298 40.64 33.048 -44.633 -0.651 -43.931
1.394 -0.214 39.398 33.941 -44.393 -0.596 -44.016
1.601 -0.29 40.64 30.904 -44.136 -0.678 -44.051
1.809 -0.252 39.93 31.619 -44.89 -0.746 -44.173
2.018 -0.252 39.93 33.048 -44.136 -0.761 -44.19
2.226 -0.168 39.22 32.334 -45.404 -0.626 -44.327
2.433 -0.275 41.172 31.44 -43.133 -0.837 -44.245
2.641 -0.336 41.35 30.904 -44.136 -1.162 -44.267
2.848 -0.183 41.172 31.44 -44.383 -0.857 -44.297
3.055 -0.305 39.398 33.227 -43.877 -1.115 -44.298
3.261 -0.267 40.285 31.976 -44.636 -1.176 -44.349
3.468 -0.29 39.93 31.976 -45.382 -1.273 -44.446
3.675 -0.198 40.817 32.869 -43.123 -1.018 -44.392
3.882 -0.282 41.172 31.083 -45.108 -1.293 -44.465
4.090 -0.275 41.172 31.44 -43.639 -1.407 -44.452
4.298 -0.45 40.995 33.763 -42.611 -2.209 -44.402
4.506 14.091 40.64 33.048 -43.885 63.044 -43.372
4.713 -18.753 41.705 31.262 -43.145 -74.292 -44.681
4.921 -57.579 44.189 34.477 -41.745 -122.099 -48.748
5.128 -52.734 45.077 36.799 -41.793 -147.999 -52.486
5.330 -60.707 42.06 40.194 -43.402 163.698 -56.885
5.539 -87.761 41.705 40.551 -43.145 -6.815 -63.25
5.749 -70.335 44.722 43.588 -39.224 47.883 -68.202
5.957 -70.885 45.432 42.159 -39.046 47.403 -73.201
6.162 -79.132 51.11 42.159 -35.28 -18.496 -78.673
6.381 -21.042 51.82 40.73 -34.651 -33.401 -79.895
6.602 4.982 53.24 41.801 -34.939 11.849 -79.231
6.822 -1.152 52.885 41.444 -34.869 -2.877 -79.013
7.043 0.488 53.24 40.372 -34.185 2.285 -78.653
7.263 14.778 53.595 41.444 -33.754 107.821 -77.234
7.482 69.221 51.11 43.588 -34.501 -7.31 -71.845
7.693 78.163 50.578 42.695 -35.434 130.529 -65.821
7.900 54.802 51.288 43.766 -35.314 -28.901 -61.504
8.107 54.382 51.643 42.695 -37.364 -44.323 -57.278
8.319 69.229 55.902 40.908 -34.245 90.298 -51.866
8.537 67.177 54.127 39.479 -36.548 102.719 -46.673
8.748 67.406 45.254 32.334 -41.315 116.845 -41.6
8.954 17.708 43.302 31.083 -42.447 45.963 -40.219
9.161 0.137 41.172 31.083 -42.618 18.963 -40.141
9.363 -4.745 41.705 31.976 -43.396 -44.29 -40.45
9.568 -11.856 40.995 31.619 -42.87 -118.183 -41.273
9.775 -17.96 41.705 32.334 -42.637 -7.415 -42.547
9.976 -31.242 43.124 34.12 -42.688 -149.63 -44.808
10.176 -64.636 41.527 35.728 -43.643 -148.978 -49.567
10.383 -108.162 39.575 40.908 -45.393 72.318 -57.597
10.602 -91.66 43.834 43.052 -40.963 -179.941 -64.3
10.809 -93.773 46.674 41.98 -38.68 154.748 -71.106
11.010 -49.744 50.578 42.337 -35.692 -101.454 -74.581
11.227 4.478 50.756 42.159 -35.725 0.531 -74.034
11.448 -0.435 49.691 39.658 -35.784 -0.502 -73.847
11.667 -1.396 49.868 42.337 -35.817 -16.722 -73.725
11.887 -0.229 51.465 42.159 -35.349 -4.118 -73.499
12.104 -0.168 50.756 41.801 -36.234 -2.262 -73.284
12.324 15.045 51.11 41.087 -35.28 5.247 -71.911
12.545 45.876 50.401 41.087 -35.915 50.559 -68.254
12.755 75.951 49.691 42.516 -36.302 114.631 -62.363
12.961 65.468 49.158 43.052 -37.239 24.482 -57.264
13.170 82.504 50.756 41.444 -38.206 -107.954 -50.914
13.377 95.184 47.916 36.799 -39.33 95.78 -43.641
13.583 47.028 44.367 34.299 -42.729 -166.035 -40.025
13.790 -1.16 44.012 32.512 -41.231 31.032 -39.97
13.998 0.626 41.527 33.941 -43.643 7.603 -39.84
14.205 -2.083 41.705 33.048 -44.136 -28.963 -39.928
14.413 -1.129 40.817 31.44 -44.631 -18.355 -39.96
14.618 -0.191 41.882 32.512 -44.378 -3.921 -39.921
14.826 -0.237 42.947 32.869 -41.672 -3.705 -39.833
15.034 -0.267 42.06 32.691 -42.903 -4.251 -39.779
15.243 -0.305 42.237 32.869 -43.158 -4.916 -39.737
15.451 -0.214 41.882 32.869 -42.644 -3.612 -39.682
15.660 -0.282 39.93 33.763 -43.881 -4.63 -39.661
15.867 -0.298 40.995 32.334 -43.887 -5.01 -39.646
16.075 -0.252 41.527 32.869 -42.887 -4.349 -39.611
16.284 -0.29 42.769 33.405 -43.415 -4.974 -39.592
16.490 -0.275 42.592 32.155 -42.67 -4.825 -39.561
16.698 -0.237 40.995 32.691 -44.136 -4.232 -39.56
16.906 -0.191 40.462 33.584 -43.884 -3.466 -39.554
17.109 -0.214 41.882 32.155 -42.644 -3.852 -39.527
17.314 -0.252 42.415 33.048 -41.899 -4.577 -39.491
17.521 -0.305 41.882 33.941 -42.644 -5.596 -39.478
17.731 -0.359 41.527 32.155 -42.887 -6.67 -39.476
17.939 -0.359 41.705 32.691 -43.145 -6.799 -39.482
18.146 -0.259 39.93 33.405 -45.137 -5.059 -39.522
18.354 -0.29 41.172 32.869 -42.876 -5.582 -39.522
18.562 -0.404 41.172 32.155 -43.639 -7.789 -39.547
18.773 -0.175 41.35 32.334 -42.882 -3.689 -39.543
18.982 -0.244 42.415 34.12 -43.409 -4.807 -39.556
19.190 -0.305 42.769 33.048 -43.415 -6.097 -39.576
19.399 -0.13 42.769 33.405 -42.425 -2.827 -39.566
19.607 -0.29 39.93 33.048 -44.89 -5.816 -39.617
19.815 -0.191 42.415 33.405 -43.653 -4.075 -39.638
20.022 -0.221 41.527 32.869 -43.89 -4.616 -39.668
