time gyroz magX magY yaw_mag yaw_gyro yaw_cf yaw_kf
0.355 -0.328 44.012 34.299 -37.93 -0.116 -37.932
0.560 -1.495 42.769 34.477 -38.873 -1.165 -38.436
0.768 0.114 42.06 35.549 -40.204 -1.407 -39.017
0.976 -0.336 43.657 34.299 -38.155 -0.214 -38.865
1.184 -0.237 42.592 33.584 -38.256 -0.617 -38.793
1.393 -0.32 43.479 34.12 -38.123 -0.683 -38.734
1.606 -0.351 43.302 33.227 -37.5 -0.884 -38.613
1.815 -0.298 42.592 35.37 -39.708 -0.892 -38.794
2.020 -0.381 42.769 34.12 -38.582 -1.068 -38.823
2.230 -0.374 42.769 33.405 -37.992 -1.215 -38.794
2.439 -0.282 42.947 33.941 -38.319 -1.062 -38.797
2.646 -0.282 41.882 36.085 -40.748 -1.028 -39.004
2.853 -0.29 44.544 35.192 -38.311 -1.109 -38.998
3.061 -0.259 43.124 33.405 -37.762 -1.083 -38.953
3.268 -0.45 42.415 33.405 -38.223 -1.73 -38.961
3.476 1.129 44.544 32.691 -36.275 3.474 -38.736
3.683 14.702 42.947 33.584 -38.025 55.276 -37.66
3.891 9.682 44.367 34.299 -37.707 52.375 -36.923
4.098 -2.319 42.592 34.656 -39.134 0.179 -37.127
4.305 -8.667 45.254 33.763 -36.726 -39.63 -37.664
4.512 -18.654 45.254 35.192 -37.871 -92.834 -38.988
4.719 -29.144 43.479 35.549 -39.27 -156.185 -41.144
4.928 -25.719 41.35 37.335 -42.079 -155.887 -43.182
5.149 -31.197 39.22 38.407 -44.4 -6.352 -45.709
5.370 -29.587 36.913 39.3 -46.794 -10.079 -48.204
5.592 -33.585 40.107 38.586 -43.893 -37.394 -50.849
5.810 -54.565 43.479 41.98 -43.995 -170.608 -55.014
6.018 -49.026 46.496 40.372 -40.967 -169.603 -58.65
6.225 -31.105 47.916 41.087 -40.612 -62.655 -60.962
6.436 -0.237 48.803 40.194 -39.475 -32.63 -60.972
6.643 8.736 47.384 41.623 -41.297 57.796 -60.38
6.856 36.423 51.11 41.444 -39.038 78.452 -57.672
7.064 49.545 52.175 42.873 -39.41 -153.591 -54.004
7.272 42.259 51.11 41.087 -38.796 176.852 -50.839
7.485 41.565 49.513 42.337 -40.533 173.373 -47.773
7.707 34.431 46.141 39.3 -40.422 126.925 -45.219
7.927 48.843 46.496 37.157 -38.63 -118.391 -41.547
8.148 36.705 46.141 36.442 -38.302 167.915 -38.754
8.356 3.136 44.544 32.334 -35.975 62.909 -38.364
8.564 -9.895 45.964 33.763 -36.299 -81.605 -38.95
8.769 -32.204 45.432 36.085 -38.459 -112.292 -41.248
8.972 -46.104 43.302 37.514 -40.904 94.151 -44.646
9.196 -55.099 42.592 38.943 -42.438 -12.794 -48.753
9.416 -60.638 46.319 39.836 -40.697 -86.066 -53.223
9.631 -50.407 49.336 40.372 -39.294 -6.108 -56.903
9.839 -35.088 49.513 41.265 -39.808 144.362 -59.464
10.048 3.761 50.223 40.194 -38.671 2.703 -59.121
10.257 41.229 51.11 41.444 -39.038 -113.353 -56.011
10.464 61.401 49.868 41.623 -39.851 143.729 -51.42
10.672 59.425 49.691 41.801 -40.071 155.585 -46.972
10.886 66.116 47.206 38.943 -39.521 -120.836 -42.007
11.107 76.881 46.496 37.871 -39.163 20.033 -36.232
11.307 23.895 46.851 32.869 -35.052 167.062 -34.283
11.510 -17.334 48.803 34.834 -35.518 -175.619 -35.409
11.710 -31.097 47.739 35.549 -36.673 158.52 -37.593
11.913 -47.47 47.384 35.192 -36.601 -56.607 -41.0
12.131 -52.223 44.722 37.157 -39.721 -140.987 -44.839
12.341 -28.831 48.271 38.943 -38.895 131.974 -46.926
12.560 -2.884 47.561 38.229 -38.792 -65.054 -47.084
12.781 10.017 47.739 38.407 -38.817 125.143 -46.282
12.999 37.567 43.834 36.978 -40.151 -41.65 -43.459
13.216 36.568 43.124 36.978 -40.612 -19.15 -40.717
13.433 39.635 46.674 35.549 -37.295 28.985 -37.672
13.644 31.174 48.981 34.656 -35.281 -75.027 -35.213
13.851 10.178 47.916 33.584 -35.026 172.149 -34.316
14.059 -31.7 47.384 32.691 -34.602 104.508 -36.537
14.266 -19.791 48.981 33.941 -34.72 -134.038 -37.88
14.474 7.439 46.851 33.584 -35.634 87.881 -37.218
14.681 8.354 44.012 33.584 -37.346 130.084 -36.527
14.889 -6.836 43.479 35.192 -38.987 -93.427 -37.007
15.097 -0.145 42.237 35.013 -39.658 -9.025 -37.003
15.305 -0.694 43.479 34.12 -38.123 -10.767 -37.011
15.511 17.967 44.189 34.12 -37.673 97.992 -35.618
15.717 -12.428 47.384 34.12 -35.757 -177.364 -36.458
15.922 21.217 44.722 34.299 -37.486 145.389 -34.823
16.131 7.683 47.561 35.728 -36.914 145.151 -34.19
16.336 16.579 47.561 32.869 -34.648 98.518 -32.848
16.542 -14.908 50.223 34.834 -34.745 -50.029 -33.869
16.744 17.288 51.11 35.728 -34.955 94.562 -32.489
16.946 17.845 45.964 19.829 -23.336 139.689 -30.839
17.153 -2.083 44.544 19.472 -23.612 -17.885 -30.696
17.360 2.548 46.141 22.151 -25.644 42.15 -30.255
17.562 -6.927 49.158 32.334 -33.335 -119.104 -30.683
17.765 -0.603 49.691 31.798 -32.616 -17.639 -30.628
17.970 10.208 49.691 32.869 -33.483 2.835 -29.785
18.176 -0.61 50.756 33.227 -33.21 -0.879 -29.751
18.377 -18.509 48.803 31.619 -32.939 -160.75 -31.06
18.580 -11.047 49.158 33.405 -34.198 -43.762 -31.839
18.783 5.135 47.561 33.584 -35.227 85.404 -31.427
18.984 -20.882 48.981 34.656 -35.281 148.711 -32.972
19.185 -92.628 45.077 36.085 -38.678 -177.95 -39.976
19.396 -56.732 42.237 37.871 -41.88 66.998 -44.347
19.615 -55.237 40.817 38.943 -43.654 119.794 -48.639
19.829 -37.209 41.172 39.658 -43.927 106.946 -51.577
20.038 -32.829 45.254 40.551 -41.863 -155.037 -54.141
20.247 43.091 48.626 41.444 -40.441 -60.366 -50.96
20.456 69.061 49.691 42.159 -40.312 -164.197 -45.812
20.669 72.922 51.11 38.586 -37.051 -43.714 -40.304
20.891 62.05 54.482 36.978 -34.166 109.209 -35.554
21.095 43.999 51.465 37.157 -35.829 90.209 -32.192
21.300 -13.992 52.175 35.013 -33.864 -74.031 -33.161
21.502 -62.912 50.933 36.264 -35.451 -106.726 -37.849
21.704 -60.883 46.496 38.943 -39.948 -124.317 -42.472
21.924 -77.263 44.367 38.586 -41.013 -134.797 -48.351
22.143 -50.514 49.158 40.194 -39.271 64.205 -52.182
22.353 47.867 47.916 40.73 -40.366 119.457 -48.613
22.567 62.469 47.206 40.73 -40.788 -162.395 -43.944
22.780 71.739 55.547 39.836 -35.647 76.683 -38.473
22.989 47.958 53.95 37.871 -35.068 -85.755 -34.782
23.191 50.537 49.691 34.299 -34.615 -40.038 -30.888
23.395 -27.756 45.964 33.048 -35.716 -58.815 -32.923
23.602 -56.664 46.141 33.941 -36.338 -105.14 -37.155
23.808 -10.406 44.722 35.013 -38.058 -124.41 -37.933
24.014 22.644 43.834 34.477 -38.186 -6.633 -36.22
24.217 -0.206 44.189 33.763 -37.382 17.655 -36.216
24.422 -0.191 44.189 35.192 -38.534 -4.871 -36.234
24.627 -0.267 42.769 34.477 -38.873 -6.766 -36.264
24.833 -0.298 44.012 35.37 -38.787 -7.667 -36.296
25.036 -0.298 44.899 35.192 -38.089 -7.759 -36.317
25.239 -0.305 44.189 33.763 -37.382 -7.996 -36.325
25.446 -0.259 44.189 34.12 -37.673 -6.896 -36.337
25.653 -0.298 44.899 34.834 -37.805 -7.904 -36.355
25.856 -0.221 42.415 35.192 -39.683 -6.012 -36.402
26.060 -0.214 42.06 33.405 -38.457 -5.798 -36.426
26.266 -0.359 44.189 33.763 -37.382 -9.643 -36.443
26.469 -0.168 44.367 33.584 -37.124 -4.806 -36.441
26.674 -0.32 45.254 35.549 -38.151 -8.704 -36.47
26.881 -0.237 41.882 34.299 -39.316 -6.691 -36.515
27.084 -0.32 43.479 34.834 -38.701 -8.904 -36.555
27.288 -0.305 43.834 35.192 -38.759 -8.643 -36.595
27.495 -0.221 44.722 32.869 -36.314 -6.381 -36.585
27.702 -0.328 42.769 33.763 -38.289 -9.307 -36.62
27.911 -0.282 45.077 33.584 -36.687 -8.199 -36.623
