time gyroz magX magY yaw_mag yaw_gyro yaw_cf yaw_kf
2.235 -0.214 23.53 8.562 0.161 -0.214 0.161
2.429 -2.51 23.71 11.31 0.199 -0.264 0.078
2.622 -0.214 23.981 11.035 0.26 -0.527 0.062
2.816 -0.366 23.8 12.135 0.271 -0.583 0.043
3.010 -0.183 23.079 12.135 0.312 -0.637 0.044
3.204 -0.328 23.891 9.662 0.269 -0.686 0.026
3.397 -0.168 23.44 10.486 0.31 -0.734 0.026
3.593 -0.229 23.981 11.035 0.242 -0.773 0.013
3.786 0.053 24.341 11.035 0.201 -0.79 0.013
3.981 -0.092 23.8 10.486 0.312 -0.794 0.022
4.174 -0.275 24.161 12.135 0.242 -0.829 0.012
4.368 -0.206 23.981 12.135 0.258 -0.876 0.009
4.561 -0.313 23.079 11.035 0.287 -0.926 0.004
4.757 -0.481 23.62 11.035 0.281 -1.004 -0.009
4.951 -0.519 24.161 10.486 0.251 -1.101 -0.028
5.146 -0.427 22.719 11.584 0.206 -1.193 -0.044
5.339 0.137 23.891 10.211 0.231 -1.221 -0.026
5.535 -0.313 24.432 8.013 0.154 -1.238 -0.04
5.728 -0.16 23.35 9.662 0.168 -1.284 -0.042
5.923 -0.244 23.8 9.386 0.22 -1.323 -0.042
6.116 -0.381 24.522 9.937 0.253 -1.384 -0.044
6.311 -0.336 24.522 10.486 0.247 -1.453 -0.045
6.505 -0.221 23.891 10.211 0.157 -1.507 -0.049
6.699 -0.473 24.161 11.584 0.293 -1.575 -0.049
6.892 -0.336 23.259 9.937 0.139 -1.653 -0.06
7.089 -0.389 24.161 8.288 0.17 -1.724 -0.068
7.283 0.023 23.891 12.409 0.331 -1.76 -0.039
7.478 -0.694 24.161 12.684 0.292 -1.825 -0.049
7.671 0.061 24.071 11.86 0.373 -1.886 -0.015
7.865 -0.809 23.44 11.035 0.225 -1.959 -0.038
8.061 0.298 23.71 10.211 0.217 -2.009 -0.01
8.255 -0.175 24.612 10.211 0.183 -1.997 -0.008
8.449 -0.16 23.8 8.837 0.211 -2.029 -0.001
8.643 0.015 23.62 11.035 0.27 -2.044 0.02
8.836 -0.145 24.071 9.662 0.207 -2.056 0.026
9.031 -0.198 24.341 11.035 0.16 -2.09 0.024
9.223 -0.397 24.341 12.135 0.359 -2.147 0.034
9.418 -0.092 24.071 9.662 0.184 -2.194 0.039
9.611 -0.381 24.251 9.662 0.195 -2.24 0.031
9.806 -0.168 23.8 10.486 0.223 -2.293 0.036
9.998 -0.244 23.71 9.113 0.225 -2.333 0.038
10.192 -0.023 23.35 10.211 0.24 -2.359 0.052
10.385 -0.534 23.891 14.057 0.3 -2.413 0.047
10.581 -0.145 24.251 8.013 0.139 -2.479 0.043
10.774 -0.053 23.891 10.211 0.21 -2.498 0.051
10.971 -0.343 23.62 10.486 0.187 -2.537 0.044
11.164 -0.648 24.071 12.409 0.234 -2.633 0.026
11.360 -0.549 23.8 12.684 0.377 -2.75 0.029
11.554 -0.206 23.8 11.584 0.281 -2.824 0.036
11.748 0.0 23.44 7.739 0.047 -2.843 0.029
11.942 -0.229 23.62 7.739 0.152 -2.866 0.023
12.136 -0.153 23.8 11.584 0.225 -2.903 0.028
12.329 -0.641 23.981 8.837 0.152 -2.979 0.003
12.524 -0.015 23.35 11.86 0.238 -3.043 0.017
12.718 -0.343 24.071 9.662 0.281 -3.078 0.02
12.914 -0.198 23.8 12.684 0.291 -3.131 0.031
13.107 -0.427 23.53 10.211 0.202 -3.191 0.021
13.304 -0.511 23.53 8.562 0.204 -3.284 0.007
13.497 -0.069 23.259 9.937 0.098 -3.34 0.004
13.692 -0.435 23.62 11.584 0.228 -3.389 -0.003
13.885 0.122 23.44 10.486 0.197 -3.419 0.014
14.081 0.221 24.161 9.937 0.182 -3.385 0.034
14.272 0.397 23.981 9.937 0.264 -3.326 0.071
14.470 -0.198 23.71 9.113 0.28 -3.307 0.081
14.663 0.526 24.071 8.562 0.134 -3.275 0.109
14.856 -3.7 23.8 8.837 0.103 -3.581 -0.065
15.049 3.311 23.71 9.113 0.201 -3.619 0.101
15.242 -1.19 23.44 9.937 0.189 -3.414 0.055
15.435 -0.443 24.071 8.013 0.198 -3.572 0.044
15.627 -2.09 24.522 9.937 0.22 -3.815 -0.042
15.819 3.456 23.62 11.035 0.268 -3.684 0.138
16.012 -6.332 24.612 11.86 0.305 -3.961 -0.139
16.204 11.963 22.989 11.31 0.229 -3.421 0.436
16.398 -22.804 24.071 11.31 0.271 -4.472 -0.621
16.590 5.569 25.513 19.004 0.398 -6.127 -0.33
16.783 -10.033 25.604 15.981 0.348 -6.558 -0.774
16.977 -5.836 27.948 18.179 0.35 -8.097 -1.017
17.174 0.824 28.669 19.277 0.416 -8.591 -0.933
17.367 1.74 27.767 18.728 0.363 -8.343 -0.803
17.561 -2.113 27.497 18.453 0.276 -8.379 -0.859
17.752 -5.615 28.128 14.882 0.337 -9.118 -1.069
17.943 -1.884 30.201 6.915 0.187 -9.834 -1.115
18.133 -25.276 29.751 6.64 0.137 -12.414 -2.262
18.326 -22.865 27.767 16.53 0.423 -17.059 -3.257
18.518 -39.619 27.497 16.806 0.416 -23.058 -5.024
18.714 -22.957 26.595 12.409 0.306 -29.19 -5.992
18.918 4.257 26.866 17.629 0.516 -31.098 -5.618
19.119 -6.355 26.595 16.806 0.622 -31.309 -5.695
19.318 -30.975 27.407 22.575 0.577 -35.023 -6.907
19.518 -23.46 27.497 20.652 0.524 -40.466 -7.743
19.717 -17.7 27.767 20.926 0.545 -44.562 -8.271
19.914 -16.556 27.046 21.475 -0.252 -47.936 -8.79
20.109 9.697 26.956 21.75 0.445 -48.605 -7.959
20.310 -4.539 27.136 21.201 0.487 -48.086 -7.762
20.515 -24.315 26.595 25.597 0.675 -51.044 -8.457
20.713 -50.163 27.317 28.894 0.74 -58.417 -10.347
20.912 -72.723 27.497 28.344 0.613 -70.644 -13.29
21.108 -79.895 30.021 31.092 0.792 -85.601 -16.509
21.307 -89.577 30.652 31.917 0.568 -102.464 -20.143
21.512 -86.067 32.816 31.917 0.539 -120.467 -23.525
21.719 -82.108 35.43 30.542 1.427 -137.873 -26.516
21.921 -80.544 34.529 26.697 0.528 -154.301 -29.403
22.121 -82.413 37.053 22.299 0.421 -170.597 -32.251
22.317 -89.699 38.586 21.475 0.361 -7.464 -35.302
22.512 -82.031 40.93 16.53 0.195 -24.207 -37.855
22.709 -82.87 41.56 7.464 -0.469 -40.45 -40.357
22.908 -86.189 38.856 -5.174 -0.168 -57.271 -42.82
23.105 -82.779 34.799 -8.198 -0.481 -73.915 -44.994
23.309 -86.227 34.709 -7.922 -0.1 -91.153 -47.128
23.515 -84.778 32.365 -7.922 -0.345 -108.767 -49.065
23.716 -92.613 30.111 -8.198 -0.25 -126.595 -51.207
23.918 -80.269 28.128 -3.251 -0.134 -144.056 -52.608
24.119 -85.083 25.243 2.793 0.076 -160.674 -54.07
24.316 -80.734 24.522 10.486 0.056 -177.007 -55.196
24.510 -77.805 22.358 22.026 0.692 167.615 -55.992
24.707 -79.926 24.972 20.652 1.015 152.079 -56.743
24.902 -76.492 26.776 23.399 0.538 136.828 -57.28
25.113 -81.406 27.677 25.048 -1.56 120.17 -58.173
25.312 -90.042 28.579 26.146 0.503 103.11 -59.159
25.511 -82.52 31.103 27.246 0.737 85.941 -59.688
25.718 -79.506 32.185 31.641 0.516 69.171 -60.025
25.926 -74.12 33.627 30.542 0.64 53.194 -60.027
26.133 -77.148 34.619 28.619 0.935 37.538 -60.082
26.335 -78.522 35.791 25.597 0.527 21.815 -60.197
26.534 -79.33 38.766 23.674 0.427 6.109 -60.317
26.730 -79.605 38.586 18.728 0.234 -9.467 -60.432
26.925 -83.26 40.389 13.233 0.217 -25.346 -60.686
27.122 -81.017 41.2 8.562 0.197 -41.528 -60.807
27.321 -83.29 39.758 -2.427 -0.075 -57.876 -61.035
27.520 -75.867 37.864 -8.198 -0.25 -73.712 -60.905
27.723 -82.985 34.438 -9.296 -0.949 -89.836 -61.158
27.931 -79.063 31.283 -10.669 -0.492 -106.689 -61.154
28.133 -84.19 30.833 -10.944 -0.388 -123.177 -61.36
28.336 -80.536 28.128 -7.647 -0.364 -139.897 -61.376
28.536 -81.841 27.497 -4.625 -0.756 -156.135 -61.478
28.736 -74.326 25.604 6.64 0.226 -171.751 -61.109
28.952 -79.277 22.719 16.53 0.48 171.659 -60.939
29.148 -78.758 23.891 16.806 0.372 156.172 -60.756
29.344 -76.195 25.964 18.179 0.457 140.987 -60.444
29.556 -80.276 27.046 23.674 0.426 124.401 -60.331
29.763 -83.092 27.857 26.697 1.0 107.492 -60.296
29.961 -79.887 30.201 28.894 0.614 91.357 -60.159
30.161 -75.882 29.931 29.168 0.53 75.78 -59.848
30.360 -75.378 32.726 30.542 0.262 60.73 -59.547
30.564 -73.425 34.619 28.619 0.672 45.552 -59.119
30.765 -78.819 35.791 28.344 0.413 30.251 -58.982
30.967 -77.103 37.955 23.399 -0.573 14.503 -58.879
31.166 -75.096 38.225 23.124 0.362 -0.64 -58.589
31.364 -80.437 38.946 18.179 0.794 -16.038 -58.517
31.559 -83.26 39.397 14.606 0.019 -31.999 -58.673
31.756 -78.14 41.56 1.969 0.023 -47.897 -58.596
31.957 -83.412 38.405 -8.198 -0.251 -64.133 -58.801
32.155 -79.628 36.873 -9.02 -0.186 -80.274 -58.823
32.358 -73.524 33.447 -7.922 -0.229 -95.818 -58.564
32.567 -73.105 31.824 -9.571 -0.205 -111.141 -58.283
32.772 -78.102 30.292 -8.198 -0.383 -126.64 -58.26
32.974 -84.106 29.3 -5.174 -0.242 -143.023 -58.51
33.176 -78.033 27.317 -3.527 -0.23 -159.399 -58.476
33.375 -79.536 24.341 11.035 0.429 -175.077 -58.447
33.574 -77.255 22.989 14.057 0.433 169.322 -58.315
33.767 -79.613 25.604 18.728 0.3 154.184 -58.314
33.969 -78.087 25.964 20.926 0.43 138.257 -58.233
34.178 -80.582 26.144 23.674 0.562 121.676 -58.261
34.376 -82.085 28.669 29.719 1.262 105.572 -58.292
34.573 -82.382 29.48 28.344 0.518 89.372 -58.424
34.774 -77.827 32.005 30.542 0.552 73.271 -58.34
34.975 -78.537 32.365 30.542 0.575 57.556 -58.288
35.182 -77.56 34.619 29.168 0.497 41.4 -58.2
35.383 -83.466 36.512 24.497 1.498 25.217 -58.288
35.585 -80.978 37.233 25.048 0.479 8.608 -58.373
35.783 -81.902 38.586 19.277 0.084 -7.517 -58.543
35.990 -81.192 38.766 16.53 0.371 -24.397 -58.644
36.188 -81.1 40.118 11.31 0.25 -40.464 -58.752
36.389 -86.075 39.848 -3.8 -0.856 -57.265 -59.203
36.604 -80.956 37.323 -10.395 -0.554 -75.221 -59.369
36.802 -81.764 34.438 -12.043 -0.486 -91.33 -59.554
37.008 -79.865 32.726 -10.669 -0.316 -107.978 -59.619
37.214 -85.22 31.283 -10.669 -0.428 -124.982 -59.938
37.416 -79.735 30.562 -6.823 -0.694 -141.642 -60.015
37.629 -79.391 28.218 -7.373 -0.654 -158.589 -60.058
37.828 -81.436 25.604 6.09 0.206 -174.591 -60.096
38.024 -75.058 22.538 11.035 0.474 170.072 -59.802
38.215 -93.903 23.62 15.981 -0.159 153.936 -60.459
38.413 -22.881 26.144 17.629 0.388 142.375 -57.71
38.608 -69.855 26.144 14.333 0.82 133.333 -57.129
38.812 -79.079 27.317 24.497 0.559 118.142 -57.036
39.010 -83.817 27.407 26.421 0.722 102.015 -57.175
39.203 -77.766 30.562 27.795 0.323 86.422 -57.094
39.398 -40.68 31.103 32.19 0.567 74.874 -55.256
39.593 1.396 31.283 29.443 0.571 71.044 -51.456
39.787 8.316 32.005 30.542 0.719 71.986 -47.355
39.984 21.202 31.734 30.268 0.674 74.893 -42.726
40.179 28.862 31.463 29.443 0.66 79.774 -37.845
40.374 36.034 30.472 30.817 0.581 86.102 -32.77
40.567 45.815 29.57 30.268 0.662 94.0 -27.392
40.758 59.654 28.759 27.795 0.638 104.073 -21.557
40.958 42.946 26.415 28.894 0.728 114.333 -16.716
41.152 3.418 26.235 27.246 0.991 118.83 -13.949
41.344 -10.323 26.054 27.795 1.065 118.167 -12.07
41.537 -25.902 26.144 24.773 0.566 114.671 -11.21
41.737 -49.576 27.767 25.872 0.705 107.123 -11.661
41.931 -73.914 28.759 28.344 1.511 95.145 -13.356
42.123 -75.081 29.661 30.542 0.712 80.841 -15.34
42.322 -78.949 32.094 31.366 1.098 65.515 -17.567
42.530 -73.471 33.266 32.19 0.576 49.664 -19.658
42.739 -70.625 35.34 27.519 0.573 34.606 -21.645
42.950 -70.007 36.151 24.497 0.473 19.769 -23.618
43.154 -73.997 37.323 23.124 0.332 5.081 -25.775
43.353 -73.479 38.676 19.004 0.351 -9.593 -27.87
43.552 -76.5 39.487 14.882 0.204 -24.516 -30.069
43.749 -72.853 39.758 8.562 0.449 -39.227 -32.004
43.958 -80.94 39.758 4.166 -0.167 -55.299 -34.307
44.157 -78.117 38.135 -4.625 -0.124 -71.125 -36.384
44.357 -75.439 34.979 -9.296 0.197 -86.481 -38.204
44.561 -78.949 34.348 -11.769 -0.342 -102.228 -40.145
44.763 -75.424 32.546 -10.12 -0.694 -117.82 -41.85
44.966 -72.449 30.742 -9.571 -0.464 -132.829 -43.28
45.165 -74.501 26.685 -2.702 -0.118 -147.45 -44.663
45.363 -79.216 24.882 2.793 0.128 -162.668 -46.139
45.559 -75.394 22.628 12.959 0.694 -177.82 -47.277
45.756 -71.892 24.702 17.629 0.362 167.672 -48.19
45.960 -77.316 27.046 21.475 0.421 152.453 -49.261
46.155 -71.602 27.226 18.179 1.172 137.933 -49.899
46.351 -76.492 25.333 21.75 0.538 123.42 -50.756
46.546 -82.802 28.579 27.795 0.879 107.889 -51.798
46.746 -82.245 28.579 28.344 -1.362 91.384 -52.975
46.944 -71.289 31.193 31.366 0.664 76.184 -53.341
47.147 -77.835 33.086 29.993 -1.541 61.048 -54.176
47.356 -73.25 33.627 30.542 0.796 45.26 -54.477
47.566 -66.628 36.151 27.795 0.525 30.573 -54.438
47.775 -72.678 37.053 27.795 0.572 16.015 -54.628
47.982 -76.912 36.963 23.124 0.464 0.533 -54.986
48.187 -74.677 38.946 20.926 0.327 -15.005 -55.214
48.385 -78.949 39.397 17.904 0.321 -30.214 -55.607
48.586 -76.363 39.127 6.09 -1.351 -45.823 -56.019
48.789 -75.516 39.307 -2.152 -0.057 -61.239 -56.213
48.988 -77.866 37.684 -6.549 -0.317 -76.5 -56.514
49.188 -72.678 35.52 -8.198 -0.182 -91.555 -56.526
49.388 -79.025 35.52 -11.493 -0.361 -106.725 -56.829
49.591 -75.867 32.185 -10.12 -0.295 -122.446 -56.951
49.796 -76.088 29.39 -8.747 -0.248 -138.022 -57.057
49.996 -70.091 27.767 -3.8 -0.161 -152.64 -56.851
50.194 -71.945 24.161 6.64 0.194 -166.701 -56.679
50.389 -73.265 23.71 10.211 1.559 179.141 -56.419
50.586 -75.813 24.161 18.179 0.409 164.457 -56.4
50.780 -73.074 26.685 20.377 0.653 150.015 -56.225
50.975 -71.922 27.226 17.629 -1.517 135.877 -56.22
51.168 -76.828 25.513 21.201 0.675 121.523 -56.205
51.369 -80.2 27.226 26.97 0.566 105.742 -56.365
51.568 -76.645 29.39 30.268 0.425 90.136 -56.373
51.765 -76.95 31.283 29.993 0.532 75.007 -56.384
51.975 -75.798 32.546 31.092 1.201 58.968 -56.272
52.182 -71.815 34.258 30.817 0.913 43.69 -56.007
52.389 -72.35 35.43 28.344 0.541 28.769 -55.809
52.596 -75.5 36.602 26.97 0.425 13.467 -55.774
52.796 -73.288 37.414 24.497 0.322 -1.412 -55.65
52.994 -77.66 38.946 18.728 0.351 -16.356 -55.731
53.190 -75.92 39.307 17.079 0.308 -31.407 -55.738
53.392 -81.97 39.758 6.915 0.538 -47.354 -56.008
53.593 -78.766 38.405 -3.8 0.082 -63.508 -56.176
53.800 -81.184 37.684 -7.647 -0.602 -80.063 -56.526
53.999 -75.233 35.881 -9.845 -0.658 -95.626 -56.592
54.208 -79.88 33.266 -11.22 -0.365 -111.835 -56.835
54.411 -75.18 32.275 -8.747 -1.073 -127.574 -56.921
54.615 -82.123 29.3 -7.373 -0.295 -143.619 -57.24
54.821 -72.578 27.767 -8.198 -0.306 -159.553 -57.102
55.025 -78.926 24.612 10.761 0.573 -175.007 -57.163
55.222 -71.281 23.53 12.959 -1.009 170.198 -57.027
55.420 -73.563 26.054 17.904 -1.338 155.858 -57.021
55.615 -72.273 26.776 16.255 0.418 141.639 -56.762
55.809 -77.171 25.874 17.904 0.608 127.143 -56.718
56.002 -74.524 27.046 24.773 0.541 112.505 -56.562
56.205 -77.591 28.038 27.246 0.369 97.065 -56.574
56.401 -71.526 30.381 27.795 1.155 82.452 -56.223
56.608 -72.899 32.185 32.19 0.689 67.504 -55.995
56.815 -75.691 32.906 29.993 1.053 52.125 -55.869
57.024 -74.631 35.52 27.519 0.523 36.416 -55.76
57.236 -73.914 35.16 27.519 0.736 20.67 -55.603
57.443 -75.493 37.774 23.948 0.277 5.207 -55.576
57.643 -72.38 38.495 20.652 0.373 -9.581 -55.399
57.842 -75.836 39.036 17.355 0.304 -24.328 -55.398
58.038 -78.712 39.848 12.684 0.128 -39.474 -55.556
58.238 -81.299 39.938 7.464 0.147 -55.475 -55.838
58.439 -80.475 38.405 -3.251 -0.12 -71.733 -56.11
58.641 -75.531 35.701 -9.845 -0.399 -87.49 -56.174
58.847 -74.059 34.258 -11.493 -0.26 -102.898 -56.148
59.055 -79.72 33.176 -10.395 -1.067 -118.891 -56.466
59.260 -77.927 31.283 -12.318 -0.858 -135.049 -56.667
59.462 -79.361 29.661 -6.274 -0.28 -150.936 -56.866
59.662 -78.278 25.513 3.068 -0.24 -166.699 -57.002
59.858 -73.433 24.251 10.761 0.397 178.433 -56.837
60.055 -74.379 23.71 16.806 0.395 163.873 -56.714
60.250 -71.243 26.505 17.079 0.375 149.675 -56.445
60.464 -76.874 26.866 15.981 0.333 133.827 -56.445
60.657 -74.341 26.325 20.926 0.487 119.234 -56.314
60.858 -81.116 27.317 27.795 0.57 103.611 -56.496
61.054 -40.314 29.48 28.894 0.561 91.711 -54.761
61.249 -3.464 30.111 29.719 0.542 87.443 -51.299
61.444 -9.132 29.841 29.993 0.627 86.214 -48.123
61.638 5.402 29.931 30.817 -0.047 85.853 -44.39
61.831 8.82 30.021 31.092 0.59 87.225 -40.509
62.028 -6.004 28.849 30.268 0.646 87.502 -37.429
62.224 -21.141 30.021 29.993 0.598 84.842 -35.197
62.421 -43.762 30.201 28.894 0.733 78.449 -34.154
62.616 -37.613 31.553 29.719 0.033 70.515 -33.03
62.813 -32.204 31.824 33.839 0.783 63.638 -31.695
63.010 -49.324 32.455 31.366 0.628 55.608 -31.299
63.218 -74.043 34.348 29.993 0.579 42.778 -32.183
63.427 -77.469 35.16 28.07 -1.504 26.945 -33.535
63.635 -71.335 36.151 25.048 0.641 11.469 -34.43
63.836 -72.571 37.774 21.201 0.428 -2.994 -35.451
64.035 -79.01 39.036 19.004 0.114 -18.076 -36.835
64.232 -78.369 39.397 15.157 0.388 -33.578 -38.17
64.431 -78.217 39.577 11.31 0.187 -49.158 -39.514
64.635 -80.177 39.577 0.871 -0.015 -65.314 -40.953
64.834 -78.43 37.233 -5.174 -0.131 -81.096 -42.29
65.033 -75.043 35.971 -10.12 -0.253 -96.366 -43.439
65.234 -74.402 33.086 -9.02 0.223 -111.385 -44.46
65.436 -79.056 32.726 -9.571 -1.076 -126.885 -45.785
65.636 -81.078 30.652 -7.647 -0.239 -142.898 -47.057
65.837 -74.753 28.849 -4.9 -0.201 -158.559 -47.969
66.034 -74.486 24.251 5.815 0.192 -173.259 -48.765
66.230 -76.416 23.891 11.86 0.405 171.952 -49.573
66.425 -75.218 23.35 16.255 0.776 157.168 -50.229
66.626 -69.466 28.849 17.629 0.936 142.627 -50.547
66.819 -74.104 27.587 17.079 0.421 128.773 -51.088
67.014 -81.085 27.136 22.85 0.527 113.642 -51.898
67.206 -75.989 27.317 28.344 0.831 98.563 -52.392
67.407 -80.345 29.751 30.817 0.563 82.851 -53.075
67.603 -76.065 31.463 30.542 0.531 67.523 -53.515
67.814 -68.626 33.176 30.817 0.678 52.258 -53.547
68.032 -69.023 34.799 27.519 0.506 37.254 -53.576
68.241 -70.831 36.422 27.519 0.693 22.64 -53.637
68.449 -71.701 36.692 24.497 0.463 7.816 -53.735
68.662 -76.584 37.955 22.299 0.401 -7.976 -54.044
68.863 -78.804 39.036 17.355 0.205 -23.592 -54.454
69.060 -77.644 40.028 13.233 0.116 -39.003 -54.795
69.259 -80.826 41.019 5.266 -0.84 -54.77 -55.36
69.460 -84.19 38.676 -3.527 -0.089 -71.354 -55.975
69.661 -80.063 35.791 -10.12 -1.31 -87.862 -56.494
69.866 -82.878 35.16 -8.747 -0.281 -104.563 -57.003
70.073 -80.292 33.807 -10.12 -0.235 -121.451 -57.355
70.275 -82.87 30.472 -7.647 -0.286 -137.931 -57.805
70.478 -80.162 28.759 -6.274 -0.234 -154.479 -58.094
70.675 -74.104 25.333 5.815 -0.191 -169.674 -58.065
70.872 -80.322 23.981 10.486 0.237 175.115 -58.259
71.068 -76.607 24.612 16.255 0.509 159.736 -58.231
71.263 -75.18 26.866 21.475 0.012 144.937 -58.172
71.457 -75.172 27.407 17.079 0.122 130.353 -58.086
71.652 -84.274 24.972 23.399 0.643 114.807 -58.363
71.844 -83.313 28.398 26.697 0.574 98.719 -58.595
72.042 -76.363 30.472 28.619 0.992 82.911 -58.448
72.237 -75.821 30.292 33.565 0.683 68.073 -58.301
72.443 -79.628 32.635 29.719 0.574 52.061 -58.34
72.650 -74.837 34.168 29.993 0.528 36.074 -58.154
72.860 -80.49 36.151 30.542 0.637 19.765 -58.218
73.092 -77.69 37.774 22.299 0.37 1.416 -58.178
73.296 -78.323 37.414 22.85 0.468 -14.497 -58.154
73.494 -79.453 39.577 17.355 0.207 -30.117 -58.209
73.692 -82.954 39.667 10.486 0.061 -46.195 -58.441
73.896 -83.977 41.019 6.915 -0.417 -63.222 -58.766
74.100 -82.703 38.405 -4.9 -0.192 -80.224 -58.999
74.304 -80.925 36.512 -7.373 -0.176 -96.914 -59.136
74.512 -80.566 33.266 -10.12 -0.241 -113.709 -59.253
74.721 -81.551 31.734 -10.395 -0.284 -130.65 -59.411
74.931 -79.407 30.562 -8.471 -0.204 -147.551 -59.45
75.139 -77.606 27.136 -4.625 -0.404 -163.88 -59.415
75.343 -76.164 24.071 10.211 0.382 -179.565 -59.221
75.540 -77.141 22.719 14.882 0.278 165.335 -59.082
75.738 -74.356 26.685 18.179 0.599 150.337 -58.779
75.934 -76.08 28.218 17.355 0.5 135.594 -58.57
76.129 -40.001 26.054 17.355 0.149 124.276 -56.704
76.322 -22.888 25.604 20.926 0.505 118.207 -54.003
76.519 -32.967 25.333 20.102 0.575 112.706 -51.801
76.720 -12.527 27.587 23.124 0.641 108.133 -48.682
76.924 -15.175 26.685 23.124 0.605 105.308 -45.761
77.121 11.848 29.209 34.114 0.624 104.98 -41.654
77.318 16.281 29.209 31.917 0.666 107.751 -37.444
77.509 7.423 28.759 35.488 0.712 110.015 -33.779
77.702 12.718 28.579 36.037 0.73 111.958 -30.017
77.893 44.64 26.866 33.565 0.789 117.436 -24.913
78.085 27.557 26.595 29.993 0.734 124.367 -20.802
78.275 45.99 25.423 26.97 0.726 131.354 -16.027
78.468 34.622 24.702 23.124 0.745 139.133 -11.999
78.659 17.342 25.153 21.201 0.67 144.095 -9.019
78.852 -4.791 24.612 20.102 0.754 145.307 -7.301
79.043 24.59 28.849 17.629 0.526 147.197 -4.442
79.235 -34.225 30.201 14.606 0.294 146.272 -4.58
79.427 -0.481 30.472 17.079 0.418 142.941 -3.306
79.620 -3.693 29.931 15.981 0.35 142.538 -2.353
79.811 -6.66 33.176 19.277 0.257 141.549 -1.697
80.003 -2.022 30.742 17.355 0.295 140.716 -0.951
80.196 -1.328 31.013 19.828 0.266 140.392 -0.293
80.389 -0.931 30.742 16.806 0.359 140.174 0.287
80.581 3.838 29.841 18.453 0.277 140.453 0.987
80.773 -3.494 30.652 15.431 0.389 140.486 1.267
80.966 -1.923 30.922 17.904 0.334 139.964 1.537
81.158 -6.393 30.201 17.355 0.437 139.165 1.537
81.348 2.731 29.661 16.255 0.451 138.818 1.909
81.541 -6.233 30.292 14.882 0.357 138.48 1.797
81.733 1.053 30.652 15.981 0.263 137.982 1.973
81.927 0.275 30.292 18.179 0.456 138.111 2.095
82.121 -0.336 29.841 17.904 0.46 138.105 2.156
82.316 0.397 28.759 11.86 0.27 138.111 2.202
82.510 0.046 27.948 14.333 0.418 138.154 2.223
82.704 0.778 26.956 9.662 0.263 138.234 2.24
82.897 -1.06 27.497 11.86 0.156 138.207 2.143
83.092 -0.801 27.046 8.837 0.048 138.025 2.033
83.285 -0.595 27.587 9.386 0.235 137.891 1.943
83.479 -0.603 27.226 12.135 0.234 137.774 1.844
83.671 -0.031 28.128 11.584 0.242 137.714 1.767
83.865 -0.618 27.677 9.662 0.264 137.651 1.661
84.058 1.266 28.218 10.761 0.242 137.713 1.638
84.252 5.363 27.136 10.761 0.213 138.356 1.804
84.445 -6.294 27.857 10.761 0.205 138.266 1.419
84.639 7.164 27.317 11.31 0.254 138.351 1.672
84.832 -0.755 28.398 8.562 0.16 138.969 1.543
85.026 9.315 28.038 6.915 0.151 139.8 1.888
85.218 16.19 26.505 9.937 0.199 142.248 2.561
85.415 -1.335 26.685 8.837 -0.046 143.711 2.379
85.608 -0.137 26.866 11.584 -0.1 143.569 2.241
85.803 -0.061 27.226 7.189 -0.035 143.55 2.109
85.996 -0.252 27.317 8.013 -0.03 143.52 1.966
86.191 -0.038 27.046 8.288 -0.061 143.491 1.83
86.384 0.267 27.226 7.739 0.055 143.513 1.722
86.580 -0.298 26.776 8.562 0.04 143.51 1.587
86.773 0.374 27.407 8.837 -0.036 143.518 1.478
86.969 0.084 27.046 11.035 -0.016 143.563 1.362
87.162 -0.931 27.587 8.288 -0.063 143.481 1.198
87.356 0.511 26.325 8.837 0.05 143.44 1.118
87.550 0.0 28.218 9.662 0.019 143.49 1.017
87.744 -0.626 27.407 9.937 -0.031 143.429 0.886
87.938 0.015 26.505 7.739 -0.018 143.37 0.793
88.132 -0.656 27.226 6.64 0.001 143.308 0.676
88.324 0.687 27.497 8.013 -0.058 143.311 0.622
88.517 -0.145 27.677 10.761 0.072 143.363 0.55
88.709 -0.404 27.407 11.584 0.009 143.31 0.463
88.902 0.702 26.595 9.662 0.073 143.339 0.442
89.094 -0.16 26.866 11.035 0.11 143.391 0.388
89.287 -0.061 26.866 10.486 -0.02 143.37 0.329
89.479 -0.145 27.046 7.189 -0.135 143.35 0.26
89.672 -0.092 26.325 7.739 -0.087 143.327 0.204
89.864 0.008 27.407 9.937 -0.123 143.319 0.154
90.059 -0.45 26.776 10.761 0.036 143.276 0.103
90.251 -0.809 26.956 10.211 0.005 143.155 0.036
90.446 -0.183 27.136 9.113 0.012 143.058 0.004
90.638 -0.175 26.595 11.86 -0.015 143.024 -0.028
90.832 -0.366 26.866 8.837 0.054 142.971 -0.058
91.024 0.069 27.407 8.837 -0.038 142.943 -0.073
91.218 -0.87 27.587 6.64 -0.099 142.865 -0.136
91.411 -0.473 26.956 8.562 0.103 142.736 -0.156
91.605 0.069 27.407 8.288 0.017 142.696 -0.157
91.797 -0.359 26.956 7.464 -0.093 142.669 -0.188
91.991 0.793 25.964 10.486 0.06 142.711 -0.145
92.183 -0.183 27.136 9.113 -0.036 142.769 -0.156
92.378 0.221 26.866 8.837 -0.001 142.773 -0.144
92.570 -0.229 27.317 9.113 -0.021 142.772 -0.153
92.764 -0.534 26.956 11.31 0.072 142.698 -0.166
92.957 -0.183 26.956 10.211 0.05 142.629 -0.164
93.152 -0.313 27.226 8.288 -0.014 142.581 -0.175
93.344 -0.275 27.046 9.937 0.073 142.524 -0.174
93.538 -0.412 27.317 8.013 -0.005 142.457 -0.187
93.730 -0.816 26.505 9.386 0.033 142.34 -0.214
93.925 0.549 27.317 10.761 0.098 142.314 -0.17
94.118 -0.252 27.317 9.113 0.063 142.342 -0.167
94.312 0.0 26.415 8.562 -0.077 142.318 -0.167
94.505 0.473 27.226 11.035 0.069 142.363 -0.129
94.700 -0.381 26.866 10.486 0.011 142.372 -0.137
94.893 -0.862 26.325 11.584 0.085 142.252 -0.16
95.087 -0.534 27.226 9.386 -0.068 142.117 -0.184
95.280 0.923 26.595 9.113 -0.101 142.155 -0.142
95.475 -0.763 25.964 10.486 0.012 142.17 -0.166
95.668 -0.488 27.317 8.562 0.008 142.049 -0.179
