time gyroz magX magY yaw_mag yaw_gyro yaw_cf yaw_kf
0.206 -0.298 -5.036 -24.863 101.45 -0.061 30.392 80.111
0.260 -0.305 62.478 6.461 -5.904 -0.377 -2.035 41.775
0.320 -0.252 -5.036 -24.863 101.45 -0.386 30.165 60.142
0.373 -0.229 62.205 5.708 -5.243 -0.337 -1.809 44.695
0.430 -0.328 -5.036 -24.863 101.45 -0.37 30.176 55.497
0.484 -0.275 60.3 7.364 -6.963 -0.461 -2.412 45.432
0.541 -0.351 -5.036 -24.863 101.45 -0.465 30.109 53.153
0.595 -0.214 -5.036 -24.863 101.45 -0.478 30.1 59.013
0.651 -0.32 61.389 4.653 -4.334 -0.422 -1.596 52.075
0.705 -0.267 -5.036 -24.863 101.45 -0.508 30.079 56.901
0.760 -0.198 61.661 6.611 -6.12 -0.417 -2.128 51.203
0.820 -0.305 -5.036 -24.863 101.45 -0.448 30.121 55.322
0.875 -0.328 62.478 6.159 -5.63 -0.592 -2.103 50.604
0.932 -0.282 -5.036 -24.863 101.45 -0.591 30.021 54.2
0.986 -0.328 61.389 6.159 -5.729 -0.605 -2.142 50.14
1.045 -0.313 -5.036 -24.863 101.45 -0.655 29.976 53.333
1.099 -0.298 -5.036 -24.863 101.45 -0.641 29.986 56.164
1.152 -0.42 60.3 6.461 -6.116 -0.782 -2.382 52.593
1.207 -0.305 -5.036 -24.863 101.45 -0.788 29.883 55.182
1.260 -0.298 60.028 6.009 -5.716 -0.68 -2.191 52.011
1.319 -0.328 -5.036 -24.863 101.45 -0.731 29.923 54.397
1.373 -0.305 58.122 4.653 -4.577 -0.747 -1.896 51.572
1.425 -0.29 -5.036 -24.863 101.45 -0.718 29.932 53.791
1.478 -0.42 -5.036 -24.863 101.45 -0.911 29.797 55.825
1.530 -0.298 61.661 5.105 -4.733 -0.876 -2.033 53.23
1.584 -0.359 -5.036 -24.863 101.45 -0.867 29.828 55.151
1.636 -0.259 60.3 6.461 -6.116 -0.783 -2.383 52.691
1.688 -0.259 -5.036 -24.863 101.45 -0.696 29.948 54.521
1.743 -0.32 -5.036 -24.863 101.45 -0.817 29.863 56.228
1.795 -0.298 62.75 5.105 -4.651 -0.855 -1.994 53.984
1.848 -0.259 -5.036 -24.863 101.45 -0.777 29.891 55.622
1.902 -0.183 58.395 5.105 -4.996 -0.607 -1.924 53.505
1.956 -0.282 -5.036 -24.863 101.45 -0.735 29.92 55.076
2.007 -0.252 58.395 3.901 -3.822 -0.788 -1.698 53.104
2.059 -0.229 -5.036 -24.863 101.45 -0.724 29.928 54.621
2.111 -0.29 -5.036 -24.863 101.45 -0.841 29.846 56.058
2.166 -0.221 62.478 5.256 -4.809 -0.769 -1.981 54.148
2.220 -0.298 -5.036 -24.863 101.45 -0.883 29.817 55.541
2.272 -0.244 59.211 4.352 -4.204 -0.852 -1.858 53.729
2.332 -0.29 -5.036 -24.863 101.45 -0.92 29.791 55.083
2.384 -0.282 59.484 6.611 -6.342 -0.962 -2.576 53.278
2.438 -0.305 -5.036 -24.863 101.45 -1.026 29.717 54.597
2.489 -0.259 -5.036 -24.863 101.45 -0.95 29.77 55.867
2.542 -0.237 57.85 5.406 -5.339 -0.861 -2.204 54.154
2.597 -0.32 -5.036 -24.863 101.45 -1.068 29.687 55.392
2.651 -0.381 60.845 5.858 -5.499 -1.33 -2.581 53.717
2.705 -0.244 -5.036 -24.863 101.45 -1.041 29.706 54.939
2.764 -0.32 60.572 5.708 -5.383 -1.128 -2.404 53.322
2.818 -0.275 -5.036 -24.863 101.45 -1.095 29.668 54.521
2.869 -0.29 -5.036 -24.863 101.45 -1.107 29.66 55.678
2.920 -0.244 61.934 4.954 -4.573 -1.002 -2.073 54.125
2.975 -0.244 -5.036 -24.863 101.45 -0.97 29.756 55.27
3.028 -0.351 59.484 5.708 -5.481 -1.307 -2.559 53.724
3.080 -0.305 -5.036 -24.863 101.45 -1.29 29.532 54.848
3.131 -0.32 -5.036 -24.863 101.45 -1.307 29.52 55.937
3.183 -0.374 61.389 4.954 -4.614 -1.51 -2.441 54.436
3.237 -0.221 -5.036 -24.863 101.45 -1.089 29.673 55.523
3.290 -0.328 58.939 6.611 -6.4 -1.3 -2.83 54.016
3.343 -0.229 -5.036 -24.863 101.45 -1.094 29.669 55.094
3.396 -0.32 60.845 6.461 -6.061 -1.316 -2.739 53.625
3.451 -0.374 -5.036 -24.863 101.45 -1.611 29.307 54.68
3.503 -0.221 -5.036 -24.863 101.45 -1.148 29.631 55.723
3.554 -0.313 59.211 5.858 -5.65 -1.333 -2.628 54.28
3.610 -0.343 -5.036 -24.863 101.45 -1.551 29.349 55.305
3.663 -0.305 62.205 6.31 -5.792 -1.46 -2.76 53.884
3.715 -0.237 -5.036 -24.863 101.45 -1.185 29.606 54.915
