time gyroz magX magY yaw_mag yaw_gyro yaw_cf yaw_kf
2.236 -0.244 28.128 9.937 -19.457 -0.244 -18.253
2.428 2.808 27.587 9.937 -19.809 0.246 -18.795
2.621 0.74 26.866 8.837 -18.208 0.589 -18.515
2.816 -0.862 26.415 10.211 -21.135 0.577 -19.124
3.009 0.824 26.956 9.662 -19.72 0.573 -19.15
3.203 -0.969 27.136 10.761 -21.631 0.559 -19.573
3.395 0.32 26.685 9.937 -20.424 0.497 -19.647
3.590 -0.648 26.505 9.386 -19.5 0.465 -19.651
3.783 -0.374 27.317 8.562 -17.403 0.366 -19.416
3.990 -0.351 27.226 8.837 -17.982 0.291 -19.288
4.184 0.221 27.677 9.113 -18.225 0.278 -19.168
4.390 0.0 26.325 11.584 -23.751 0.301 -19.545
4.584 -0.359 26.685 10.486 -21.453 0.266 -19.712
4.779 0.366 27.677 9.662 -19.244 0.267 -19.648
4.972 -0.282 26.866 10.486 -21.321 0.275 -19.778
5.166 -0.183 27.136 6.364 -13.199 0.23 -19.36
5.359 -0.023 27.226 9.937 -20.051 0.21 -19.4
5.553 -0.404 27.046 9.386 -19.139 0.169 -19.411
5.745 -0.275 27.587 10.486 -20.812 0.103 -19.508
5.939 0.381 27.136 8.013 -16.451 0.114 -19.316
6.131 -0.656 27.587 11.035 -21.802 0.087 -19.491
6.325 -2.06 27.587 8.837 -17.762 -0.176 -19.557
6.516 1.442 26.505 8.288 -17.364 -0.235 -19.353
6.709 -1.64 26.956 8.562 -17.621 -0.254 -19.396
6.900 1.289 26.685 9.386 -19.378 -0.288 -19.307
7.094 2.93 25.694 7.464 -16.198 0.122 -18.954
7.285 -14.679 25.063 11.584 -24.806 -1.001 -20.292
7.478 1.846 24.972 10.761 -23.312 -2.239 -20.323
7.670 4.524 26.054 9.113 -19.278 -1.627 -19.976
7.862 -4.433 25.604 8.288 -17.937 -1.619 -20.247
8.053 4.562 28.489 17.079 -30.942 -1.606 -20.353
8.246 -3.403 28.128 15.431 -28.749 -1.494 -20.951
8.438 3.693 28.849 14.333 -26.419 -1.467 -20.907
8.635 3.624 28.579 16.255 -29.63 -0.746 -20.973
8.827 -2.495 29.39 15.981 -28.535 -0.638 -21.448
9.020 -5.15 31.103 17.355 -29.161 -1.375 -22.135
9.212 0.832 29.841 17.355 -30.182 -1.79 -22.389
9.412 0.572 30.833 16.53 -28.196 -1.649 -22.58
9.602 -0.526 30.021 14.606 -25.944 -1.645 -22.766
9.795 -1.778 29.48 15.706 -28.047 -1.867 -23.113
9.985 -10.948 30.833 17.079 -28.983 -3.076 -24.191
10.180 -5.005 30.833 17.079 -28.983 -4.632 -24.803
10.369 -10.765 31.283 22.299 -35.482 -6.122 -26.066
10.563 -27.55 32.635 32.466 -44.851 -9.839 -28.924
10.754 5.592 30.292 22.026 -36.022 -11.936 -28.898
10.946 -21.973 30.201 19.004 -32.18 -13.508 -30.875
11.139 -32.486 27.767 8.837 -17.654 -18.763 -33.203
11.337 -9.491 26.415 16.255 -31.607 -22.919 -34.179
11.527 -5.73 26.415 20.102 -37.271 -24.365 -35.022
11.720 -16.106 26.325 19.277 -36.214 -26.472 -36.624
11.909 -19.997 25.333 28.894 -48.757 -29.884 -38.902
12.103 -30.266 25.333 32.741 -52.269 -34.76 -42.069
12.294 -51.682 27.317 31.092 -48.698 -42.586 -46.786
12.486 -1.114 28.939 36.037 -51.234 -47.654 -47.561
12.679 15.289 28.489 33.565 -49.676 -46.286 -46.947
12.874 -11.65 27.677 34.388 -51.171 -45.931 -48.471
13.068 -37.872 28.218 34.388 -50.628 -50.735 -52.028
13.263 -66.879 29.931 36.861 -50.924 -60.948 -57.874
13.461 -72.014 29.57 37.961 -52.083 -74.699 -64.14
13.671 -72.792 27.948 34.114 -50.674 -89.903 -70.399
13.880 -75.226 32.455 34.663 -46.884 -105.371 -76.707
14.087 -68.459 33.898 34.663 -45.639 -120.243 -82.401
14.286 -69.115 36.422 33.015 -42.191 -133.931 -88.005
14.482 -71.609 39.036 31.092 -38.537 -147.722 -93.658
14.676 -70.404 41.2 25.048 -31.298 -161.497 -98.959
14.869 -72.388 41.651 19.828 -25.457 -175.277 -104.204
15.062 -89.714 41.019 10.761 -14.7 -10.92 -110.485
15.258 -83.237 39.848 6.09 -8.689 -27.869 -116.034
15.450 -69.466 38.676 -4.076 6.016 -42.528 -120.007
15.643 -39.07 35.52 -5.998 9.585 -53.002 -121.39
15.833 -13.199 35.34 -5.998 9.633 -57.968 -120.643
16.025 6.508 34.709 -1.329 2.193 -58.61 -118.472
16.224 17.349 34.709 -2.976 4.901 -56.236 -115.298
16.415 14.488 35.791 -3.527 5.628 -53.196 -112.292
16.605 17.822 35.791 -4.076 6.497 -50.126 -108.956
16.795 16.731 36.783 -3.251 5.051 -46.844 -105.721
16.985 -3.479 37.053 -4.625 7.115 -45.585 -104.041
17.176 -19.493 36.422 -3.251 5.101 -47.779 -103.702
17.367 -44.693 36.512 -4.076 6.37 -53.908 -105.361
17.559 -12.26 34.799 -4.351 7.127 -59.376 -104.359
17.759 38.17 34.529 -1.878 3.113 -56.785 -99.364
17.959 34.668 34.348 -3.527 5.863 -49.501 -94.559
18.149 -4.944 34.889 1.42 -2.331 -46.677 -93.201
18.341 30.876 36.332 -1.878 2.959 -44.188 -88.777
18.531 35.24 37.143 -0.504 0.777 -37.907 -84.06
18.723 19.363 38.135 3.068 -4.6 -32.665 -80.792
18.914 4.173 38.045 0.046 -0.069 -30.417 -78.641
19.108 -34.729 38.766 2.244 -3.313 -33.381 -79.767
19.300 -64.354 38.676 0.32 -0.474 -42.893 -83.246
19.493 -53.574 36.873 -5.174 7.988 -54.273 -85.626
19.685 -36.057 35.16 -8.747 13.97 -62.878 -86.425
19.886 -40.543 33.898 -7.647 12.712 -70.576 -87.642
20.094 -58.632 32.906 -7.922 13.536 -80.89 -90.325
20.303 -74.371 31.734 -5.449 9.743 -94.789 -94.413
20.505 -77.995 29.841 -4.076 7.778 -110.178 -98.858
20.707 -79.697 28.128 0.046 -0.094 -126.105 -103.664
20.907 -77.881 27.407 1.693 -3.535 -141.863 -108.409
21.110 -78.751 27.046 5.54 -11.576 -157.761 -113.433
21.318 -79.46 26.054 9.662 -20.347 -174.215 -118.735
21.527 -75.089 24.341 13.784 -29.522 169.635 -123.901
21.721 -74.631 25.153 16.806 -33.749 155.112 -129.102
21.915 -78.506 22.719 20.377 -41.889 140.258 -134.796
22.110 -74.57 27.046 25.872 -43.729 125.333 -140.16
22.306 -75.226 27.857 28.894 -46.047 110.653 -145.577
22.513 -78.033 30.111 31.366 -46.169 94.79 -151.159
22.722 -104.202 33.447 31.641 -43.411 75.747 -158.734
22.927 -83.549 34.529 30.542 -41.494 56.502 -164.493
23.128 -134.422 36.783 27.519 -36.802 34.596 -174.209
23.326 -55.801 38.586 24.224 -32.12 15.764 -177.283
23.522 -51.331 38.766 19.828 -27.089 5.265 -179.767
23.719 -42.664 39.217 17.355 -23.871 -3.993 -181.373
23.915 -51.971 39.577 16.255 -22.329 -13.267 -183.624
24.114 -70.671 40.028 9.386 -13.197 -25.47 -187.08
24.320 -77.057 39.036 5.815 -8.473 -40.686 -190.864
24.522 -84.236 37.414 -5.724 8.698 -56.977 -194.693
24.723 -81.055 36.512 -10.669 16.289 -73.589 -197.996
24.928 -80.154 34.889 -14.516 22.59 -90.113 -200.999
25.140 -81.573 31.914 -10.944 18.928 -107.256 -204.175
25.341 -78.331 30.562 -11.769 21.061 -123.326 -206.976
25.543 -81.642 29.39 -4.9 9.465 -139.483 -210.325
25.741 -77.087 26.054 -0.229 0.504 -155.197 -213.497
25.938 -73.418 23.259 9.937 -23.134 -170.022 -216.97
26.136 -77.484 26.776 12.959 -25.826 175.039 -220.777
26.333 -74.905 26.505 13.233 -26.531 160.028 -224.316
26.534 -77.591 26.144 22.026 -40.114 144.702 -228.381
26.728 -81.917 27.497 23.399 -40.397 129.23 -232.725
26.919 -79.277 28.759 27.795 -44.023 113.836 -236.871
27.116 -81.749 30.292 28.619 -43.373 97.975 -241.117
27.313 -81.337 32.005 31.641 -44.672 81.911 -245.281
27.517 -82.84 34.168 29.443 -40.752 65.165 -249.373
27.718 -77.675 35.25 30.542 -40.907 49.033 -252.962
27.921 -80.414 35.971 24.497 -34.256 32.987 -256.507
28.127 -85.67 37.143 25.872 -34.859 15.881 -260.422
28.328 -81.902 38.495 18.453 -25.611 -0.96 -263.69
28.527 -79.361 39.217 13.508 -19.006 -17.006 -266.491
28.737 -79.651 39.487 7.739 -11.089 -33.702 -269.025
28.945 -81.711 38.405 0.595 -0.888 -50.484 -271.379
29.162 -81.703 35.971 -9.02 14.077 -68.214 -273.255
29.375 -79.498 35.07 -9.02 14.424 -85.382 -274.893
29.581 -74.883 33.898 -13.142 21.191 -101.284 -275.916
29.787 -78.934 31.553 -10.944 19.129 -117.127 -277.286
29.986 -83.893 30.742 -7.922 14.45 -133.328 -279.152
30.185 -80.406 24.702 1.693 -3.921 -149.676 -281.205
30.381 -78.545 23.079 7.739 -18.538 -165.253 -283.462
30.579 -75.119 26.144 14.882 -29.65 179.534 -285.689
30.777 -80.185 26.595 13.508 -26.927 164.159 -288.19
30.976 -83.122 26.235 19.004 -35.919 147.91 -291.121
31.173 -87.753 26.956 22.299 -39.599 131.079 -294.469
31.368 -83.656 28.308 26.97 -43.613 114.367 -297.525
31.562 -85.449 30.562 28.894 -43.393 97.963 -300.652
31.761 -88.348 31.644 28.894 -42.399 80.671 -303.92
31.960 -84.694 32.726 30.542 -43.023 63.453 -306.837
32.167 -75.729 34.979 29.168 -39.824 46.849 -308.861
32.374 -82.932 35.881 29.168 -39.108 30.428 -311.39
32.580 -85.67 37.414 21.201 -29.538 13.062 -313.811
32.781 -81.459 38.856 17.904 -24.739 -3.735 -315.694
32.980 -76.241 39.397 12.409 -17.483 -19.426 -316.892
33.176 -80.856 39.397 8.562 -12.261 -34.821 -318.272
33.379 -85.915 37.955 -0.229 0.346 -51.749 -319.669
33.580 -80.643 36.692 -9.571 14.62 -68.488 -320.197
33.785 -78.72 35.07 -11.22 17.741 -84.822 -320.451
33.992 -84.229 33.086 -10.669 17.873 -101.688 -321.128
34.200 -79.811 32.816 -10.944 18.443 -118.748 -321.403
34.402 -81.284 30.742 -7.922 14.45 -135.018 -321.889
34.602 -82.573 24.972 2.518 -5.758 -151.404 -323.023
34.799 -79.803 22.268 8.562 -21.032 -167.398 -324.325
34.996 -79.285 26.866 15.431 -29.872 176.932 -325.791
35.193 -79.582 27.046 13.233 -26.071 161.283 -327.128
35.395 -84.9 25.694 16.806 -33.188 144.671 -329.06
35.590 -85.22 26.866 23.674 -41.386 128.084 -331.202
35.784 -80.032 28.759 27.246 -43.453 112.054 -332.928
35.978 -82.253 29.661 29.443 -44.789 96.313 -334.823
36.178 -84.908 32.185 29.993 -42.981 79.597 -336.836
36.377 -84.496 34.258 26.421 -37.641 62.741 -338.618
36.585 -81.505 34.799 28.07 -38.891 45.477 -340.145
36.792 -80.681 37.414 24.497 -33.215 28.691 -341.4
37.000 -84.732 37.864 21.475 -29.56 11.488 -342.845
37.202 -79.613 38.315 20.102 -27.684 -5.111 -343.781
37.402 -82.504 40.479 9.662 -13.425 -21.323 -344.517
37.599 -81.65 39.848 8.288 -11.749 -37.492 -345.11
37.803 -82.39 38.315 -1.878 2.806 -54.224 -345.33
38.003 -82.268 36.692 -3.527 5.491 -70.69 -345.449
38.206 -79.834 35.16 -11.493 18.101 -87.143 -345.001
38.413 -83.336 32.906 -14.516 23.804 -104.031 -344.673
38.621 -81.032 30.922 -9.571 17.198 -121.126 -344.341
38.827 -85.091 29.661 -4.625 8.863 -138.236 -344.569
39.026 -80.49 23.8 5.54 -13.104 -154.712 -345.029
39.225 -78.438 24.071 9.113 -20.736 -170.525 -345.513
39.422 -77.393 27.317 16.255 -30.755 174.126 -346.168
39.624 -78.743 27.136 11.86 -23.608 158.356 -346.705
39.822 -81.093 25.694 19.553 -37.271 142.532 -347.794
40.019 -85.449 26.325 25.322 -43.887 126.128 -349.396
40.213 -81.627 29.661 29.993 -45.319 109.922 -350.69
40.409 -81.192 29.48 28.894 -44.425 93.965 -351.89
40.608 -84.641 32.094 28.07 -41.174 77.465 -353.248
40.810 -92.293 34.438 26.97 -38.066 59.595 -355.117
41.020 -64.911 35.701 26.97 -37.069 43.088 -354.682
41.229 -23.315 37.143 28.07 -37.079 33.868 -350.808
41.438 -56.503 39.577 55.27 -54.395 25.528 -350.114
41.646 -50.4 42.012 61.039 -55.461 14.41 -348.92
41.852 -64.484 42.102 53.072 -51.575 2.577 -348.744
42.066 -90.965 37.504 20.926 -29.16 -14.056 -350.09
42.274 -82.542 34.889 6.364 -10.338 -32.101 -350.21
42.479 -68.672 31.914 2.793 -5.002 -47.601 -349.044
42.681 -74.837 31.644 6.364 -11.371 -62.095 -348.566
42.878 -94.07 29.931 8.288 -15.478 -78.732 -349.783
43.071 -133.11 28.939 3.617 -7.124 -100.655 -353.968
43.269 -135.544 26.776 8.562 -17.732 -127.252 -358.655
43.462 -60.295 24.522 28.619 -49.409 -146.15 -358.051
43.655 -49.973 26.235 26.146 -44.903 -156.791 -356.443
43.849 -11.299 27.857 31.092 -48.141 -162.735 -351.728
44.041 -20.546 28.398 31.092 -47.593 -165.792 -347.731
44.234 -11.993 28.579 15.157 -27.939 -168.932 -342.463
44.427 -0.519 29.661 20.102 -34.126 -170.139 -336.429
44.622 -7.751 30.742 19.004 -31.723 -170.946 -330.923
44.815 -3.639 30.472 19.828 -33.052 -172.045 -325.129
45.008 0.61 31.824 18.453 -30.107 -172.337 -318.922
45.199 4.456 31.553 21.475 -34.239 -171.853 -312.54
45.392 9.247 30.021 18.453 -31.578 -170.531 -305.719
45.582 -2.197 29.209 21.475 -36.324 -169.861 -300.008
45.774 13.763 30.562 17.355 -29.591 -168.751 -292.839
45.964 1.35 29.661 14.606 -26.217 -167.315 -286.641
46.158 -1.747 29.48 17.904 -31.271 -167.354 -280.897
46.350 0.267 28.939 14.606 -26.781 -167.496 -274.919
46.543 2.335 29.931 15.431 -27.273 -167.245 -268.85
46.736 -0.145 27.226 12.135 -24.023 -167.033 -262.96
46.930 0.29 28.308 12.135 -23.204 -167.019 -257.083
47.122 -0.175 26.776 9.662 -19.842 -167.008 -251.227
47.316 -0.755 24.792 9.113 -20.182 -167.098 -245.507
47.508 0.519 26.144 9.386 -19.749 -167.121 -239.752
47.702 0.008 26.144 9.937 -20.811 -167.07 -234.154
47.895 -0.549 26.595 8.562 -17.845 -167.122 -228.604
48.089 -0.557 26.595 6.364 -13.457 -167.229 -223.02
48.281 -0.664 26.685 11.584 -23.466 -167.347 -217.817
48.474 0.488 26.415 10.211 -21.135 -167.364 -212.543
48.667 -0.595 26.235 9.113 -19.155 -167.374 -207.393
48.861 2.67 26.054 10.211 -21.401 -167.173 -202.129
49.053 -1.602 26.685 9.937 -20.424 -167.07 -197.28
49.251 -0.237 27.046 11.584 -23.186 -167.252 -192.49
49.443 -0.572 27.497 10.211 -20.372 -167.33 -187.739
49.636 -0.16 27.046 11.584 -23.186 -167.4 -183.126
49.830 1.038 26.776 9.113 -18.796 -167.315 -178.383
50.022 -0.374 26.685 8.837 -18.323 -167.252 -173.837
50.216 0.259 26.415 9.113 -19.034 -167.263 -169.353
50.408 -0.504 27.136 8.562 -17.512 -167.286 -164.982
50.601 -0.458 26.415 9.113 -19.034 -167.379 -160.743
50.793 -1.099 27.317 8.562 -17.403 -167.529 -156.604
50.986 -0.656 27.677 10.761 -21.246 -167.698 -152.629
51.178 -0.046 26.866 9.386 -19.258 -167.765 -148.637
51.372 -0.244 25.874 8.562 -18.31 -167.793 -144.726
51.564 0.313 26.325 9.386 -19.623 -167.787 -140.895
51.759 1.137 26.685 9.386 -19.378 -167.645 -137.079
51.951 0.031 26.685 11.035 -22.466 -167.533 -133.527
52.146 0.519 26.325 8.837 -18.556 -167.48 -129.91
52.338 -0.565 26.595 9.113 -18.914 -167.484 -126.479
52.532 0.488 27.136 11.86 -23.608 -167.492 -123.177
52.725 5.333 27.497 8.013 -16.247 -166.93 -119.353
52.918 0.526 27.226 8.288 -16.931 -166.364 -116.027
53.111 -0.504 27.136 6.915 -14.296 -166.362 -112.794
53.305 -1.892 27.497 9.662 -19.361 -166.595 -109.9
53.497 -0.153 25.604 9.937 -21.211 -166.791 -106.996
53.691 -1.198 25.964 9.937 -20.943 -166.922 -104.246
53.883 -3.448 28.308 9.386 -18.344 -167.368 -101.683
54.077 0.183 28.398 9.662 -18.79 -167.685 -98.911
54.269 -0.443 28.128 12.135 -23.336 -167.71 -96.392
54.463 -1.083 27.948 11.584 -22.513 -167.858 -93.972
54.655 -0.328 27.136 11.86 -23.608 -167.993 -91.59
54.848 -0.282 27.497 9.662 -19.361 -168.052 -89.153
55.039 -0.42 27.226 11.584 -23.049 -168.119 -86.898
55.233 -0.458 27.857 9.662 -19.129 -168.204 -84.601
55.425 -0.542 26.776 10.211 -20.874 -168.3 -82.425
55.619 -0.092 27.948 11.584 -22.513 -168.362 -80.322
55.811 -0.809 27.407 9.937 -19.929 -168.448 -78.266
56.005 0.397 28.038 8.562 -16.981 -168.488 -76.089
56.198 -0.923 28.218 11.31 -21.841 -168.539 -74.219
56.391 -0.374 27.317 11.31 -22.491 -168.664 -72.379
56.583 -0.74 27.857 11.31 -22.097 -168.771 -70.614
56.779 0.252 27.407 10.486 -20.937 -168.819 -68.79
56.971 -0.816 27.587 11.035 -21.802 -168.873 -67.132
57.167 -3.983 28.128 11.035 -21.421 -169.343 -65.775
57.359 2.274 27.317 11.31 -22.491 -169.507 -63.987
57.552 1.244 27.587 11.584 -22.778 -169.168 -62.34
57.744 0.008 27.407 10.486 -20.937 -169.048 -60.791
57.938 -0.793 28.218 12.409 -23.738 -169.124 -59.434
58.132 -0.099 27.226 11.584 -23.049 -169.21 -58.046
58.325 -0.191 27.767 11.035 -21.674 -169.238 -56.671
58.517 0.443 27.497 10.211 -20.372 -169.214 -55.252
58.712 -0.313 27.948 12.684 -24.411 -169.202 -54.052
58.904 0.443 27.587 11.584 -22.778 -169.189 -52.785
59.098 -1.137 27.677 10.761 -21.246 -169.256 -51.644
59.290 -0.175 27.677 12.959 -25.09 -169.382 -50.573
59.484 -0.526 26.866 11.584 -23.325 -169.45 -49.518
59.676 -0.771 27.497 10.761 -21.373 -169.575 -48.464
59.870 -0.061 27.677 9.662 -19.244 -169.656 -47.33
60.062 -0.389 27.497 11.31 -22.358 -169.699 -46.347
60.258 0.122 28.489 12.135 -23.072 -169.725 -45.376
60.450 -0.488 27.948 11.584 -22.513 -169.76 -44.472
60.644 0.038 28.218 8.562 -16.879 -169.804 -43.399
60.836 0.023 27.497 9.113 -18.336 -169.798 -42.403
61.029 -0.809 27.767 13.233 -25.481 -169.874 -41.708
61.221 0.32 28.038 10.761 -20.997 -169.921 -40.823
61.415 -0.092 28.038 10.761 -20.997 -169.899 -40.001
61.608 0.069 27.497 11.86 -23.331 -169.901 -39.26
61.802 -0.008 27.407 11.584 -22.912 -169.895 -38.54
61.994 -0.755 27.497 11.86 -23.331 -169.968 -37.92
62.187 0.809 27.587 10.486 -20.812 -169.963 -37.125
62.379 -1.198 28.128 9.937 -19.457 -170.0 -36.483
62.574 0.328 27.767 11.584 -22.645 -170.085 -35.83
62.767 -0.42 27.226 12.135 -24.023 -170.094 -35.301
62.962 -0.443 27.857 9.113 -18.115 -170.178 -34.629
63.157 0.0 27.407 11.035 -21.931 -170.221 -34.052
63.352 0.839 28.218 11.31 -21.841 -170.139 -33.425
63.545 -0.069 27.857 10.761 -21.121 -170.065 -32.874
63.759 -1.038 28.218 10.211 -19.893 -170.184 -32.387
63.953 -0.58 28.218 10.761 -20.874 -170.341 -31.912
