time gyroz magX magY yaw_mag yaw_gyro yaw_cf yaw_kf
0.212 -0.183 -5.036 -24.863 101.45 -0.222 30.28 14.406
0.509 1.923 64.384 1.792 -1.594 2.902 1.553 12.143
0.810 -0.183 -5.036 -24.863 101.45 -0.331 30.203 23.221
1.111 -0.267 -5.036 -24.863 101.45 -0.564 30.04 31.766
1.410 -0.214 65.744 2.545 -2.217 -0.516 -1.026 28.361
1.713 -0.275 -5.036 -24.863 101.45 -0.746 29.913 34.913
2.022 -0.267 66.017 2.395 -2.078 -0.807 -1.188 31.8
2.330 -0.29 -5.036 -24.863 101.45 -0.966 29.759 37.085
2.630 -0.259 -5.036 -24.863 101.45 -0.94 29.777 41.625
2.930 -0.191 66.017 1.792 -1.555 -0.751 -0.992 38.724
3.232 -0.214 -5.036 -24.863 101.45 -0.906 29.801 42.603
3.529 -0.298 65.473 2.696 -2.358 -1.35 -1.652 39.945
3.831 -0.206 65.2 2.846 -2.499 -0.995 -1.446 37.571
4.128 -0.244 -5.036 -24.863 101.45 -1.251 29.559 40.901
4.428 -0.267 64.928 2.696 -2.378 -1.449 -1.728 38.71
4.727 -0.244 -5.036 -24.863 101.45 -1.397 29.457 41.663
5.025 -0.168 -5.036 -24.863 101.45 -1.012 29.727 44.337
5.323 -0.198 66.017 2.997 -2.599 -1.252 -1.656 42.274
5.624 -0.198 -5.036 -24.863 101.45 -1.312 29.517 44.713
5.925 -0.32 65.473 1.189 -1.04 -2.216 -1.863 42.846
6.226 -0.267 -5.036 -24.863 101.45 -1.929 29.085 45.062
6.531 -0.267 -5.036 -24.863 101.45 -2.011 29.027 47.105
6.829 -0.244 66.833 1.943 -1.665 -1.91 -1.836 45.325
7.131 -0.275 -5.036 -24.863 101.45 -2.236 28.87 47.221
7.432 -0.244 -5.036 -24.863 101.45 -2.057 28.995 48.999
7.732 -0.252 64.928 1.491 -1.316 -2.2 -1.935 47.339
8.035 -0.198 -5.036 -24.863 101.45 -1.789 29.183 49.002
8.333 -0.214 64.112 2.244 -2.005 -1.997 -1.999 47.422
8.635 -0.29 -5.036 -24.863 101.45 -2.794 28.479 48.981
8.933 -0.214 -5.036 -24.863 101.45 -2.126 28.947 50.46
9.231 -0.244 65.744 2.244 -1.955 -2.496 -2.334 48.965
9.540 -0.244 -5.036 -24.863 101.45 -2.572 28.635 50.355
9.841 -0.214 65.744 2.846 -2.479 -2.32 -2.368 48.925
10.142 -0.328 64.928 2.997 -2.643 -3.655 -3.351 47.56
10.440 -0.267 -5.036 -24.863 101.45 -3.054 28.297 48.879
10.741 -0.275 67.106 0.287 -0.245 -3.229 -2.334 47.624
11.043 -0.275 -5.036 -24.863 101.45 -3.312 28.117 48.866
11.341 -0.191 -5.036 -24.863 101.45 -2.357 28.785 50.069
11.638 -0.206 63.023 2.846 -2.586 -2.603 -2.598 48.837
11.943 -0.29 -5.036 -24.863 101.45 -3.753 27.808 49.975
12.247 -0.275 66.833 3.75 -3.211 -3.643 -3.513 48.764
12.549 -0.191 63.839 1.792 -1.608 -2.588 -2.294 47.65
12.851 -0.214 -5.036 -24.863 101.45 -2.964 28.36 48.75
13.150 -0.221 64.112 1.641 -1.466 -3.127 -2.629 47.676
13.452 -0.237 -5.036 -24.863 101.45 -3.425 28.037 48.731
13.750 -0.229 -5.036 -24.863 101.45 -3.378 28.07 49.75
14.049 -0.229 66.289 1.039 -0.898 -3.446 -2.682 48.728
14.352 -0.237 -5.036 -24.863 101.45 -3.638 27.888 49.698
14.660 -0.244 64.928 1.792 -1.581 -3.821 -3.149 48.701
14.961 -0.282 -5.036 -24.863 101.45 -4.501 27.284 49.627
15.259 -0.29 -5.036 -24.863 101.45 -4.715 27.134 50.53
15.563 -0.221 66.017 2.696 -2.339 -3.66 -3.264 49.552
15.865 -0.237 -5.036 -24.863 101.45 -3.997 27.637 50.423
16.167 -0.275 65.744 3.449 -3.003 -4.721 -4.206 49.469
16.468 -0.206 65.473 3.6 -3.147 -3.598 -3.463 48.551
16.772 -0.252 -5.036 -24.863 101.45 -4.479 27.3 49.401
17.073 -0.237 67.922 2.545 -2.146 -4.283 -3.642 48.523
17.375 -0.237 -5.036 -24.863 101.45 -4.355 27.386 49.345
17.673 -0.206 -5.036 -24.863 101.45 -3.847 27.742 50.141
17.973 -0.282 63.023 1.641 -1.492 -5.35 -4.193 49.291
18.276 -0.237 -5.036 -24.863 101.45 -4.568 27.237 50.062
18.573 -0.29 65.2 3.148 -2.764 -5.676 -4.802 49.217
18.876 -0.252 -5.036 -24.863 101.45 -5.009 26.929 49.961
19.175 -0.313 -5.036 -24.863 101.45 -6.315 26.014 50.686
19.477 -0.229 65.2 2.545 -2.235 -4.689 -3.953 49.881
19.783 -0.198 -5.036 -24.863 101.45 -4.115 27.554 50.59
20.084 -0.229 64.657 0.738 -0.654 -4.828 -3.576 49.825
20.384 -0.343 64.657 2.846 -2.52 -7.335 -5.89 49.046
20.682 -0.252 -5.036 -24.863 101.45 -5.464 26.61 49.736
20.982 -0.198 64.657 2.846 -2.52 -4.352 -3.802 48.991
21.283 -0.252 -5.036 -24.863 101.45 -5.615 26.504 49.66
21.581 -0.29 -5.036 -24.863 101.45 -6.548 25.851 50.312
21.880 -0.191 66.289 2.244 -1.939 -4.37 -3.641 49.597
22.182 -0.145 -5.036 -24.863 101.45 -3.361 28.082 50.238
22.481 -0.244 65.473 2.395 -2.095 -5.729 -4.639 49.528
22.783 -0.32 65.744 3.148 -2.741 -7.611 -6.15 48.828
23.081 -0.221 -5.036 -24.863 101.45 -5.322 26.71 49.457
23.379 -0.229 66.562 2.696 -2.319 -5.583 -4.604 48.779
23.679 -0.32 -5.036 -24.863 101.45 -7.897 24.907 49.381
23.981 -0.229 -5.036 -24.863 101.45 -5.721 26.43 49.981
24.279 -0.313 65.2 2.846 -2.499 -7.912 -6.288 49.307
24.581 -0.267 -5.036 -24.863 101.45 -6.83 25.654 49.888
24.882 -0.229 66.017 2.395 -2.078 -5.927 -4.772 49.241
25.182 -0.259 66.833 2.545 -2.181 -6.781 -5.401 48.603
25.483 -0.244 -5.036 -24.863 101.45 -6.462 25.912 49.18
25.781 -0.206 66.289 1.943 -1.679 -5.517 -4.366 48.568
26.084 -0.267 -5.036 -24.863 101.45 -7.231 25.373 49.125
26.382 -0.137 -5.036 -24.863 101.45 -3.751 27.809 49.678
26.679 -0.229 66.017 1.792 -1.555 -6.338 -4.903 49.072
26.983 -0.267 -5.036 -24.863 101.45 -7.471 25.205 49.612
27.285 -0.252 66.289 3.75 -3.238 -7.128 -5.961 49.005
27.586 -0.191 67.106 2.696 -2.301 -5.46 -4.512 48.43
27.884 -0.183 -5.036 -24.863 101.45 -5.286 26.735 48.969
28.181 -0.229 65.744 1.943 -1.693 -6.682 -5.185 48.4
28.482 -0.275 -5.036 -24.863 101.45 -8.108 24.759 48.917
28.785 -0.229 -5.036 -24.863 101.45 -6.821 25.66 49.428
29.089 -0.229 64.657 2.545 -2.254 -6.89 -5.499 48.864
29.390 -0.259 -5.036 -24.863 101.45 -7.871 24.925 49.353
29.694 -0.252 67.106 1.491 -1.273 -7.735 -5.796 48.803
29.998 -0.305 -5.036 -24.863 101.45 -9.454 23.817 49.283
30.297 -0.244 -5.036 -24.863 101.45 -7.636 25.09 49.76
30.599 -0.259 66.833 1.943 -1.665 -8.184 -6.228 49.219
30.902 -0.282 -5.036 -24.863 101.45 -8.996 24.138 49.689
31.204 -0.244 64.928 2.395 -2.113 -7.858 -6.134 49.156
31.506 -0.237 67.106 2.395 -2.044 -7.704 -6.006 48.631
31.805 -0.229 -5.036 -24.863 101.45 -7.512 25.177 49.1
32.102 -0.252 65.473 2.395 -2.095 -8.342 -6.468 48.581
32.402 -0.259 -5.036 -24.863 101.45 -8.651 24.379 49.038
32.701 -0.221 -5.036 -24.863 101.45 -7.448 25.221 49.487
33.000 -0.29 66.289 2.846 -2.458 -9.86 -7.639 48.976
33.302 -0.267 -5.036 -24.863 101.45 -9.159 24.024 49.412
33.599 -0.175 67.106 2.395 -2.044 -6.055 -4.852 48.916
33.900 -0.29 64.384 1.491 -1.327 -10.121 -7.483 48.423
34.200 -0.282 -5.036 -24.863 101.45 -9.926 23.487 48.856
34.499 -0.282 65.744 2.545 -2.217 -10.011 -7.673 48.362
34.800 -0.275 -5.036 -24.863 101.45 -9.845 23.543 48.79
35.101 -0.198 -5.036 -24.863 101.45 -7.148 25.431 49.214
35.399 -0.214 62.478 2.846 -2.608 -7.789 -6.235 48.731
35.698 -0.259 -5.036 -24.863 101.45 -9.505 23.781 49.146
