time gyroz magX magY yaw_mag yaw_gyro yaw_cf yaw_kf
0.326 -0.175 29.853 10.493 -19.366 -0.175 -20.132
0.501 -1.991 30.5 12.38 -22.092 -0.19 -21.109
0.675 2.701 29.853 11.571 -21.186 -0.128 -21.028
0.853 -0.13 29.577 12.92 -23.597 0.101 -21.632
1.026 0.191 29.577 13.999 -25.329 0.106 -22.32
1.203 -0.771 30.038 11.571 -21.067 0.055 -22.163
1.376 -0.87 29.392 13.46 -24.605 -0.087 -22.563
1.554 -1.03 29.853 12.651 -22.966 -0.256 -22.693
1.728 0.313 29.485 14.269 -25.824 -0.318 -23.031
1.903 -0.465 29.761 14.538 -26.035 -0.332 -23.373
2.075 0.145 30.038 12.651 -22.839 -0.359 -23.331
2.250 -1.221 30.038 12.112 -21.96 -0.453 -23.319
2.423 0.038 28.562 11.571 -22.054 -0.556 -23.239
2.600 0.534 30.5 12.38 -22.092 -0.505 -23.135
2.774 -1.038 29.3 11.032 -20.632 -0.549 -23.058
2.950 0.267 29.853 12.112 -22.083 -0.617 -22.993
3.126 0.42 29.485 12.651 -23.223 -0.556 -22.988
3.301 -0.595 29.207 11.302 -21.155 -0.572 -22.941
3.476 -1.045 29.392 9.684 -18.236 -0.715 -22.782
3.656 -0.259 29.207 13.46 -24.743 -0.833 -22.92
3.829 -1.045 30.315 12.92 -23.083 -0.945 -23.028
4.004 0.13 29.115 13.729 -25.246 -1.025 -23.142
4.176 -1.068 29.392 12.38 -22.841 -1.106 -23.233
4.351 -0.069 28.931 11.032 -20.873 -1.206 -23.157
4.524 0.435 29.3 12.651 -23.353 -1.174 -23.148
4.701 6.47 29.577 11.841 -21.818 -0.563 -22.567
4.874 2.48 29.207 12.38 -22.971 0.211 -22.36
5.052 2.182 29.115 12.651 -23.486 0.626 -22.196
5.229 -1.564 29.3 11.571 -21.55 0.681 -22.278
5.406 3.571 28.838 12.92 -24.133 0.859 -22.015
5.580 -4.456 29.207 11.841 -22.068 0.782 -22.375
5.756 -0.496 29.115 12.651 -23.486 0.346 -22.445
5.928 1.129 29.115 11.571 -21.674 0.4 -22.309
6.105 19.257 29.853 19.124 -32.644 2.204 -20.904
6.283 -5.928 29.392 14.538 -26.318 3.391 -21.534
6.459 -0.13 31.791 17.237 -28.466 2.858 -21.71
6.634 -0.214 31.791 18.315 -29.947 2.828 -21.936
6.808 -0.259 31.422 16.696 -27.984 2.786 -22.101
6.980 -0.275 31.422 17.237 -28.748 2.74 -22.286
7.154 -0.587 31.515 17.505 -29.05 2.665 -22.505
7.326 -0.755 32.253 19.124 -30.665 2.55 -22.783
7.500 -0.046 31.237 18.855 -31.116 2.48 -23.0
7.675 -0.549 31.884 16.427 -27.258 2.428 -23.151
7.848 -1.282 31.884 18.046 -29.509 2.27 -23.432
8.021 0.244 31.515 20.743 -33.353 2.18 -23.667
8.194 -0.931 30.869 18.855 -31.417 2.121 -23.955
8.365 -0.519 31.607 18.315 -30.091 1.997 -24.162
8.540 0.328 31.791 17.776 -29.212 1.98 -24.259
8.713 -1.03 31.145 17.505 -29.338 1.919 -24.488
8.887 0.511 32.068 17.505 -28.629 1.874 -24.544
9.058 0.847 31.237 19.934 -32.544 1.99 -24.661
9.232 -12.108 31.607 16.157 -27.075 1.011 -25.929
9.403 18.822 31.699 18.046 -29.653 1.585 -24.166
9.577 -3.426 30.869 25.868 -39.963 2.924 -24.874
9.752 -3.242 30.222 19.124 -32.325 2.341 -25.373
9.928 -3.784 28.931 16.966 -30.389 1.722 -25.878
10.104 -12.466 27.916 20.473 -36.256 0.292 -27.408
10.281 -7.874 26.623 18.315 -34.526 -1.508 -28.43
10.456 -15.419 25.332 24.249 -43.749 -3.546 -30.44
10.644 -0.412 25.147 22.63 -41.984 -5.034 -30.86
10.819 3.326 25.885 23.171 -41.833 -4.779 -30.873
11.002 -7.965 26.162 22.901 -41.197 -5.204 -32.022
11.185 -17.853 25.147 21.552 -40.598 -7.566 -34.176
11.367 -39.719 27.362 18.855 -34.571 -12.805 -38.467
11.546 -63.324 27.916 20.473 -36.256 -22.027 -45.273
11.729 -77.347 28.285 21.552 -37.306 -34.899 -53.59
11.908 -81.093 30.13 28.565 -43.473 -49.079 -62.454
12.091 -80.513 31.053 25.329 -39.203 -63.866 -71.164
12.273 -80.215 33.083 29.105 -41.34 -78.492 -79.881
12.458 -79.926 35.575 30.454 -40.565 -93.305 -88.527
12.640 -72.289 36.959 29.105 -38.22 -107.157 -96.281
12.825 -75.768 37.882 28.026 -36.495 -120.852 -104.32
13.006 -76.118 38.805 25.868 -33.688 -134.598 -112.285
13.200 -83.328 40.743 24.519 -31.039 -150.064 -120.904
13.380 -81.551 42.589 20.204 -25.379 -164.903 -129.154
13.562 -79.407 44.896 19.934 -23.941 -179.55 -137.083
13.742 -78.247 46.557 9.145 -11.113 -13.739 -144.543
13.922 -81.261 41.666 -1.916 2.633 -28.095 -151.965
14.099 -77.667 39.266 -8.929 12.811 -42.16 -158.719
14.276 -77.896 36.037 -8.66 13.512 -55.927 -165.416
14.457 -80.124 35.759 -11.627 18.012 -70.228 -172.187
14.666 -83.199 32.16 -9.199 15.963 -87.295 -179.262
14.845 -75.302 31.422 -7.58 13.562 -101.481 -185.463
15.037 -83.153 29.761 -2.185 4.199 -116.693 -192.628
15.218 -77.042 28.931 -1.916 3.789 -131.191 -199.058
15.401 -77.026 27.362 1.592 -3.33 -145.288 -205.548
15.581 -69.878 27.362 9.684 -19.49 -158.509 -211.509
15.771 -79.247 24.685 17.505 -35.342 -172.676 -218.713
15.952 -73.662 25.332 18.315 -35.867 173.486 -225.219
16.134 -78.278 27.269 18.046 -33.496 159.659 -232.07
16.311 -76.714 29.577 22.63 -37.42 145.942 -238.729
16.489 -76.424 30.776 24.519 -38.544 132.313 -245.274
16.665 -79.987 32.899 26.407 -38.753 118.549 -252.104
16.847 -82.42 33.268 29.105 -41.182 103.77 -259.144
17.026 -77.721 34.375 30.183 -41.285 89.437 -265.569
17.208 -75.279 36.129 28.296 -38.068 75.514 -271.555
17.388 -75.768 36.959 31.802 -40.711 61.92 -277.542
17.568 -79.292 38.62 26.407 -34.363 47.965 -283.678
17.748 -78.072 39.266 22.362 -29.662 33.802 -289.484
17.928 -76.5 40.927 18.585 -24.423 19.89 -294.912
18.112 -81.123 41.758 19.934 -25.518 5.389 -300.77
18.295 -74.57 43.604 14.538 -18.439 -8.857 -305.672
18.474 -80.154 45.172 0.782 -0.992 -22.705 -310.737
18.654 -78.644 42.127 -7.041 9.489 -36.996 -315.338
18.826 -88.531 37.605 -11.086 16.426 -51.374 -320.801
19.007 -53.207 35.667 -13.514 20.751 -64.201 -322.23
19.184 -49.347 34.468 -11.086 17.829 -73.277 -323.211
19.356 -23.384 34.283 -13.244 21.122 -79.532 -321.196
19.532 -10.117 32.991 -9.469 16.014 -82.48 -317.748
19.704 -34.424 31.976 -12.436 21.252 -86.31 -316.787
19.874 -45.738 31.053 -11.896 20.961 -93.124 -317.019
20.060 1.137 30.5 -9.199 16.784 -97.272 -312.138
20.246 10.681 30.038 -12.166 22.049 -96.173 -306.047
20.429 -23.43 30.315 -11.896 21.426 -97.339 -303.672
20.612 -39.436 30.038 -10.547 19.347 -103.092 -303.076
20.786 -39.352 29.485 -10.008 18.749 -109.946 -302.466
20.956 -6.676 29.207 -6.501 12.549 -113.859 -298.372
21.130 -7.477 28.1 -8.66 17.129 -115.09 -294.254
21.303 -21.011 28.654 -5.422 10.715 -117.554 -291.742
21.479 -39.391 27.269 -4.613 9.602 -122.87 -291.272
21.653 -63.873 27.546 -2.185 4.535 -131.854 -293.603
21.830 -73.25 26.623 -1.646 3.538 -143.989 -296.995
22.014 -77.362 26.347 4.559 -9.817 -157.845 -301.113
22.197 -79.361 27.177 10.223 -20.614 -172.185 -305.665
22.377 -82.771 27.639 14.809 -28.182 173.223 -310.732
22.557 -73.38 27.731 18.315 -33.443 159.169 -314.851
22.734 -75.424 29.485 22.362 -37.177 146.0 -319.242
22.911 -76.63 30.315 24.249 -38.656 132.543 -323.765
23.087 -76.683 30.592 28.296 -42.767 119.052 -328.339
23.265 -78.026 33.083 29.644 -41.862 105.283 -333.005
23.442 -81.52 33.729 29.915 -41.571 91.163 -338.008
23.620 -81.833 36.221 27.487 -37.194 76.624 -342.914
23.794 -80.299 37.144 29.105 -38.081 62.519 -347.624
23.968 -81.207 37.882 26.407 -34.88 48.468 -352.32
24.146 -76.019 40.189 20.743 -27.3 34.475 -356.243
24.327 -74.12 41.112 20.743 -26.773 20.887 -359.896
24.501 -79.803 41.112 19.663 -25.561 7.496 -364.099
24.676 -81.68 42.958 9.413 -12.359 -6.634 -368.196
24.858 -78.537 42.958 7.795 -10.285 -21.214 -371.857
25.042 -82.42 43.512 -3.533 4.642 -36.022 -375.601
25.222 -76.218 41.85 -6.232 8.47 -50.299 -378.539
25.402 -77.477 38.805 -10.818 15.577 -64.132 -381.43
25.585 -79.14 34.652 -10.547 16.929 -78.462 -384.434
25.775 -82.909 31.145 -13.785 23.875 -93.857 -387.673
25.960 -72.273 29.946 -9.738 18.014 -108.211 -389.814
26.147 -74.127 28.746 -7.31 14.268 -121.9 -392.189
26.331 -75.508 27.639 -4.074 8.385 -135.666 -394.788
26.520 -73.112 27.823 -0.837 1.723 -149.711 -397.209
26.697 -91.751 27.177 6.446 -13.343 -164.301 -401.941
26.874 -89.569 27.085 11.032 -22.162 179.652 -406.558
27.044 -139.801 27.546 21.552 -38.04 160.156 -416.989
27.218 -105.843 30.038 24.519 -39.224 138.785 -423.638
27.387 -60.73 29.669 28.296 -43.643 124.709 -425.319
27.558 -34.271 31.791 28.565 -41.94 116.587 -423.959
27.730 5.692 31.145 29.374 -43.324 114.129 -418.126
27.906 -3.181 31.422 32.341 -45.826 114.35 -413.244
28.080 -21.744 31.791 30.183 -43.514 112.182 -410.304
28.262 -39.108 32.622 28.296 -40.938 106.644 -409.185
28.436 -62.912 33.637 32.341 -43.875 97.768 -410.72
28.610 -76.134 35.575 31.533 -41.553 85.671 -413.645
28.783 -75.424 36.129 31.533 -41.114 72.561 -416.458
28.969 -76.591 39.82 30.993 -37.895 58.424 -419.31
29.149 -77.385 39.635 27.757 -35.004 44.566 -422.167
29.324 -77.37 42.773 25.058 -30.363 31.025 -424.902
29.496 -80.94 44.157 21.013 -25.448 17.411 -427.908
29.677 -80.017 45.172 14.809 -18.151 2.844 -430.641
29.854 -80.612 42.589 1.86 -2.501 -11.372 -433.103
30.031 -79.094 42.219 -2.455 3.328 -25.506 -435.259
30.205 -81.421 39.082 -8.929 12.869 -39.471 -437.461
30.379 -79.391 37.882 -7.041 10.529 -53.461 -439.465
30.559 -83.221 36.037 -8.66 13.512 -68.096 -441.811
30.745 -86.372 32.345 -5.422 9.516 -83.868 -444.563
30.925 -80.559 32.068 -4.613 8.186 -98.892 -446.675
31.114 -76.126 31.237 -0.027 0.05 -113.699 -448.431
31.292 -79.941 29.577 1.592 -3.081 -127.589 -450.64
31.468 -78.255 28.746 11.571 -21.926 -141.51 -453.005
31.649 -78.545 28.285 10.762 -20.831 -155.701 -455.342
31.829 -72.624 25.608 18.585 -35.97 -169.306 -457.287
32.010 -67.886 25.793 23.44 -42.264 177.978 -458.789
32.208 -70.808 27.454 28.835 -46.405 164.247 -460.652
32.390 -75.005 25.978 29.915 -49.029 150.978 -462.987
32.574 -73.875 27.639 27.757 -45.122 137.281 -465.077
32.755 -75.882 31.053 27.487 -41.514 123.728 -467.276
32.945 -76.34 31.053 29.105 -43.145 109.267 -469.519
33.132 -77.332 33.729 30.454 -42.079 94.899 -471.811
33.318 -71.404 34.098 32.072 -43.246 81.067 -473.432
33.501 -76.881 37.328 31.263 -39.947 67.498 -475.554
33.689 -75.203 37.79 28.296 -36.825 53.203 -477.392
33.870 -79.155 39.82 26.677 -33.82 39.233 -479.572
34.046 -81.085 40.743 25.058 -31.593 25.132 -481.888
34.226 -58.578 42.958 23.98 -29.171 12.562 -481.632
34.404 -42.175 44.711 17.776 -21.682 3.595 -479.377
34.579 -72.807 44.157 16.696 -20.712 -6.466 -480.459
34.757 -84.068 44.988 -2.455 3.124 -20.427 -482.294
34.932 -115.685 42.681 -7.041 9.368 -37.906 -487.493
35.109 -143.097 41.02 -12.975 17.553 -60.808 -495.559
35.287 -150.475 36.774 -8.66 13.251 -86.936 -504.522
35.468 -136.887 34.837 -9.469 15.206 -112.942 -511.927
35.644 -114.449 30.407 -0.297 0.56 -135.06 -517.11
35.821 -88.417 28.838 4.827 -9.502 -153.013 -519.566
35.995 -60.257 28.285 10.223 -19.871 -165.948 -519.055
36.184 -32.158 28.931 14.269 -26.253 -174.681 -515.497
36.358 -11.337 29.023 15.618 -28.286 -178.465 -509.611
36.533 -11.024 31.33 17.505 -29.193 179.578 -503.65
36.715 -22.743 29.207 16.157 -28.951 176.505 -498.936
36.889 0.893 30.038 18.046 -30.996 174.604 -491.615
37.060 4.601 30.407 17.505 -29.929 175.074 -483.836
37.237 1.656 30.315 17.776 -30.386 175.628 -476.378
37.409 -0.443 31.237 17.237 -28.891 175.732 -469.12
37.583 -1.862 31.33 17.505 -29.193 175.532 -462.033
37.755 -1.144 30.407 17.505 -29.929 175.273 -454.901
37.931 -2.113 30.407 14.809 -25.967 174.986 -447.823
38.105 0.053 29.023 13.999 -25.75 174.807 -440.536
38.282 2.197 27.731 13.46 -25.891 175.006 -433.056
38.455 2.647 28.285 12.92 -24.55 175.425 -425.548
38.629 9.552 27.546 10.762 -21.34 176.487 -417.265
38.803 -2.831 27.546 11.841 -23.261 177.071 -410.451
38.977 -0.305 26.808 10.223 -20.874 176.799 -403.378
39.151 2.739 27.916 7.526 -15.088 177.01 -395.924
39.326 -0.999 28.654 8.065 -15.72 177.163 -388.974
39.499 -0.496 27.177 6.985 -14.414 177.033 -382.022
39.675 0.0 29.023 8.065 -15.53 176.99 -375.121
39.848 0.763 28.562 9.952 -19.21 177.056 -368.294
40.022 -0.458 28.654 9.145 -17.701 177.082 -361.658
40.194 0.816 29.3 8.335 -15.88 177.113 -354.935
40.368 0.435 29.023 8.604 -16.513 177.222 -348.357
40.541 -0.458 28.562 7.256 -14.254 177.22 -341.925
40.715 1.007 29.577 11.302 -20.913 177.268 -335.558
40.887 0.923 28.931 7.795 -15.079 177.434 -329.177
41.061 1.381 28.931 8.335 -16.072 177.634 -322.861
41.234 0.084 29.669 8.335 -15.692 177.761 -316.776
41.411 -9.75 28.469 9.684 -18.786 176.905 -311.938
41.584 0.0 29.669 9.413 -17.603 176.062 -306.094
41.758 3.601 27.916 8.065 -16.114 176.375 -299.917
41.930 3.159 27.639 9.952 -19.802 176.957 -293.955
42.103 -1.549 28.931 7.256 -14.08 177.096 -288.496
42.275 -3.105 29.946 9.684 -17.92 176.696 -283.381
42.449 -2.129 30.776 10.493 -18.827 176.24 -278.27
42.622 -0.061 30.684 13.46 -23.685 176.051 -273.12
42.794 -0.32 31.422 8.604 -15.313 176.018 -267.924
42.966 -0.351 31.145 9.952 -17.721 175.96 -262.871
43.140 0.153 30.869 11.841 -20.986 175.943 -257.917
43.311 -0.099 30.776 13.729 -24.041 175.948 -253.141
43.484 0.32 30.684 11.302 -20.221 175.967 -248.331
43.656 0.847 31.33 7.795 -13.972 176.067 -243.426
43.829 0.153 31.053 9.145 -16.41 176.154 -238.734
44.001 0.0 30.407 9.952 -18.123 176.167 -234.18
44.175 -0.153 30.684 9.684 -17.516 176.154 -229.717
44.347 -0.389 30.961 9.952 -17.819 176.107 -225.371
44.520 -0.061 30.776 10.493 -18.827 176.068 -221.092
44.692 0.023 30.592 11.032 -19.83 176.065 -216.906
44.868 -0.893 30.592 11.032 -19.83 175.988 -212.901
45.042 -0.221 30.684 11.302 -20.221 175.891 -208.91
45.218 0.45 31.33 9.413 -16.723 175.911 -204.853
45.391 0.397 30.869 10.762 -19.22 175.985 -200.93
45.578 -0.229 30.776 8.335 -15.154 176.0 -197.071
45.751 -0.175 30.592 8.874 -16.176 175.965 -193.303
45.939 -1.205 30.5 9.684 -17.615 175.836 -189.752
46.126 0.061 30.684 10.223 -18.427 175.729 -186.15
46.300 -0.595 31.699 9.952 -17.43 175.682 -182.673
46.471 -0.069 31.145 10.493 -18.619 175.626 -179.232
46.647 -0.587 31.053 7.526 -13.624 175.568 -175.818
46.820 -0.443 31.791 11.841 -20.429 175.479 -172.592
46.994 -0.839 30.869 13.46 -23.559 175.367 -169.539
47.167 -0.046 30.961 10.493 -18.722 175.291 -166.365
47.342 -0.801 31.053 11.302 -19.999 175.216 -163.365
47.515 -0.687 31.237 11.302 -19.891 175.088 -160.413
47.700 0.183 31.515 9.952 -17.525 175.041 -157.379
47.873 -0.732 30.407 10.493 -19.039 174.994 -154.537
48.059 -0.572 30.222 10.493 -19.147 174.872 -151.739
48.233 -0.42 31.33 8.874 -15.814 174.786 -148.917
48.408 -0.175 30.592 13.19 -23.324 174.734 -146.274
48.581 -0.565 29.946 10.762 -19.767 174.67 -143.659
48.756 -1.007 30.961 12.651 -22.225 174.532 -141.197
48.929 -0.237 30.684 8.065 -14.727 174.425 -138.553
49.120 0.053 30.407 10.493 -19.039 174.407 -136.018
49.293 -0.13 31.053 10.223 -18.222 174.401 -133.537
49.479 0.42 31.053 9.145 -16.41 174.428 -131.012
49.652 -0.725 30.961 9.413 -16.911 174.401 -128.673
49.827 -0.45 31.145 9.952 -17.721 174.298 -126.37
50.000 -0.534 30.222 11.571 -20.95 174.213 -124.189
50.176 -0.168 30.684 8.604 -15.664 174.152 -121.909
50.349 -0.374 30.776 11.032 -19.721 174.105 -119.779
50.524 -0.572 31.33 9.952 -17.622 174.022 -117.675
50.698 0.099 30.407 8.335 -15.329 173.981 -115.496
50.873 0.168 31.145 7.795 -14.051 174.004 -113.328
51.045 -0.755 31.237 10.223 -18.122 173.954 -111.387
51.219 0.351 30.5 8.065 -14.812 173.918 -109.3
51.392 -0.137 31.145 10.493 -18.619 173.937 -107.385
51.566 -0.526 31.33 9.952 -17.622 173.879 -105.533
51.741 -0.443 30.5 10.223 -18.53 173.794 -103.73
51.915 -1.03 31.053 10.223 -18.222 173.666 -102.024
52.089 -0.114 30.684 9.684 -17.516 173.567 -100.241
52.265 -0.565 30.961 9.413 -16.911 173.507 -98.533
