time gyroz magX magY yaw_mag yaw_gyro yaw_cf yaw_kf
0.216 -0.206 65.473 1.491 -1.305 -0.044 -0.422 -1.568
0.280 -0.168 -5.036 -24.863 101.45 -0.253 30.258 44.303
0.343 -0.275 64.928 2.093 -1.846 -0.262 -0.737 30.055
0.410 -0.252 -5.036 -24.863 101.45 -0.378 30.17 46.866
0.470 -0.267 65.473 2.395 -2.095 -0.377 -0.892 37.488
0.532 -0.244 63.294 3.298 -2.983 -0.397 -1.173 30.959
0.874 -0.145 64.112 3.148 -2.811 -0.371 -1.103 26.251
0.938 -0.244 -5.036 -24.863 101.45 -0.374 30.173 35.389
1.000 -0.206 63.567 2.545 -2.293 -0.45 -1.003 31.256
1.065 -0.183 -5.036 -24.863 101.45 -0.401 30.154 38.143
1.127 -0.267 65.2 4.051 -3.555 -0.484 -1.405 34.364
1.191 -0.343 -5.036 -24.863 101.45 -0.676 29.962 39.88
1.253 -0.374 64.384 3.6 -3.2 -0.812 -1.528 36.538
1.316 -0.282 -5.036 -24.863 101.45 -0.745 29.914 41.147
1.375 -0.275 65.744 1.943 -1.693 -0.66 -0.97 38.245
1.438 -0.168 -5.036 -24.863 101.45 -0.517 30.073 42.21
1.501 -0.313 64.112 2.244 -2.005 -0.638 -1.048 39.54
1.564 -0.237 -5.036 -24.863 101.45 -0.684 29.956 43.015
1.625 -0.313 64.657 3.75 -3.319 -0.746 -1.518 40.487
1.687 -0.229 -5.036 -24.863 101.45 -0.699 29.946 43.592
1.748 -0.114 64.928 2.997 -2.643 -0.428 -1.092 41.301
1.810 -0.29 -5.036 -24.863 101.45 -0.639 29.988 44.108
1.871 -0.214 64.928 3.298 -2.908 -0.69 -1.355 41.95
1.933 -0.214 -5.036 -24.863 101.45 -0.628 29.995 44.525
1.992 -0.191 65.473 2.696 -2.358 -0.594 -1.123 42.525
2.054 -0.198 -5.036 -24.863 101.45 -0.598 30.016 44.905
2.115 -0.153 64.657 3.449 -3.053 -0.522 -1.281 42.99
2.176 -0.198 -5.036 -24.863 101.45 -0.584 30.026 45.208
2.236 -0.244 64.928 3.901 -3.438 -0.744 -1.552 43.37
2.298 -0.244 -5.036 -24.863 101.45 -0.805 29.871 45.447
2.357 -0.198 -5.036 -24.863 101.45 -0.711 29.937 47.405
2.416 -0.221 63.839 3.6 -3.228 -0.732 -1.481 45.641
2.477 -0.298 -5.036 -24.863 101.45 -0.959 29.764 47.488
2.537 -0.237 64.112 2.846 -2.542 -0.899 -1.392 45.821
2.599 -0.252 -5.036 -24.863 101.45 -0.892 29.811 47.583
2.658 -0.305 64.657 1.943 -1.721 -1.063 -1.26 46.0
2.721 -0.183 -5.036 -24.863 101.45 -0.803 29.873 47.691
2.781 -0.252 67.378 2.846 -2.419 -0.884 -1.344 46.146
2.842 -0.221 -5.036 -24.863 101.45 -0.88 29.819 47.766
2.902 -0.229 66.562 3.298 -2.837 -0.886 -1.471 46.261
2.963 -0.153 -5.036 -24.863 101.45 -0.682 29.958 47.828
3.023 -0.275 63.023 2.545 -2.312 -0.984 -1.382 46.379
3.085 -0.267 -5.036 -24.863 101.45 -1.099 29.666 47.883
3.145 -0.183 67.378 0.738 -0.628 -0.843 -0.778 46.528
3.206 -0.206 -5.036 -24.863 101.45 -0.843 29.845 47.99
3.265 -0.237 65.2 3.75 -3.292 -0.98 -1.674 46.592
3.326 -0.168 -5.036 -24.863 101.45 -0.796 29.878 48.017
3.385 -0.206 64.928 2.696 -2.378 -0.865 -1.319 46.679
3.447 -0.153 -5.036 -24.863 101.45 -0.733 29.922 48.069
3.507 -0.16 64.112 1.943 -1.736 -0.714 -1.021 46.779
3.569 -0.198 -5.036 -24.863 101.45 -0.867 29.828 48.132
3.629 -0.175 62.205 2.395 -2.205 -0.833 -1.245 46.854
3.690 -0.168 -5.036 -24.863 101.45 -0.795 29.878 48.18
3.749 -0.198 -5.036 -24.863 101.45 -0.91 29.798 49.462
3.808 -0.122 66.562 2.997 -2.578 -0.663 -1.238 48.188
3.869 -0.221 -5.036 -24.863 101.45 -0.977 29.751 49.444
3.931 -0.206 63.294 3.298 -2.983 -1.031 -1.617 48.172
3.993 -0.16 -5.036 -24.863 101.45 -0.845 29.844 49.413
4.053 -0.168 65.2 1.943 -1.707 -0.841 -1.101 48.194
4.115 -0.259 -5.036 -24.863 101.45 -1.234 29.571 49.406
4.175 -0.198 65.2 2.846 -2.499 -1.086 -1.51 48.182
4.236 -0.16 -5.036 -24.863 101.45 -0.876 29.822 49.386
4.296 -0.229 64.112 2.846 -2.542 -1.144 -1.563 48.173
4.357 -0.175 -5.036 -24.863 101.45 -0.991 29.741 49.36
4.416 -0.206 64.928 2.093 -1.846 -1.085 -1.313 48.179
4.477 -0.259 -5.036 -24.863 101.45 -1.366 29.479 49.343
4.537 -0.206 65.744 1.641 -1.43 -1.194 -1.265 48.184
4.598 -0.298 -5.036 -24.863 101.45 -1.576 29.332 49.331
4.657 -0.275 65.2 2.545 -2.235 -1.579 -1.776 48.158
4.718 -0.183 -5.036 -24.863 101.45 -1.138 29.638 49.305
4.778 -0.237 65.744 3.148 -2.741 -1.315 -1.743 48.135
4.839 -0.237 -5.036 -24.863 101.45 -1.384 29.466 49.266
4.898 -0.237 64.657 3.449 -3.053 -1.398 -1.894 48.1
4.959 -0.298 -5.036 -24.863 101.45 -1.715 29.234 49.216
