time gyroz magX magY yaw_mag yaw_gyro yaw_cf yaw_kf
0.203 -0.275 -5.036 -24.863 101.45 -0.056 30.396 80.203
0.255 -0.351 60.3 5.858 -5.549 -0.365 -1.92 41.983
0.308 -0.252 -5.036 -24.863 101.45 -0.429 30.135 60.285
0.361 -0.267 60.845 5.557 -5.218 -0.348 -1.809 44.808
0.416 -0.191 -5.036 -24.863 101.45 -0.346 30.193 55.596
0.468 -0.259 -5.036 -24.863 101.45 -0.312 30.217 62.929
0.519 -0.305 59.484 4.804 -4.617 -0.417 -1.677 53.534
0.571 -0.313 -5.036 -24.863 101.45 -0.484 30.096 59.339
0.621 -0.198 60.845 4.352 -4.091 -0.436 -1.532 52.399
0.673 -0.221 -5.036 -24.863 101.45 -0.347 30.192 57.196
0.722 -0.351 -5.036 -24.863 101.45 -0.474 30.103 61.136
0.773 -0.244 61.661 5.105 -4.733 -0.54 -1.798 55.652
0.825 -0.374 -5.036 -24.863 101.45 -0.553 30.048 59.121
0.875 -0.259 58.939 6.009 -5.821 -0.601 -2.167 54.44
0.928 -0.252 -5.036 -24.863 101.45 -0.493 30.09 57.553
0.979 -0.381 -5.036 -24.863 101.45 -0.625 29.998 60.28
1.029 -0.267 63.294 4.804 -4.34 -0.656 -1.761 56.39
1.080 -0.145 -5.036 -24.863 101.45 -0.424 30.138 58.911
1.129 -0.237 61.389 5.858 -5.451 -0.413 -1.924 55.41
1.180 -0.275 -5.036 -24.863 101.45 -0.561 30.042 57.737
1.229 -0.29 -5.036 -24.863 101.45 -0.631 29.993 59.85
1.279 -0.214 61.934 4.954 -4.573 -0.564 -1.767 56.779
1.330 -0.252 -5.036 -24.863 101.45 -0.549 30.051 58.77
1.380 -0.313 60.572 4.502 -4.251 -0.684 -1.754 55.974
1.432 -0.206 -5.036 -24.863 101.45 -0.608 30.009 57.858
1.482 -0.336 -5.036 -24.863 101.45 -0.704 29.942 59.596
1.531 -0.282 60.845 4.653 -4.373 -0.768 -1.85 57.031
1.584 -0.206 -5.036 -24.863 101.45 -0.608 30.009 58.702
1.634 -0.275 58.122 5.858 -5.755 -0.655 -2.185 56.263
1.686 -0.366 -5.036 -24.863 101.45 -0.892 29.811 57.852
1.735 -0.29 -5.036 -24.863 101.45 -0.869 29.827 59.353
1.785 -0.351 60.572 5.105 -4.817 -0.917 -2.087 57.1
1.837 -0.267 -5.036 -24.863 101.45 -0.841 29.846 58.553
1.887 -0.359 60.028 6.611 -6.285 -0.944 -2.546 56.376
1.940 -0.282 -5.036 -24.863 101.45 -0.906 29.801 57.782
1.991 -0.259 -5.036 -24.863 101.45 -0.798 29.876 59.122
2.042 -0.267 59.484 5.708 -5.481 -0.804 -2.207 57.091
2.093 -0.275 -5.036 -24.863 101.45 -0.843 29.845 58.395
2.143 -0.275 60.572 4.804 -4.535 -0.864 -1.965 56.483
2.194 -0.336 -5.036 -24.863 101.45 -1.012 29.727 57.751
2.244 -0.282 -5.036 -24.863 101.45 -0.969 29.757 58.969
2.295 -0.29 62.75 6.009 -5.47 -0.948 -2.305 57.107
2.347 -0.298 -5.036 -24.863 101.45 -0.989 29.743 58.3
2.397 -0.282 60.572 5.105 -4.817 -0.974 -2.127 56.526
2.448 -0.244 -5.036 -24.863 101.45 -0.879 29.82 57.704
2.497 -0.183 -5.036 -24.863 101.45 -0.701 29.944 58.845
2.547 -0.282 60.845 6.159 -5.78 -0.901 -2.365 57.102
2.599 -0.42 -5.036 -24.863 101.45 -1.374 29.473 58.204
2.649 -0.328 61.389 6.762 -6.286 -1.289 -2.788 56.498
2.700 -0.275 -5.036 -24.863 101.45 -1.071 29.685 57.601
2.750 -0.275 -5.036 -24.863 101.45 -1.031 29.713 58.668
2.800 -0.336 61.934 6.159 -5.679 -1.216 -2.555 57.019
2.851 -0.259 -5.036 -24.863 101.45 -1.074 29.683 58.078
2.901 -0.275 63.567 5.858 -5.265 -1.057 -2.319 56.488
2.952 -0.275 -5.036 -24.863 101.45 -1.087 29.674 57.536
3.002 -0.29 -5.036 -24.863 101.45 -1.146 29.633 58.553
