time gyroz magX magY yaw_mag yaw_gyro yaw_cf yaw_kf
0.325 -0.298 38.528 18.046 115.098 -0.298 114.918
0.502 -0.336 38.897 17.505 114.229 -0.056 114.584
0.676 5.501 37.975 17.505 114.748 0.393 114.936
0.851 0.076 39.359 16.157 112.318 0.881 114.41
1.024 -0.366 38.528 17.505 114.434 0.856 114.461
1.198 -1.129 38.251 18.855 116.24 0.726 114.726
1.369 0.099 38.343 19.124 116.508 0.638 115.014
1.543 -0.702 38.528 18.046 115.098 0.586 115.007
1.715 0.427 38.436 16.157 112.8 0.562 114.817
1.887 -0.679 37.882 18.315 115.803 0.54 114.888
2.059 0.504 38.805 18.855 115.915 0.525 115.031
2.232 -1.137 38.712 19.663 116.927 0.47 115.122
2.403 0.29 37.697 17.776 115.246 0.398 115.16
2.576 -0.748 38.897 16.966 113.566 0.358 114.999
2.748 0.397 38.343 16.427 113.191 0.328 114.911
2.921 -0.534 38.897 17.505 114.229 0.316 114.833
3.093 0.298 38.805 17.776 114.612 0.296 114.844
3.268 -0.259 38.436 19.934 117.413 0.299 114.973
3.439 1.083 38.251 19.394 116.886 0.37 115.163
3.613 -0.488 38.712 16.966 113.666 0.422 115.054
3.784 0.862 38.712 17.505 114.332 0.454 115.092
3.958 -0.092 38.528 16.966 113.767 0.521 115.03
4.131 0.328 37.882 18.855 116.461 0.541 115.128
4.306 0.412 38.805 18.315 115.266 0.606 115.175
4.479 0.679 38.712 18.046 114.993 0.7 115.233
4.656 -0.656 38.99 19.394 116.446 0.702 115.238
4.832 0.427 37.882 18.855 116.461 0.682 115.33
5.007 -0.229 38.897 18.585 115.538 0.699 115.327
5.180 0.603 38.805 20.473 117.816 0.732 115.479
