time gyroz magX magY yaw_mag yaw_gyro yaw_cf yaw_kf
0.327 -0.328 2.528 23.509 -44.433 -45.479 -44.667
0.517 -1.671 1.788 23.038 -44.474 -45.472 -44.675
0.697 0.031 2.528 22.568 -45.603 -45.421 -45.006
0.879 -0.282 2.652 21.393 -48.934 -45.383 -45.984
1.059 -0.336 2.652 21.393 -45.768 -45.351 -45.997
1.239 -0.305 1.912 22.333 -45.091 -45.32 -45.902
1.420 -0.191 2.898 23.273 -46.533 -45.284 -46.032
1.604 -0.053 2.159 22.333 -45.091 -45.238 -45.948
1.789 1.06 2.775 23.038 -46.062 -45.093 -45.911
1.981 11.429 2.775 22.568 -46.651 -43.911 -45.186
2.161 -13.184 2.035 22.568 -43.954 -45.286 -45.951
2.349 -42.549 2.652 23.743 -44.416 -50.233 -48.943
2.522 -70.29 3.392 27.504 -39.698 -59.047 -53.699
2.719 -55.641 3.022 28.21 -37.093 -66.561 -57.345
2.900 4.921 3.269 28.681 -35.516 -65.797 -56.465
3.080 40.1 4.132 29.856 -34.714 -59.572 -52.886
3.260 74.776 4.132 27.504 -37.514 -47.334 -46.778
3.439 77.133 2.775 23.979 -44.915 -34.021 -40.803
3.613 61.76 3.392 21.863 -46.243 -22.814 -35.973
3.793 40.26 4.872 17.632 -53.344 -15.129 -33.12
3.968 -10.918 5.119 16.691 -53.833 -17.245 -34.31
4.142 -41.573 3.762 18.807 -50.786 -25.805 -37.852
4.317 -33.165 2.405 22.333 -43.97 -32.914 -40.479
4.491 -52.963 3.145 22.804 -46.095 -44.757 -44.907
4.669 -58.136 2.159 23.743 -40.467 -58.279 -49.618
4.856 -41.252 2.775 27.27 -38.587 -68.245 -52.935
5.036 12.505 4.872 27.976 -38.148 -65.046 -51.742
5.215 52.62 3.022 25.859 -40.079 -51.275 -47.16
5.405 57.953 2.405 23.743 -44.94 -35.563 -42.201
5.584 60.86 1.912 22.804 -46.095 -18.521 -36.93
5.760 36.873 2.652 19.982 -48.27 -7.852 -33.751
5.934 15.007 4.379 16.691 -54.836 -3.349 -32.692
6.110 -35.461 4.502 16.926 -53.192 -14.132 -36.068
6.284 -59.174 3.392 19.041 -50.701 -32.674 -41.564
6.459 -47.462 2.282 22.098 -47.253 -47.952 -45.984
6.632 -34.927 3.022 25.859 -38.365 -59.484 -49.046
6.821 7.065 2.405 25.154 -38.242 -57.024 -48.292
7.008 35.202 1.295 25.859 -39.518 -44.639 -44.953
7.197 57.068 2.528 23.509 -45.993 -24.053 -39.712
7.378 40.009 1.912 19.512 -51.526 -9.244 -36.151
7.556 32.135 4.502 19.277 -51.619 2.947 -33.286
7.730 2.922 5.365 18.102 -52.113 4.126 -33.18
7.906 -1.869 4.379 17.632 -51.797 3.437 -33.536
8.082 -28.984 3.515 18.807 -49.162 -8.225 -36.444
8.258 -59.479 2.775 20.688 -47.005 -32.734 -42.291
8.433 -52.788 2.282 23.509 -45.482 -54.942 -47.525
8.610 -43.495 1.542 25.859 -38.945 -73.617 -51.733
8.798 -3.929 2.775 26.329 -37.276 -75.295 -52.05
8.980 30.945 1.542 24.449 -40.524 -61.351 -48.995
9.160 69.046 2.035 23.509 -43.345 -29.678 -42.184
9.343 86.937 2.035 18.337 -52.01 10.985 -33.727
9.518 64.323 4.625 16.221 -55.114 41.646 -27.52
9.695 -8.766 5.242 17.866 -49.474 37.447 -28.464
9.870 -30.128 4.379 16.691 -52.78 22.629 -31.682
10.046 -49.751 2.898 18.102 -52.113 -2.311 -36.92
10.220 -65.361 1.665 19.982 -49.857 -35.66 -43.746
10.396 -51.033 2.035 22.098 -46.736 -62.137 -49.097
10.577 -0.038 1.665 22.804 -43.373 -62.107 -49.186
10.768 53.787 0.802 23.038 -41.019 -33.098 -43.679
10.957 72.159 1.295 23.038 -45.543 6.484 -36.329
11.133 57.182 3.022 18.337 -52.512 38.364 -30.628
11.308 51.819 3.762 18.337 -52.01 67.712 -25.434
11.483 27.672 4.872 14.81 -56.534 83.65 -22.832
11.655 5.035 3.392 14.34 -56.352 86.634 -22.586
11.829 -26.741 4.749 12.224 -60.673 70.868 -25.777
12.000 -34.637 2.035 13.635 -60.303 50.136 -29.826
12.175 -53.123 1.048 15.046 -56.863 17.847 -35.774
12.349 -63.927 0.802 15.985 -55.257 -21.575 -42.862
12.522 -74.112 0.802 20.218 -47.661 -67.927 -50.889
12.702 -62.721 2.282 21.157 -44.649 -107.711 -57.679
12.883 -42.953 2.159 25.624 -35.88 -135.329 -62.197
13.062 -0.534 3.638 25.624 -38.911 -135.628 -62.279
13.252 46.684 2.528 25.859 -39.518 -104.645 -57.323
13.433 95.894 1.542 25.39 -42.761 -40.188 -47.145
13.622 75.096 1.665 22.333 -47.711 11.01 -39.215
13.795 5.005 2.898 18.102 -49.962 14.512 -38.77
13.970 -28.236 3.638 19.041 -52.206 -5.161 -41.93
14.143 -30.342 1.912 22.333 -45.091 -26.567 -45.185
14.318 7.088 1.665 21.863 -47.3 -21.443 -44.494
14.491 31.631 2.159 19.512 -51.526 1.525 -41.251
14.667 19.936 2.775 18.807 -51.305 16.195 -39.243
14.842 -1.213 2.405 18.102 -53.6 15.345 -39.554
15.018 -0.511 3.392 20.452 -47.055 15.011 -39.657
15.191 -0.206 2.775 18.807 -50.786 14.905 -39.812
15.368 -0.275 3.392 17.632 -52.841 14.744 -40.021
15.541 -0.244 2.035 17.396 -53.96 14.604 -40.254
15.716 -0.298 2.775 19.277 -48.461 14.42 -40.381
15.889 -0.175 3.762 18.807 -51.81 14.331 -40.567
16.064 -0.183 2.898 19.041 -50.174 14.234 -40.722
16.238 -0.305 2.282 19.277 -51.619 14.036 -40.922
16.413 -0.351 2.775 18.337 -51.494 13.798 -41.126
16.587 -0.298 2.652 18.102 -52.619 13.601 -41.347
16.762 -0.244 3.022 18.807 -49.716 13.447 -41.503
16.936 -0.229 3.392 19.512 -50.527 13.303 -41.675
17.115 -0.267 2.282 17.866 -53.718 13.125 -41.916
17.290 -0.153 3.515 18.337 -52.01 13.043 -42.109
17.465 -0.221 2.652 17.161 -54.572 12.9 -42.361
17.638 -0.298 2.282 17.866 -52.218 12.687 -42.57
17.813 -0.374 4.009 18.807 -52.305 12.404 -42.789
17.988 -0.229 2.775 19.277 -51.121 12.248 -42.965
18.162 -0.252 3.022 18.807 -51.305 12.069 -43.147
18.335 -0.267 3.885 18.571 -49.798 11.874 -43.298
