time gyroz magX magY yaw_mag yaw_gyro yaw_cf yaw_kf
0.314 -0.183 25.874 8.562 71.69 -0.183 70.081
0.479 -2.266 24.882 12.684 62.989 -0.202 66.804
0.645 -10.155 25.784 13.233 62.832 -1.233 64.939
0.814 -0.175 24.792 10.211 67.615 -2.106 65.335
0.980 -0.481 25.243 13.233 62.335 -2.16 64.549
1.149 0.252 24.792 13.508 61.416 -2.18 63.905
1.315 -0.13 24.972 12.409 63.576 -2.17 63.719
1.480 -0.206 25.333 10.211 68.047 -2.197 64.117
1.644 -0.404 25.243 9.937 68.513 -2.247 64.465
1.809 -0.267 25.874 12.409 64.378 -2.303 64.344
1.974 -0.45 25.513 12.959 63.072 -2.362 64.112
2.141 0.488 25.694 10.761 67.275 -2.359 64.329
2.306 0.481 25.604 10.486 67.729 -2.279 64.557
2.474 -0.145 25.153 13.508 61.763 -2.25 64.287
2.642 -0.595 26.144 11.584 66.103 -2.313 64.31
2.809 -0.328 25.874 12.959 63.396 -2.39 64.174
2.975 0.282 25.153 13.508 61.763 -2.394 64.002
3.142 0.229 25.243 13.233 62.335 -2.351 63.881
3.309 0.389 26.054 15.157 59.811 -2.299 63.652
3.477 0.496 24.792 15.706 57.645 -2.225 63.348
3.643 -0.443 25.604 9.937 68.789 -2.22 63.55
3.808 -1.144 25.333 11.31 65.941 -2.351 63.541
3.972 -0.572 26.144 10.486 68.145 -2.492 63.671
4.138 0.053 25.694 11.86 65.223 -2.535 63.712
