time gyroz magX magY yaw_mag yaw_gyro yaw_cf yaw_kf
0.202 -0.259 -5.036 -24.863 101.45 -0.052 30.399 80.393
0.252 -0.114 71.19 7.665 -6.145 -0.288 -2.045 41.835
0.305 -0.214 -5.036 -24.863 101.45 -0.179 30.31 60.191
0.359 -0.137 67.922 7.063 -5.937 -0.263 -1.965 44.579
0.693 -0.145 -5.036 -24.863 101.45 -0.237 30.269 55.42
0.744 -0.237 70.645 5.858 -4.74 -0.321 -1.647 45.734
0.796 -0.267 -5.036 -24.863 101.45 -0.45 30.12 53.424
0.846 -0.389 -5.036 -24.863 101.45 -0.596 30.018 59.245
0.898 -0.16 70.101 4.653 -3.797 -0.533 -1.512 52.355
0.952 -0.259 -5.036 -24.863 101.45 -0.407 30.15 57.159
1.007 -0.336 72.551 6.913 -5.443 -0.597 -2.051 51.493
1.060 -0.145 -5.036 -24.863 101.45 -0.49 30.092 55.602
1.113 -0.229 72.006 6.913 -5.484 -0.4 -1.925 50.885
1.173 -0.122 -5.036 -24.863 101.45 -0.372 30.175 54.477
1.226 -0.13 -5.036 -24.863 101.45 -0.281 30.238 57.605
1.278 -0.214 68.196 6.611 -5.537 -0.403 -1.943 53.594
1.332 -0.343 -5.036 -24.863 101.45 -0.671 29.965 56.41
1.389 -0.29 71.19 7.364 -5.906 -0.746 -2.294 52.85
1.441 -0.275 -5.036 -24.863 101.45 -0.686 29.955 55.43
1.492 -0.252 69.012 7.364 -6.091 -0.651 -2.283 52.234
1.545 -0.275 -5.036 -24.863 101.45 -0.677 29.961 54.617
1.601 -0.237 -5.036 -24.863 101.45 -0.654 29.977 56.796
1.653 -0.32 70.101 6.159 -5.021 -0.766 -2.042 53.955
1.705 -0.252 -5.036 -24.863 101.45 -0.75 29.91 55.997
1.757 -0.313 70.101 6.762 -5.51 -0.802 -2.214 53.363
1.816 -0.252 -5.036 -24.863 101.45 -0.771 29.895 55.289
1.868 -0.198 -5.036 -24.863 101.45 -0.622 30.0 57.086
1.918 -0.221 68.74 5.708 -4.747 -0.622 -1.86 54.686
1.970 -0.313 -5.036 -24.863 101.45 -0.838 29.848 56.389
2.024 -0.298 69.556 6.159 -5.06 -0.916 -2.159 54.125
2.079 -0.305 -5.036 -24.863 101.45 -0.932 29.783 55.755
2.130 -0.237 69.828 6.611 -5.408 -0.81 -2.189 53.615
2.182 -0.343 -5.036 -24.863 101.45 -0.985 29.746 55.177
2.238 -0.336 -5.036 -24.863 101.45 -1.095 29.668 56.657
2.292 -0.16 70.645 6.159 -4.983 -0.703 -1.987 54.65
2.344 -0.214 -5.036 -24.863 101.45 -0.662 29.972 56.092
2.395 -0.183 71.19 6.461 -5.186 -0.652 -2.012 54.172
2.452 -0.229 -5.036 -24.863 101.45 -0.745 29.914 55.569
2.504 -0.214 68.196 6.611 -5.537 -0.765 -2.197 53.719
2.556 -0.244 -5.036 -24.863 101.45 -0.838 29.848 55.078
2.609 -0.237 -5.036 -24.863 101.45 -0.862 29.832 56.379
2.663 -0.206 72.551 6.009 -4.735 -0.786 -1.971 54.621
2.717 -0.336 -5.036 -24.863 101.45 -1.119 29.652 55.883
2.768 -0.206 70.372 6.913 -5.61 -0.906 -2.317 54.164
2.838 -0.259 -5.036 -24.863 101.45 -0.941 29.776 55.407
2.892 -0.244 71.734 7.665 -6.099 -0.965 -2.505 53.728
2.945 -0.244 -5.036 -24.863 101.45 -0.963 29.761 54.95
2.997 -0.244 -5.036 -24.863 101.45 -0.975 29.752 56.129
3.054 -0.229 71.734 6.461 -5.147 -0.943 -2.204 54.52
3.109 -0.206 -5.036 -24.863 101.45 -0.869 29.827 55.684
3.161 -0.229 70.917 6.913 -5.568 -0.93 -2.321 54.108
3.214 -0.252 -5.036 -24.863 101.45 -1.039 29.708 55.252
3.271 -0.206 70.101 6.461 -5.266 -0.926 -2.228 53.726
3.327 -0.29 -5.036 -24.863 101.45 -1.171 29.615 54.852
3.379 -0.313 -5.036 -24.863 101.45 -1.348 29.491 55.942
3.431 -0.237 71.461 6.913 -5.525 -1.126 -2.446 54.432
3.487 -0.175 -5.036 -24.863 101.45 -0.847 29.842 55.526
3.541 -0.229 71.734 6.461 -5.147 -0.986 -2.234 54.058
3.594 -0.275 -5.036 -24.863 101.45 -1.217 29.583 55.131
3.645 -0.244 69.828 5.708 -4.673 -1.164 -2.217 53.703
3.701 -0.275 -5.036 -24.863 101.45 -1.262 29.552 54.767
3.755 -0.275 -5.036 -24.863 101.45 -1.308 29.519 55.804
3.807 -0.237 70.372 6.611 -5.367 -1.177 -2.434 54.375
3.861 -0.229 -5.036 -24.863 101.45 -1.121 29.65 55.41
3.914 -0.168 71.734 5.557 -4.43 -0.887 -1.95 54.034
3.968 -0.298 -5.036 -24.863 101.45 -1.35 29.49 55.056
4.021 -0.229 69.012 7.063 -5.844 -1.219 -2.606 53.663
4.073 -0.305 -5.036 -24.863 101.45 -1.471 29.405 54.681
4.124 -0.198 -5.036 -24.863 101.45 -1.122 29.65 55.686
4.178 -0.244 68.196 6.913 -5.788 -1.217 -2.588 54.302
4.230 -0.214 -5.036 -24.863 101.45 -1.149 29.631 55.302
4.280 -0.282 72.006 6.913 -5.484 -1.421 -2.64 53.939
4.335 -0.252 -5.036 -24.863 101.45 -1.374 29.473 54.934
4.388 -0.214 -5.036 -24.863 101.45 -1.191 29.601 55.911
4.439 -0.008 70.372 6.31 -5.124 -0.25 -1.712 54.59
4.492 -0.137 -5.036 -24.863 101.45 -0.623 29.999 55.574
4.544 -0.252 69.283 6.913 -5.698 -1.282 -2.607 54.23
4.601 -0.32 -5.036 -24.863 101.45 -1.724 29.228 55.194
4.652 -0.389 69.556 6.461 -5.307 -2.13 -3.083 53.859
4.705 -0.221 -5.036 -24.863 101.45 -1.429 29.435 54.833
4.756 -0.221 -5.036 -24.863 101.45 -1.272 29.545 55.788
4.811 -0.206 72.006 6.31 -5.008 -1.212 -2.351 54.48
4.864 -0.221 -5.036 -24.863 101.45 -1.281 29.538 55.435
4.915 -0.305 70.917 6.913 -5.568 -1.72 -2.874 54.117
4.968 -0.259 -5.036 -24.863 101.45 -1.592 29.321 55.069
5.023 -0.252 -5.036 -24.863 101.45 -1.525 29.368 56.003
5.075 -0.282 71.19 7.063 -5.666 -1.683 -2.878 54.685
5.128 -0.229 -5.036 -24.863 101.45 -1.456 29.416 55.624
5.179 -0.275 69.556 6.762 -5.553 -1.653 -2.823 54.32
5.241 -0.206 -5.036 -24.863 101.45 -1.355 29.486 55.264
5.293 -0.259 71.19 6.461 -5.186 -1.577 -2.66 53.98
5.345 -0.122 -5.036 -24.863 101.45 -0.911 29.797 54.935
5.396 -0.237 -5.036 -24.863 101.45 -1.401 29.454 55.86
5.451 -0.252 69.828 5.406 -4.427 -1.611 -2.456 54.59
5.504 -0.298 -5.036 -24.863 101.45 -1.892 29.111 55.511
5.555 -0.237 69.283 6.31 -5.204 -1.615 -2.692 54.236
5.608 -0.206 -5.036 -24.863 101.45 -1.392 29.461 55.169
5.663 -0.252 69.556 5.557 -4.568 -1.633 -2.513 53.915
5.716 -0.237 -5.036 -24.863 101.45 -1.607 29.31 54.848
5.766 0.969 -5.036 -24.863 101.45 5.35 34.18 55.896
5.818 -0.763 67.378 7.063 -5.984 -3.47 -4.224 54.553
5.875 0.015 -5.036 -24.863 101.45 -0.675 29.962 55.5
5.926 -0.114 69.012 5.256 -4.355 -0.661 -1.769 54.27
5.979 -0.298 -5.036 -24.863 101.45 -1.896 29.108 55.186
6.034 -0.359 -5.036 -24.863 101.45 -2.464 28.71 56.079
6.087 -0.359 70.917 5.708 -4.602 -2.544 -3.161 54.811
6.139 -0.214 -5.036 -24.863 101.45 -1.673 29.264 55.723
6.189 -0.244 69.283 6.31 -5.204 -1.724 -2.768 54.462
6.241 -0.29 -5.036 -24.863 101.45 -2.054 28.997 55.371
6.293 -0.259 -5.036 -24.863 101.45 -1.92 29.091 56.266
6.345 -0.206 72.006 6.913 -5.484 -1.566 -2.741 54.998
6.397 -0.221 -5.036 -24.863 101.45 -1.62 29.301 55.902
6.450 -0.32 71.734 7.364 -5.861 -2.285 -3.358 54.621
6.503 -0.229 -5.036 -24.863 101.45 -1.809 29.169 55.529
6.555 -0.298 71.19 7.063 -5.666 -2.182 -3.227 54.261
6.607 -0.244 -5.036 -24.863 101.45 -1.91 29.098 55.172
6.659 -0.267 -5.036 -24.863 101.45 -2.022 29.02 56.065
6.710 -0.29 69.012 6.762 -5.596 -2.213 -3.228 54.793
6.763 -0.175 -5.036 -24.863 101.45 -1.474 29.403 55.701
6.814 -0.267 70.917 6.913 -5.568 -1.994 -3.066 54.439
6.867 -0.191 -5.036 -24.863 101.45 -1.579 29.33 55.35
6.918 -0.214 -5.036 -24.863 101.45 -1.671 29.265 56.243
6.969 -0.183 70.917 7.515 -6.049 -1.489 -2.857 54.975
7.021 -0.237 -5.036 -24.863 101.45 -1.847 29.142 55.87
7.073 -0.191 69.012 8.267 -6.831 -1.588 -3.161 54.592
7.127 -0.275 -5.036 -24.863 101.45 -2.151 28.929 55.489
7.178 -0.328 70.917 5.708 -4.602 -2.629 -3.221 54.247
7.230 -0.282 -5.036 -24.863 101.45 -2.367 28.778 55.148
7.283 -0.328 -5.036 -24.863 101.45 -2.671 28.565 56.029
7.335 -0.29 71.734 6.762 -5.385 -2.455 -3.334 54.768
7.387 -0.29 -5.036 -24.863 101.45 -2.432 28.733 55.658
7.437 -0.229 70.917 5.708 -4.602 -1.993 -2.776 54.426
7.490 -0.229 -5.036 -24.863 101.45 -1.944 29.074 55.328
7.541 -0.237 -5.036 -24.863 101.45 -2.016 29.024 56.214
7.592 -0.221 68.74 7.214 -5.991 -1.915 -3.138 54.948
7.644 -0.267 -5.036 -24.863 101.45 -2.262 28.852 55.836
7.697 -0.313 70.372 5.406 -4.393 -2.676 -3.191 54.598
7.755 -0.412 -5.036 -24.863 101.45 -3.508 27.979 55.475
7.806 -0.244 -5.036 -24.863 101.45 -2.317 28.813 56.357
7.856 -0.282 70.917 6.611 -5.326 -2.459 -3.319 55.095
7.910 -0.206 -5.036 -24.863 101.45 -1.911 29.097 55.986
7.963 -0.221 71.461 6.611 -5.286 -1.966 -2.962 54.739
8.015 -0.221 -5.036 -24.863 101.45 -1.992 29.041 55.633
8.066 -0.29 71.19 5.858 -4.704 -2.56 -3.203 54.396
8.120 -0.32 -5.036 -24.863 101.45 -2.888 28.413 55.285
8.173 -0.244 -5.036 -24.863 101.45 -2.314 28.815 56.168
8.223 -0.244 69.556 7.063 -5.798 -2.25 -3.314 54.906
8.275 -0.313 -5.036 -24.863 101.45 -2.834 28.451 55.787
8.326 -0.244 71.19 7.063 -5.666 -2.345 -3.341 54.534
8.379 -0.237 -5.036 -24.863 101.45 -2.23 28.874 55.429
8.431 -0.214 -5.036 -24.863 101.45 -2.041 29.006 56.312
8.481 -0.519 70.645 7.364 -5.951 -4.616 -5.016 55.016
8.534 -0.252 -5.036 -24.863 101.45 -2.67 28.566 55.9
8.588 -0.175 73.095 7.515 -5.87 -1.755 -2.989 54.65
8.640 -0.343 -5.036 -24.863 101.45 -3.139 28.238 55.53
8.692 -0.237 -5.036 -24.863 101.45 -2.403 28.753 56.408
8.744 -0.214 70.645 6.762 -5.468 -2.108 -3.116 55.153
8.799 -0.229 -5.036 -24.863 101.45 -2.229 28.875 56.038
8.849 -0.175 67.922 6.762 -5.685 -1.778 -2.95 54.789
8.901 -0.076 -5.036 -24.863 101.45 -0.851 29.839 55.697
8.951 -0.229 71.734 7.364 -5.861 -2.126 -3.246 54.445
9.007 -0.717 -5.036 -24.863 101.45 -6.687 25.754 55.287
9.059 -0.397 -5.036 -24.863 101.45 -4.313 27.416 56.151
9.111 -0.237 71.19 7.665 -6.145 -2.556 -3.633 54.884
9.165 -0.206 -5.036 -24.863 101.45 -2.125 28.947 55.775
9.220 -0.198 70.372 6.913 -5.61 -2.032 -3.105 54.53
9.274 -0.267 -5.036 -24.863 101.45 -2.674 28.563 55.42
9.326 -0.206 -5.036 -24.863 101.45 -2.188 28.903 56.302
9.378 -0.313 69.283 7.515 -6.191 -3.141 -4.056 55.025
9.431 -0.305 -5.036 -24.863 101.45 -3.189 28.203 55.902
9.484 -0.252 69.556 7.665 -6.289 -2.695 -3.773 54.636
9.537 -0.267 -5.036 -24.863 101.45 -2.798 28.476 55.524
9.589 -0.237 71.461 6.611 -5.286 -2.54 -3.364 54.286
9.647 -0.206 -5.036 -24.863 101.45 -2.224 28.878 55.186
9.699 -0.32 -5.036 -24.863 101.45 -3.31 28.118 56.059
9.750 -0.267 70.917 7.815 -6.289 -2.923 -3.933 54.79
9.806 -0.313 -5.036 -24.863 101.45 -3.336 28.1 55.67
9.860 -0.168 70.372 6.31 -5.124 -1.969 -2.915 54.441
9.913 -0.298 -5.036 -24.863 101.45 -3.122 28.25 55.328
9.965 -0.229 71.461 6.009 -4.807 -2.58 -3.248 54.104
10.019 -0.259 -5.036 -24.863 101.45 -2.824 28.458 55.002
10.074 -0.343 -5.036 -24.863 101.45 -3.714 27.835 55.876
10.125 -0.275 69.283 6.913 -5.698 -3.127 -3.898 54.621
10.177 -0.183 -5.036 -24.863 101.45 -2.137 28.939 55.518
10.229 -0.313 69.556 7.364 -6.043 -3.385 -4.182 54.258
10.285 -0.275 -5.036 -24.863 101.45 -3.141 28.236 55.151
10.335 -0.237 -5.036 -24.863 101.45 -2.724 28.528 56.034
10.386 -0.328 70.372 7.214 -5.853 -3.644 -4.307 54.769
10.438 -0.351 -5.036 -24.863 101.45 -3.992 27.641 55.645
10.494 -0.214 69.828 6.913 -5.654 -2.597 -3.514 54.402
10.547 -0.29 -5.036 -24.863 101.45 -3.273 28.144 55.29
10.597 -0.282 71.734 6.461 -5.147 -3.278 -3.839 54.055
10.650 -0.29 -5.036 -24.863 101.45 -3.37 28.076 54.95
10.705 -0.282 -5.036 -24.863 101.45 -3.309 28.119 55.831
10.756 -0.275 70.645 6.461 -5.226 -3.24 -3.836 54.587
10.809 -0.366 -5.036 -24.863 101.45 -4.231 27.473 55.465
10.860 -0.168 67.651 7.515 -6.339 -2.19 -3.435 54.216
10.913 -0.237 -5.036 -24.863 101.45 -2.754 28.507 55.114
10.966 -0.29 -5.036 -24.863 101.45 -3.417 28.043 55.992
11.018 -0.206 71.19 6.762 -5.426 -2.56 -3.42 54.749
11.073 -0.244 -5.036 -24.863 101.45 -2.908 28.399 55.638
11.127 -0.206 71.734 6.762 -5.385 -2.536 -3.391 54.401
11.181 -0.183 -5.036 -24.863 101.45 -2.252 28.859 55.302
11.232 -0.351 71.19 5.858 -4.704 -4.125 -4.299 54.069
11.289 -0.084 -5.036 -24.863 101.45 -1.299 29.526 54.987
11.342 -0.275 -5.036 -24.863 101.45 -3.203 28.193 55.869
11.393 -0.328 70.372 6.611 -5.367 -4.012 -4.418 54.616
11.445 -0.32 -5.036 -24.863 101.45 -3.99 27.642 55.499
11.499 -0.443 70.101 6.159 -5.021 -5.414 -5.296 54.246
11.553 -0.114 -5.036 -24.863 101.45 -1.76 29.203 55.157
11.605 -0.168 70.101 6.762 -5.51 -2.064 -3.098 53.931
11.657 -0.267 -5.036 -24.863 101.45 -3.28 28.139 54.831
11.708 -0.282 -5.036 -24.863 101.45 -3.569 27.937 55.714
11.760 -0.328 70.917 8.117 -6.53 -4.139 -4.856 54.442
11.814 -0.237 -5.036 -24.863 101.45 -3.128 28.245 55.337
11.868 -0.259 70.917 6.31 -5.085 -3.311 -3.843 54.106
11.921 -0.237 -5.036 -24.863 101.45 -3.084 28.276 55.006
11.975 -0.336 -5.036 -24.863 101.45 -4.261 27.452 55.881
12.029 -0.221 70.372 7.214 -5.853 -2.994 -3.852 54.631
12.082 -0.305 -5.036 -24.863 101.45 -3.906 27.701 55.515
12.134 -0.267 69.283 6.611 -5.451 -3.545 -4.117 54.274
12.192 -0.198 -5.036 -24.863 101.45 -2.681 28.558 55.175
12.246 -0.282 70.101 7.364 -5.997 -3.651 -4.355 53.927
12.298 -0.282 -5.036 -24.863 101.45 -3.75 27.81 54.825
12.350 -0.252 -5.036 -24.863 101.45 -3.394 28.059 55.712
12.408 -0.259 70.917 6.611 -5.326 -3.466 -4.024 54.471
12.462 -0.267 -5.036 -24.863 101.45 -3.586 27.925 55.362
12.513 -0.153 69.828 7.214 -5.898 -2.181 -3.296 54.127
12.568 -0.282 -5.036 -24.863 101.45 -3.697 27.847 55.022
12.624 -0.259 71.734 7.364 -5.861 -3.552 -4.245 53.782
12.677 -0.29 -5.036 -24.863 101.45 -3.935 27.68 54.682
12.729 -0.282 -5.036 -24.863 101.45 -3.88 27.719 55.568
12.781 -0.252 70.101 7.063 -5.753 -3.503 -4.178 54.322
12.843 -0.305 -5.036 -24.863 101.45 -4.169 27.517 55.212
12.897 -0.275 71.734 7.665 -6.099 -3.852 -4.526 53.962
12.952 -0.267 -5.036 -24.863 101.45 -3.733 27.822 54.862
13.006 -0.252 71.734 7.364 -5.861 -3.545 -4.24 53.625
13.060 -0.198 -5.036 -24.863 101.45 -2.838 28.448 54.537
13.112 -0.237 -5.036 -24.863 101.45 -3.306 28.121 55.432
13.163 -0.313 68.467 6.159 -5.14 -4.357 -4.592 54.194
13.219 -0.191 -5.036 -24.863 101.45 -2.838 28.448 55.099
13.273 -0.313 69.012 7.364 -6.091 -4.345 -4.869 53.847
13.327 -0.259 -5.036 -24.863 101.45 -3.765 27.8 54.75
13.378 -0.137 70.917 6.913 -5.568 -2.092 -3.135 53.534
13.433 -0.229 -5.036 -24.863 101.45 -3.213 28.186 54.445
13.489 -0.275 -5.036 -24.863 101.45 -3.938 27.678 55.338
13.543 -0.183 69.012 6.159 -5.1 -2.753 -3.457 54.117
13.597 -0.244 -5.036 -24.863 101.45 -3.501 27.984 55.018
13.649 -0.305 69.283 8.117 -6.682 -4.407 -5.089 53.758
13.708 -0.259 -5.036 -24.863 101.45 -3.855 27.736 54.662
13.760 -0.275 72.006 6.31 -5.008 -4.043 -4.332 53.444
13.816 -0.29 -5.036 -24.863 101.45 -4.282 27.438 54.351
13.875 -0.244 70.101 6.762 -5.51 -3.675 -4.225 53.131
13.930 -0.214 -5.036 -24.863 101.45 -3.225 28.178 54.052
13.984 -0.237 -5.036 -24.863 101.45 -3.528 27.965 54.955
14.037 -0.267 70.645 7.063 -5.709 -3.985 -4.502 53.72
14.096 -0.29 -5.036 -24.863 101.45 -4.355 27.386 54.623
14.150 -0.252 70.372 8.418 -6.821 -3.856 -4.746 53.373
14.203 -0.298 -5.036 -24.863 101.45 -4.484 27.296 54.28
14.254 -0.183 72.006 6.009 -4.77 -2.906 -3.465 53.084
14.307 -0.298 -5.036 -24.863 101.45 -4.446 27.323 53.996
14.362 -0.282 -5.036 -24.863 101.45 -4.348 27.391 54.896
14.416 -0.328 70.101 6.461 -5.266 -5.01 -5.087 53.665
14.469 -0.267 -5.036 -24.863 101.45 -4.191 27.501 54.571
14.520 -0.313 71.734 6.159 -4.907 -4.812 -4.84 53.353
14.577 -0.191 -5.036 -24.863 101.45 -3.097 28.267 54.273
14.630 -0.214 -5.036 -24.863 101.45 -3.322 28.11 55.176
14.681 -0.305 68.196 7.214 -6.038 -4.692 -5.096 53.928
14.734 -0.259 -5.036 -24.863 101.45 -4.121 27.55 54.831
14.790 -0.237 71.461 7.515 -6.003 -3.764 -4.436 53.596
14.844 -0.32 -5.036 -24.863 101.45 -4.987 26.944 54.498
14.895 -0.206 70.645 6.159 -4.983 -3.388 -3.866 53.291
14.948 -0.237 -5.036 -24.863 101.45 -3.749 27.811 54.207
