time gyroz magX magY yaw_mag yaw_gyro yaw_cf yaw_kf
0.202 -0.191 -5.036 -24.863 101.45 -0.039 30.408 80.807
0.252 -0.168 63.294 2.093 -1.894 -0.233 -0.731 43.958
0.304 -0.259 -5.036 -24.863 101.45 -0.247 30.262 61.657
0.354 -0.275 65.744 2.244 -1.955 -0.356 -0.836 46.629
0.406 -0.267 -5.036 -24.863 101.45 -0.383 30.167 57.069
0.456 -0.237 -5.036 -24.863 101.45 -0.375 30.172 64.169
0.505 -0.229 65.744 2.244 -1.955 -0.353 -0.834 54.978
0.556 -0.137 -5.036 -24.863 101.45 -0.305 30.222 60.621
0.605 -0.244 66.833 2.545 -2.181 -0.285 -0.854 53.749
0.656 -0.244 -5.036 -24.863 101.45 -0.404 30.152 58.415
0.705 -0.183 -5.036 -24.863 101.45 -0.373 30.174 62.26
0.755 -0.252 63.839 2.395 -2.149 -0.373 -0.906 56.899
0.807 -0.175 -5.036 -24.863 101.45 -0.393 30.16 60.29
0.857 -0.275 -5.036 -24.863 101.45 -0.411 30.147 63.203
0.907 -0.237 64.928 2.395 -2.113 -0.49 -0.977 58.797
0.958 -0.221 -5.036 -24.863 101.45 -0.449 30.121 61.459
1.007 -0.244 66.289 1.039 -0.898 -0.467 -0.596 57.708
1.058 -0.183 -5.036 -24.863 101.45 -0.438 30.128 60.154
1.107 -0.244 -5.036 -24.863 101.45 -0.453 30.118 62.348
1.157 -0.267 65.473 3.298 -2.884 -0.553 -1.252 58.963
1.208 -0.229 -5.036 -24.863 101.45 -0.544 30.054 61.021
1.258 -0.229 64.928 2.997 -2.643 -0.517 -1.155 57.985
1.310 -0.244 -5.036 -24.863 101.45 -0.549 30.051 59.922
1.360 -0.282 -5.036 -24.863 101.45 -0.628 29.995 61.703
1.409 -0.29 63.567 1.34 -1.208 -0.691 -0.846 59.013
1.460 -0.29 -5.036 -24.863 101.45 -0.713 29.936 60.706
1.509 -0.298 65.473 2.696 -2.358 -0.74 -1.225 58.175
1.560 -0.313 -5.036 -24.863 101.45 -0.786 29.885 59.791
1.609 -0.206 -5.036 -24.863 101.45 -0.644 29.984 61.313
1.658 -0.153 65.473 2.997 -2.621 -0.46 -1.108 58.971
1.710 -0.267 -5.036 -24.863 101.45 -0.61 30.008 60.434
1.760 -0.252 63.839 2.696 -2.418 -0.711 -1.223 58.234
1.812 -0.328 -5.036 -24.863 101.45 -0.846 29.843 59.643
1.862 -0.206 -5.036 -24.863 101.45 -0.712 29.937 60.986
1.911 -0.137 64.112 3.449 -3.079 -0.468 -1.251 58.903
1.962 -0.175 -5.036 -24.863 101.45 -0.48 30.099 60.214
2.011 -0.244 65.2 2.545 -2.235 -0.666 -1.137 58.251
2.062 -0.244 -5.036 -24.863 101.45 -0.747 29.912 59.523
2.111 -0.29 -5.036 -24.863 101.45 -0.856 29.836 60.733
2.161 -0.244 66.017 3.6 -3.121 -0.817 -1.508 58.833
2.212 -0.252 -5.036 -24.863 101.45 -0.801 29.874 60.022
2.262 -0.198 65.744 3.148 -2.741 -0.7 -1.312 58.216
2.314 -0.313 -5.036 -24.863 101.45 -0.922 29.79 59.377
2.365 -0.221 -5.036 -24.863 101.45 -0.836 29.85 60.501
2.416 -0.267 62.75 2.696 -2.46 -0.866 -1.344 58.76
2.467 -0.282 -5.036 -24.863 101.45 -0.963 29.761 59.862
2.517 -0.198 64.384 3.6 -3.2 -0.78 -1.506 58.167
2.568 -0.214 -5.036 -24.863 101.45 -0.748 29.911 59.261
2.618 -0.275 -5.036 -24.863 101.45 -0.934 29.781 60.311
2.668 -0.13 65.2 2.846 -2.499 -0.622 -1.185 58.689
2.719 -0.275 -5.036 -24.863 101.45 -0.878 29.82 59.728
2.769 -0.198 67.106 2.696 -2.301 -0.823 -1.266 58.15
2.820 -0.145 -5.036 -24.863 101.45 -0.607 30.01 59.193
2.870 -0.221 -5.036 -24.863 101.45 -0.779 29.89 60.196
2.919 -0.221 63.023 2.545 -2.312 -0.866 -1.3 58.65
2.971 -0.198 -5.036 -24.863 101.45 -0.809 29.869 59.649
