time gyroz magX magY yaw_mag yaw_gyro yaw_cf yaw_kf
0.396 -0.175 70.645 5.557 -4.498 -0.069 -1.398 -4.642
0.635 -0.16 68.74 7.214 -5.991 -0.277 -1.991 -5.257
0.876 0.603 70.101 5.858 -4.777 0.368 -1.176 -5.082
1.117 -0.29 69.556 5.557 -4.568 0.279 -1.175 -4.974
1.360 -0.16 70.917 6.009 -4.843 -0.508 -1.808 -4.959
1.602 -0.244 70.645 6.159 -4.983 -0.551 -1.881 -4.982
1.843 -0.175 71.19 6.159 -4.945 -0.567 -1.88 -4.993
2.083 -0.252 73.64 5.406 -4.199 -0.7 -1.75 -4.919
2.322 -0.214 69.556 6.159 -5.06 -0.749 -2.042 -4.956
2.560 -0.244 73.095 6.31 -4.934 -0.839 -2.068 -4.979
2.799 -0.282 69.828 6.31 -5.164 -1.033 -2.272 -5.025
3.038 -0.237 71.19 6.762 -5.426 -1.002 -2.329 -5.085
3.277 -0.237 71.734 5.557 -4.43 -1.014 -2.039 -5.063
3.519 -0.16 69.828 5.105 -4.181 -0.8 -1.814 -5.022
