time gyroz magX magY yaw_mag yaw_gyro yaw_cf yaw_kf
0.360 -0.252 6.081 13.91 -66.387 -0.091 -19.98 -67.284
0.572 -1.198 6.081 16.619 -69.902 -0.685 -21.45 -68.518
0.783 0.595 6.346 15.844 -68.172 0.466 -20.125 -68.411
0.995 -0.206 6.346 15.071 -67.165 -0.205 -20.293 -68.144
1.207 -0.259 5.818 15.844 -69.836 -0.313 -21.17 -68.499
1.421 -0.175 6.479 16.038 -68.002 -0.249 -20.575 -68.447
1.633 -0.244 5.818 14.297 -67.857 -0.398 -20.636 -68.397
1.845 -0.214 6.081 15.844 -69.003 -0.395 -20.977 -68.501
2.058 -0.282 5.553 14.683 -69.284 -0.58 -21.191 -68.621
2.271 -0.221 5.818 13.523 -66.721 -0.502 -20.368 -68.466
2.485 -0.252 6.214 16.425 -69.277 -0.626 -21.221 -68.572
2.697 -61.821 8.197 15.458 -62.064 -166.731 -135.331 -72.544
3.154 -87.433 9.52 17.78 -61.834 -95.764 -85.585 -78.563
3.365 -58.952 11.37 18.94 -59.023 -18.373 -30.568 -82.453
3.578 -42.503 14.014 20.1 -55.115 -152.076 -122.988 -84.977
3.784 -30.037 14.676 18.747 -51.945 -113.66 -95.146 -86.466
3.987 -16.777 13.882 19.133 -54.037 -66.89 -63.034 -87.156
4.190 -11.139 15.866 17.005 -46.985 -46.672 -46.766 -87.052
4.396 3.426 15.997 17.972 -48.328 15.061 -3.956 -85.945
4.603 -3.418 15.866 18.94 -50.047 -15.733 -26.027 -85.492
4.810 -9.315 15.601 18.166 -49.344 -44.805 -46.167 -85.501
5.010 -19.15 17.32 16.038 -42.799 -95.941 -79.998 -86.028
5.211 4.913 17.981 17.78 -44.678 25.602 4.518 -84.749
5.412 73.143 15.866 18.166 -48.866 -144.15 -115.565 -78.048
5.616 118.195 13.222 20.488 -57.164 123.783 69.499 -67.839
5.823 120.621 8.726 18.94 -65.264 162.376 94.084 -57.568
6.034 84.755 8.594 16.425 -62.38 -28.588 -38.726 -50.037
6.246 31.761 6.743 12.169 -61.009 18.379 -5.437 -46.899
6.455 -8.301 8.197 12.362 -56.452 -53.583 -54.444 -47.067
6.665 -0.061 6.479 13.716 -64.715 -0.407 -19.699 -46.913
6.874 -4.616 8.462 13.136 -57.211 -31.73 -39.374 -46.947
7.084 -17.792 10.18 14.877 -55.617 -126.039 -104.912 -48.161
7.292 -45.319 9.916 14.491 -55.617 -150.466 -122.011 -51.915
7.502 -47.707 11.106 17.392 -57.439 -177.898 -141.76 -56.058
7.711 -61.714 11.106 16.619 -56.246 64.123 28.012 -61.528
7.921 -79.826 12.031 18.36 -56.764 -92.302 -81.641 -68.77
8.129 -65.269 12.295 17.199 -54.44 9.428 -9.732 -74.712
8.350 -45.921 13.486 16.619 -50.941 156.56 94.31 -78.826
8.560 -14.542 14.279 18.166 -51.832 -124.48 -102.686 -80.074
8.771 1.358 14.279 17.392 -50.614 11.911 -6.846 -79.775
8.979 4.356 14.014 17.005 -50.508 39.113 12.227 -79.152
9.189 29.861 14.411 17.586 -50.667 94.393 50.875 -76.073
9.399 53.917 13.618 17.199 -51.628 -33.234 -38.752 -70.658
9.609 57.32 12.957 17.392 -53.314 10.788 -8.443 -64.879
9.820 51.544 12.56 18.747 -56.179 -33.838 -40.54 -59.665
10.030 46.143 9.916 17.586 -60.583 -77.186 -72.205 -55.042
10.240 48.355 6.875 15.071 -65.479 -44.845 -51.035 -50.296
10.451 29.716 8.462 15.071 -60.687 130.562 73.187 -47.222
10.666 8.995 7.139 13.91 -62.832 95.941 48.309 -46.25
10.875 -16.159 7.139 13.91 -62.832 -175.729 -141.86 -47.797
11.083 -29.015 7.007 14.877 -64.78 -141.573 -118.535 -50.723
11.291 -42.435 6.081 15.844 -69.003 60.866 21.905 -55.151
11.502 -56.923 8.726 18.553 -64.811 -114.728 -99.753 -60.983
11.713 -66.238 8.858 17.586 -63.266 124.154 67.928 -67.775
11.923 -66.254 10.974 18.747 -59.656 110.054 59.141 -74.533
12.140 -70.053 13.618 16.811 -50.99 49.557 19.393 -81.508
12.341 -44.25 13.486 16.619 -50.941 -6.089 -19.545 -85.887
12.542 -4.654 15.205 16.038 -46.527 -58.37 -54.817 -86.111
12.742 32.127 14.147 16.425 -49.261 -130.638 -106.225 -82.59
12.944 56.572 14.014 17.005 -50.508 -167.732 -132.565 -76.518
13.145 63.553 13.486 19.714 -55.625 -64.596 -61.905 -69.773
13.362 59.242 13.75 19.327 -54.57 -108.408 -92.257 -63.386
13.571 65.506 12.428 18.94 -56.728 -11.018 -24.731 -56.356
13.786 63.507 9.255 16.232 -60.31 -24.492 -35.237 -49.58
14.001 58.701 8.726 13.523 -57.167 -78.127 -71.839 -43.213
14.216 -8.873 8.991 13.91 -57.123 -126.139 -105.434 -43.91
14.431 -34.889 8.991 13.91 -57.123 36.517 8.425 -47.386
14.640 -58.365 9.123 16.425 -60.951 45.536 13.59 -53.473
14.859 -68.787 8.991 17.392 -62.663 -122.106 -104.273 -60.757
15.070 -75.706 11.106 18.166 -58.56 119.111 65.81 -68.733
15.284 -80.078 13.486 17.392 -52.209 36.088 9.599 -77.074
15.503 -68.329 14.676 16.425 -48.219 -159.304 -125.978 -84.114
15.704 -0.969 14.808 15.844 -46.936 -15.217 -24.733 -83.987
15.907 46.516 13.486 17.78 -52.82 -160.07 -127.895 -78.902
16.116 83.618 12.693 17.005 -53.261 87.588 45.333 -69.815
16.328 89.249 10.974 17.972 -58.591 -162.742 -131.497 -60.178
16.546 73.227 9.651 18.36 -62.271 -48.386 -52.552 -52.281
16.762 56.343 9.784 17.78 -61.177 44.421 12.742 -46.143
16.977 18.86 7.139 15.071 -64.653 140.186 78.734 -44.092
17.192 -0.237 5.818 15.844 -69.836 -4.075 -23.803 -44.223
17.402 -0.336 7.007 14.104 -63.581 -5.847 -23.167 -44.261
17.610 -0.237 6.875 13.136 -62.374 -4.174 -21.634 -44.291
17.819 -0.351 5.553 14.297 -68.774 -6.254 -25.01 -44.494
18.027 -0.374 6.479 14.491 -65.91 -6.742 -24.492 -44.661
18.236 -0.305 6.214 14.104 -66.222 -5.562 -23.76 -44.847
18.446 -0.29 4.627 14.877 -72.723 -5.349 -25.561 -45.186
18.654 -0.267 5.421 14.491 -69.489 -4.981 -24.333 -45.467
18.864 -0.305 6.214 15.652 -68.346 -5.754 -24.532 -45.742
19.072 -0.275 6.875 13.523 -63.052 -5.245 -22.587 -45.916
19.281 -0.259 6.081 15.458 -68.526 -4.994 -24.054 -46.214
19.493 -0.282 6.081 15.458 -68.526 -5.497 -24.406 -46.523
19.703 -0.336 6.081 14.683 -67.503 -6.62 -24.885 -46.824
19.913 -0.267 6.479 13.33 -64.078 -5.317 -22.945 -47.055
20.121 -0.252 6.214 14.491 -66.789 -5.07 -23.586 -47.346
20.331 -0.175 6.61 15.844 -67.354 -3.558 -22.697 -47.646
20.540 -0.381 5.156 14.491 -70.414 -7.826 -26.602 -48.035
20.751 -0.328 5.685 14.491 -68.579 -6.806 -25.338 -48.383
20.976 -0.305 6.346 15.071 -67.165 -6.398 -24.628 -48.701
21.184 -0.237 6.61 13.91 -64.583 -5.021 -22.89 -48.961
21.394 -0.191 5.553 14.297 -68.774 -4.086 -23.492 -49.304
21.603 -0.252 5.289 15.458 -71.111 -5.444 -25.144 -49.701
21.813 -0.191 5.156 14.491 -70.414 -4.166 -24.04 -50.076
22.027 -0.305 6.081 14.297 -66.958 -6.718 -24.79 -50.391
