time gyroz magX magY yaw_mag yaw_gyro yaw_cf yaw_kf
0.251 -0.214 17.821 19.526 -47.614 -0.268 -14.472 -44.299
0.754 4.478 17.821 17.597 -44.638 7.854 -7.894 -44.353
1.261 -43.335 21.803 16.827 -37.66 -97.98 -79.884 -43.736
1.769 -17.159 22.467 23.766 -46.609 -47.513 -47.242 -44.065
2.277 -15.945 21.471 24.923 -49.255 -52.252 -51.353 -44.558
2.783 -40.642 24.292 24.151 -44.833 -153.749 -121.074 -44.849
3.296 -35.683 27.113 24.923 -42.59 -153.294 -120.083 -44.972
3.802 -24.605 30.763 26.85 -41.115 -118.153 -95.042 -45.022
4.307 -5.844 30.431 27.62 -42.228 -31.014 -34.378 -45.036
4.813 0.145 30.266 27.043 -41.781 0.843 -11.944 -44.988
5.318 -11.467 29.602 26.657 -42.003 -72.449 -63.315 -45.094
5.828 30.769 29.602 26.078 -41.379 30.091 8.65 -44.943
6.334 32.227 29.768 26.85 -42.05 56.353 26.832 -43.218
6.840 42.976 27.113 25.886 -43.674 156.932 96.75 -42.085
7.348 39.352 25.122 24.73 -44.549 148.51 90.592 -41.231
7.853 28.061 21.969 21.646 -44.576 68.424 34.524 -40.68
8.362 -17.036 23.96 21.26 -41.583 -159.491 -124.119 -40.506
8.870 -63.652 23.296 22.224 -43.651 -88.245 -74.867 -40.64
9.378 -56.076 26.117 24.536 -43.212 -41.957 -42.334 -41.49
9.886 -39.566 30.598 27.043 -41.471 109.285 64.058 -41.785
10.395 -13.145 32.091 27.235 -40.321 -149.787 -116.947 -41.85
10.901 -10.864 31.261 26.657 -40.455 -129.292 -102.641 -41.847
11.410 42.32 37.235 25.886 -34.807 -14.809 -20.808 -41.233
11.917 60.989 35.576 28.199 -38.402 -112.205 -90.064 -40.25
12.425 63.759 29.436 26.85 -42.369 -44.035 -43.535 -35.678
12.934 25.07 23.131 21.067 -42.326 169.325 105.83 -35.237
13.444 -49.973 23.96 21.26 -41.583 178.19 112.258 -35.162
13.954 -83.145 22.633 22.801 -45.212 16.65 -1.909 -35.882
14.465 -72.433 34.248 27.428 -38.69 139.824 86.27 -37.985
14.977 -0.191 36.903 26.465 -35.646 -3.052 -12.83 -37.637
15.486 57.251 38.065 26.465 -34.809 43.84 20.245 -37.116
15.994 62.424 36.903 27.813 -37.005 160.833 101.482 -31.558
16.502 50.789 31.925 27.428 -40.667 -11.091 -19.964 -30.101
17.012 15.572 29.768 24.73 -39.718 100.483 58.423 -29.329
17.521 -7.37 29.104 23.958 -39.461 -136.5 -107.388 -28.712
18.029 -2.815 24.292 23.188 -43.668 -53.567 -50.597 -28.138
18.538 -0.32 23.296 22.801 -44.385 -6.252 -17.692 -30.183
19.057 -0.313 24.126 22.416 -42.896 -6.278 -17.263 -33.911
19.567 -0.244 23.131 23.38 -45.307 -5.018 -17.105 -35.589
20.075 -0.313 22.965 23.766 -45.982 -6.596 -18.412 -36.359
20.584 -0.252 23.296 22.801 -44.385 -5.439 -17.123 -37.394
21.095 -0.282 24.126 23.38 -44.1 -6.231 -17.592 -37.677
21.606 -0.282 24.126 23.38 -44.1 -6.375 -17.692 -38.241
22.122 -0.427 23.96 23.188 -44.062 -9.873 -20.13 -38.444
22.630 -0.29 23.628 23.188 -44.462 -6.853 -18.136 -38.666
