time gyroz magX magY yaw_mag yaw_gyro yaw_cf yaw_kf
0.212 0.031 -26.735 -26.766 134.967 0.038 40.517 -90.766
0.511 -6.378 -6.039 18.474 -108.102 -9.637 -39.176 -92.208
0.814 0.244 -26.735 -26.766 134.967 0.443 40.8 -76.753
1.117 0.946 -6.16 17.295 -109.604 2.003 -31.479 -78.745
1.419 1.16 -4.578 16.588 -105.429 2.806 -29.664 -80.156
1.718 -16.891 -26.735 -26.766 134.967 -45.91 8.353 -68.065
2.017 -6.645 -2.143 16.588 -97.361 -20.048 -43.242 -69.945
2.320 -10.788 -26.735 -26.766 134.967 -35.816 15.419 -59.33
2.619 10.391 -26.735 -26.766 134.967 37.605 66.814 -48.733
2.921 -2.274 -3.847 14.703 -104.663 -8.916 -37.64 -51.542
3.222 -0.175 -26.735 -26.766 134.967 -0.739 39.973 -42.866
3.521 -0.847 -4.334 17.06 -104.254 -3.829 -33.956 -45.643
3.822 -0.267 -4.213 17.295 -103.69 -1.287 -32.008 -48.234
4.120 -0.259 -26.735 -26.766 134.967 -1.326 39.562 -41.285
4.419 -0.221 -4.456 17.767 -104.079 -1.198 -32.062 -43.698
4.720 -0.198 -26.735 -26.766 134.967 -1.133 39.697 -37.343
5.017 -0.328 -26.735 -26.766 134.967 -1.974 39.108 -31.39
5.316 -0.198 -5.065 18.474 -105.332 -1.251 -32.475 -33.928
5.620 -0.244 -26.735 -26.766 134.967 -1.615 39.36 -28.45
5.925 -0.298 -4.7 17.295 -105.203 -2.064 -33.006 -30.932
6.230 -0.214 -26.735 -26.766 134.967 -1.547 39.407 -25.892
6.534 -0.298 -26.735 -26.766 134.967 -2.245 38.919 -21.174
6.837 -0.313 -4.943 19.18 -104.452 -2.453 -33.053 -23.636
7.139 -0.221 -26.735 -26.766 134.967 -1.799 39.231 -19.199
7.438 -0.229 -5.43 18.709 -106.185 -1.932 -33.208 -21.591
7.743 -0.267 -4.578 17.531 -104.635 -2.334 -33.024 -23.838
8.041 -0.381 -26.735 -26.766 134.967 -3.445 38.079 -19.78
8.338 -0.366 -4.943 18.709 -104.8 -3.418 -33.833 -21.968
8.638 -0.336 -26.735 -26.766 134.967 -3.238 38.224 -18.181
8.936 -0.252 -26.735 -26.766 134.967 -2.504 38.737 -14.561
9.235 -0.252 -5.065 18.474 -105.332 -2.579 -33.405 -16.722
9.537 -0.183 -26.735 -26.766 134.967 -1.928 39.14 -13.299
9.839 -0.336 -26.735 -26.766 134.967 -3.642 37.941 -10.034
10.137 -0.275 -4.943 16.824 -106.373 -3.063 -34.056 -12.184
10.438 -0.313 -26.735 -26.766 134.967 -3.58 37.984 -9.064
10.742 -0.343 -5.065 17.06 -106.536 -4.028 -34.78 -11.162
11.046 -0.336 -26.735 -26.766 134.967 -4.047 37.657 -8.215
11.347 -0.198 -4.456 17.767 -104.079 -2.445 -32.935 -10.184
11.660 -0.328 -4.578 19.416 -103.267 -4.152 -33.886 -12.077
11.967 -0.168 -26.735 -26.766 134.967 -2.178 38.966 -9.242
12.265 -0.244 -4.578 16.588 -105.429 -3.237 -33.895 -11.112
12.566 -0.214 -26.735 -26.766 134.967 -2.903 38.458 -8.415
12.863 -0.366 -26.735 -26.766 134.967 -5.074 36.938 -5.824
13.160 -0.282 -4.821 18.002 -104.992 -3.993 -34.293 -7.654
13.463 -0.252 -26.735 -26.766 134.967 -3.645 37.939 -5.17
13.760 -0.298 -4.334 17.06 -104.254 -4.398 -34.355 -6.951
14.059 -0.183 -4.091 17.531 -103.135 -2.756 -32.87 -8.642
14.359 -0.252 -26.735 -26.766 134.967 -3.87 37.781 -6.266
14.659 -0.259 -4.091 17.531 -103.135 -4.056 -33.78 -7.916
14.960 -0.381 -26.735 -26.766 134.967 -6.081 36.233 -5.62
15.264 -0.29 -26.735 -26.766 134.967 -4.717 37.188 -3.4
15.569 -0.282 -4.578 16.117 -105.857 -4.672 -35.027 -5.057
15.872 -0.221 -26.735 -26.766 134.967 -3.729 37.88 -2.925
16.175 -0.313 -4.213 14.939 -105.749 -5.376 -35.488 -4.549
16.478 -0.343 -26.735 -26.766 134.967 -5.995 36.294 -2.499
16.776 -0.267 -26.735 -26.766 134.967 -4.746 37.168 -0.495
17.077 -0.305 -4.091 17.06 -103.485 -5.513 -34.905 -2.049
17.379 -0.214 -26.735 -26.766 134.967 -3.933 37.737 -0.091
17.677 -0.237 -4.213 16.824 -104.059 -4.426 -34.316 -1.615
17.977 -0.32 -3.726 18.238 -101.547 -6.073 -34.715 -3.088
18.274 -0.313 -26.735 -26.766 134.967 -6.033 36.267 -1.237
18.575 -0.313 -4.456 16.824 -104.835 -6.127 -35.739 -2.706
18.877 -0.259 -26.735 -26.766 134.967 -5.148 36.887 -0.867
19.184 -0.313 -26.735 -26.766 134.967 -6.318 36.068 0.893
19.483 -0.259 -5.308 16.588 -107.744 -5.305 -36.037 -0.571
19.791 -0.214 -26.735 -26.766 134.967 -4.449 37.376 1.15
20.088 -0.305 -4.578 17.06 -105.021 -6.432 -36.009 -0.258
20.391 -0.374 -26.735 -26.766 134.967 -8.0 34.89 1.418
20.699 -0.267 -26.735 -26.766 134.967 -5.794 36.434 3.044
21.004 -0.229 -4.821 18.474 -104.626 -5.039 -34.915 1.67
21.309 -0.275 -26.735 -26.766 134.967 -6.135 36.196 3.26
21.612 -0.267 -4.213 16.824 -104.059 -6.037 -35.444 1.924
21.916 -0.191 -26.735 -26.766 134.967 -4.377 37.426 3.478
22.215 -0.298 -26.735 -26.766 134.967 -6.918 35.648 5.01
22.513 -0.221 -4.091 18.945 -102.185 -5.196 -34.293 3.722
22.817 -0.221 -26.735 -26.766 134.967 -5.264 36.805 5.194
23.115 -0.313 -4.091 16.588 -103.854 -7.548 -36.44 3.896
23.419 -0.305 -4.578 16.588 -105.429 -7.448 -36.842 2.613
23.723 -0.282 -26.735 -26.766 134.967 -6.972 35.61 4.051
24.019 -0.252 -4.213 18.238 -103.007 -6.305 -35.316 2.83
24.319 -0.298 -26.735 -26.766 134.967 -7.545 35.209 4.238
24.621 -0.32 -26.735 -26.766 134.967 -8.199 34.751 5.59
24.924 -0.267 -4.213 18.238 -103.007 -6.922 -35.748 4.376
25.226 -0.198 -26.735 -26.766 134.967 -5.193 36.855 5.733
25.524 -0.244 -3.604 16.588 -102.258 -6.472 -35.208 4.549
25.827 -0.237 -5.186 17.295 -106.692 -6.358 -36.458 3.352
26.125 -0.397 -26.735 -26.766 134.967 -10.769 32.952 4.657
26.428 -0.221 -4.821 18.945 -104.277 -6.062 -35.526 3.516
26.732 -0.168 -26.735 -26.766 134.967 -4.659 37.229 4.821
27.030 -0.29 -4.578 17.531 -104.635 -8.129 -37.081 3.672
27.334 4.715 -4.943 17.767 -105.547 133.595 61.852 2.56
27.632 -8.659 -26.735 -26.766 134.967 -67.924 -7.057 3.843
27.935 -14.908 -1.169 28.369 -92.36 108.637 48.338 2.817
28.239 -22.865 -26.735 -26.766 134.967 -128.55 -49.495 4.124
28.541 -48.004 -26.735 -26.766 134.967 -158.086 -70.17 5.468
28.843 -9.415 7.11 24.128 -73.581 -100.972 -92.755 4.555
29.145 -69.977 -26.735 -26.766 134.967 -129.457 -50.13 5.863
29.443 -80.872 8.327 30.726 -74.837 -121.986 -107.841 4.736
29.745 -20.95 -26.735 -26.766 134.967 -104.108 -32.385 6.044
30.042 -10.231 -26.735 -26.766 134.967 -137.591 -55.824 7.331
30.344 -10.925 9.301 26.956 -70.963 -162.433 -134.992 6.385
30.644 22.461 -26.735 -26.766 134.967 170.756 160.019 7.735
30.944 90.149 -26.735 -26.766 134.967 179.72 166.294 9.121
31.245 83.763 9.788 24.599 -68.302 0.938 -19.834 8.478
31.548 67.146 -26.735 -26.766 134.967 -154.532 -67.682 9.939
31.849 51.903 3.822 19.652 -78.994 84.962 35.775 9.124
32.150 27.657 -26.735 -26.766 134.967 16.83 52.271 10.419
32.449 4.333 -26.735 -26.766 134.967 144.935 141.945 11.629
32.747 -4.501 5.04 19.18 -75.277 -151.895 -128.91 10.744
33.047 -0.389 -26.735 -26.766 134.967 -13.244 31.219 11.944
33.348 -0.229 3.092 19.18 -80.842 -7.866 -29.759 11.044
33.653 -0.275 2.24 17.531 -82.719 -9.53 -31.487 10.093
33.950 -0.305 -26.735 -26.766 134.967 -10.66 33.028 11.187
34.257 -0.259 2.605 18.238 -81.871 -9.132 -30.954 10.268
34.562 -0.275 -26.735 -26.766 134.967 -9.78 33.644 11.345
34.865 -0.153 3.701 18.945 -78.946 -5.487 -27.525 10.491
35.171 -0.198 2.483 17.06 -81.719 -7.162 -29.529 9.621
35.474 -0.282 -26.735 -26.766 134.967 -10.286 33.29 10.674
35.778 -0.275 4.188 19.416 -77.828 -10.114 -30.428 9.828
36.082 -0.252 -26.735 -26.766 134.967 -9.345 33.949 10.881
36.385 -0.29 3.092 17.295 -79.864 -10.842 -31.549 10.03
36.691 -0.237 2.97 18.474 -80.867 -8.933 -30.513 9.201
36.994 -0.237 -26.735 -26.766 134.967 -9.005 34.187 10.246
37.298 -0.343 2.97 18.474 -80.867 -13.136 -33.455 9.415
37.603 -0.259 -26.735 -26.766 134.967 -9.998 33.492 10.437
37.907 -0.336 3.214 18.474 -80.131 -13.073 -33.19 9.619
38.214 -0.237 -26.735 -26.766 134.967 -9.294 33.984 10.633
38.518 -0.267 -26.735 -26.766 134.967 -10.551 33.104 11.613
38.819 -0.183 2.605 18.238 -81.871 -7.287 -29.662 10.822
39.121 -0.282 -26.735 -26.766 134.967 -11.314 32.57 11.802
