time gyroz magX magY yaw_mag yaw_gyro yaw_cf yaw_kf
0.325 -0.229 29.853 8.874 -16.555 -0.229 -17.649
0.499 -1.686 29.577 11.841 -21.818 -0.167 -19.597
0.676 3.342 30.038 11.571 -21.067 -0.02 -19.903
0.850 -0.237 29.485 12.651 -23.223 0.25 -20.675
1.024 -0.16 29.485 12.112 -22.332 0.216 -20.985
1.202 -0.839 29.946 11.841 -21.574 0.127 -21.123
1.377 -0.252 29.115 12.651 -23.486 0.031 -21.467
1.551 -0.511 29.761 11.841 -21.696 -0.035 -21.531
1.723 0.481 29.392 11.302 -21.033 -0.038 -21.449
1.897 -1.457 29.761 13.46 -24.336 -0.123 -21.838
2.069 -0.298 29.853 11.571 -21.186 -0.274 -21.813
2.244 -1.35 29.207 10.223 -19.291 -0.418 -21.715
2.418 -0.404 29.485 11.032 -20.514 -0.57 -21.673
2.594 -0.549 28.838 12.92 -24.133 -0.654 -21.91
2.766 0.336 29.207 9.684 -18.344 -0.673 -21.668
2.941 0.534 29.669 11.571 -21.306 -0.596 -21.622
3.113 -0.809 28.931 11.032 -20.873 -0.62 -21.653
3.287 0.015 29.485 9.952 -18.651 -0.689 -21.498
3.459 0.458 29.853 12.112 -22.083 -0.649 -21.508
3.633 -0.336 29.115 10.493 -19.819 -0.638 -21.459
3.805 -0.244 29.853 10.493 -19.366 -0.688 -21.387
3.980 -0.145 29.392 12.38 -22.841 -0.722 -21.479
4.152 0.282 29.023 13.999 -25.75 -0.71 -21.662
4.326 0.458 29.207 10.762 -20.227 -0.646 -21.571
4.501 -0.9 29.485 12.112 -22.332 -0.684 -21.685
4.677 0.145 29.485 12.651 -23.223 -0.751 -21.746
4.851 -0.366 29.577 12.92 -23.597 -0.77 -21.859
5.024 0.351 29.207 10.762 -20.227 -0.771 -21.776
5.196 -0.397 29.761 11.841 -21.696 -0.775 -21.815
