time gyroz magX magY yaw_mag yaw_gyro yaw_cf yaw_kf
0.356 -0.198 44.189 34.477 -37.962 -0.07 -37.962
0.562 0.435 43.834 35.906 -39.322 0.046 -38.553
0.769 0.252 45.609 34.834 -37.371 0.629 -38.168
0.984 -0.313 44.544 35.906 -38.872 -0.056 -38.345
1.187 -0.259 43.834 34.12 -37.897 -0.62 -38.274
1.392 -0.29 43.479 34.12 -38.123 -0.663 -38.269
1.600 -0.237 42.415 34.12 -38.814 -0.669 -38.365
1.810 -0.259 44.189 34.477 -37.962 -0.706 -38.339
2.016 -0.252 44.012 34.299 -37.93 -0.767 -38.319
2.225 -0.252 44.367 36.442 -39.399 -0.813 -38.451
2.434 -0.336 45.432 35.013 -37.62 -1.07 -38.409
2.644 -0.305 44.544 34.477 -37.74 -1.142 -38.385
2.852 -0.221 44.367 34.656 -37.994 -0.935 -38.382
3.060 -0.267 43.479 34.12 -38.123 -1.038 -38.394
3.268 -0.298 43.479 34.12 -38.123 -1.241 -38.41
3.476 -0.244 44.189 35.192 -38.534 -1.146 -38.448
3.680 -0.328 43.479 35.906 -39.551 -1.451 -38.55
3.884 -0.275 43.657 34.299 -38.155 -1.396 -38.561
4.092 -0.328 44.367 35.013 -38.279 -1.617 -38.584
4.301 -0.206 41.882 36.085 -40.748 -1.214 -38.725
4.507 -0.237 44.189 33.048 -36.792 -1.274 -38.662
4.716 -0.259 45.254 34.12 -37.015 -1.458 -38.618
4.925 -0.237 44.012 35.37 -38.787 -1.426 -38.658
5.133 -0.244 45.254 34.477 -37.302 -1.489 -38.631
5.341 -0.366 43.657 33.584 -37.57 -2.199 -38.628
5.549 -0.282 44.367 35.013 -38.279 -1.931 -38.65
5.758 -0.229 44.012 34.299 -37.93 -1.601 -38.654
5.968 -0.275 44.899 35.549 -38.371 -1.87 -38.679
6.181 -0.366 43.479 35.906 -39.551 -2.537 -38.753
6.389 -0.328 43.657 35.728 -39.296 -2.462 -38.813
6.597 -0.313 43.834 34.834 -38.473 -2.393 -38.841
6.805 -0.298 42.592 35.37 -39.708 -2.341 -38.909
7.012 -0.282 44.367 33.584 -37.124 -2.275 -38.887
7.214 -0.244 44.012 33.941 -37.639 -2.042 -38.881
7.418 -0.244 44.189 33.763 -37.382 -2.054 -38.868
7.625 -0.16 44.012 34.656 -38.218 -1.464 -38.876
7.834 -0.259 43.302 34.299 -38.382 -2.189 -38.897
8.038 -0.366 44.012 34.656 -38.218 -3.201 -38.92
8.243 -0.244 42.769 35.192 -39.449 -2.377 -38.97
8.452 -0.252 44.012 35.013 -38.503 -2.374 -38.992
8.662 -0.282 42.237 36.799 -41.064 -2.695 -39.088
8.870 -0.305 44.012 34.656 -38.218 -2.987 -39.104
9.081 -0.229 44.012 33.584 -37.346 -2.385 -39.09
9.290 -0.252 43.479 35.192 -38.987 -2.57 -39.123
9.496 -0.237 42.947 34.299 -38.612 -2.503 -39.144
9.708 -0.259 43.834 35.549 -39.042 -2.751 -39.177
9.914 -0.282 44.012 35.013 -38.503 -3.055 -39.197
10.119 -0.183 44.189 35.192 -38.534 -2.134 -39.211
10.326 -0.267 42.769 35.549 -39.733 -2.94 -39.261
10.533 -0.229 42.947 34.299 -38.612 -2.679 -39.279
10.745 -0.259 43.834 34.834 -38.473 -3.012 -39.295
10.952 -0.32 43.124 34.12 -38.351 -3.764 -39.313
11.159 -0.267 43.657 33.584 -37.57 -3.299 -39.308
11.367 -0.298 42.947 34.299 -38.612 -3.654 -39.33
11.572 -0.351 44.367 35.013 -38.279 -4.36 -39.348
