time gyroz magX magY yaw_mag yaw_gyro yaw_cf yaw_kf
0.351 -0.244 1.322 8.106 -80.737 -0.086 -80.351
0.553 -0.252 0.264 5.398 -87.2 -0.383 -83.422
0.755 -2.457 1.983 6.751 -73.631 -2.107 -80.557
0.956 -0.221 1.719 6.365 -74.887 -2.668 -79.285
1.155 -0.175 1.983 6.751 -73.631 -0.423 -78.261
1.357 -0.16 1.851 6.945 -75.076 -0.392 -77.799
1.557 -0.229 1.719 6.365 -74.887 -0.517 -77.446
1.758 -0.305 2.38 7.332 -72.016 -0.765 -76.837
1.959 -0.206 3.306 4.043 -50.727 -0.709 -74.037
2.160 -0.175 1.454 7.139 -78.488 -0.584 -74.515
2.365 -0.267 2.644 6.171 -66.807 -0.806 -73.867
2.569 -0.229 2.38 7.719 -72.864 -0.855 -73.826
2.776 -0.214 1.983 7.139 -74.476 -0.823 -73.915
2.982 -0.244 0.925 6.365 -81.731 -0.942 -74.515
3.187 -0.221 0.661 7.526 -84.981 -0.948 -75.257
3.388 -0.214 1.851 5.784 -72.254 -0.946 -75.108
3.589 -0.206 1.851 6.559 -74.241 -0.953 -75.095
3.794 -1.389 1.19 6.751 -80.003 -5.476 -75.495
3.995 -2.113 2.38 6.945 -71.084 -9.83 -75.438
4.198 -0.16 1.851 6.171 -73.303 -2.785 -75.374
4.398 -0.214 1.851 6.171 -73.303 -1.101 -75.321
4.600 -0.183 1.719 5.978 -73.957 -1.056 -75.302
4.805 -0.298 2.38 7.332 -72.016 -1.615 -75.206
5.006 -0.275 2.644 6.559 -68.045 -1.675 -74.944
5.207 -0.198 1.983 5.59 -70.468 -1.306 -74.799
5.408 -0.153 1.058 6.171 -80.271 -1.025 -75.061
5.609 -0.175 1.454 7.139 -78.488 -1.135 -75.237
5.810 -0.366 0.793 5.784 -82.193 -2.301 -75.557
6.012 -0.29 1.454 5.204 -74.39 -2.109 -75.563
6.217 -0.282 2.38 6.559 -70.056 -2.043 -75.413
6.425 -0.191 0.661 6.751 -84.408 -1.509 -75.77
6.626 -0.298 2.115 6.559 -72.128 -2.166 -75.695
6.826 -0.198 1.851 5.784 -72.254 -1.65 -75.622
7.037 -0.214 2.115 5.784 -69.914 -1.704 -75.478
7.245 -0.305 2.512 6.751 -69.59 -2.424 -75.338
7.446 -0.229 1.719 7.139 -76.461 -2.01 -75.415
7.653 -0.198 1.454 7.912 -79.587 -1.744 -75.581
7.860 -0.191 2.248 7.139 -72.521 -1.699 -75.528
8.061 -0.282 1.454 5.978 -76.33 -2.464 -75.597
8.263 -0.32 1.058 6.171 -80.271 -2.926 -75.779
8.463 -0.191 1.983 5.978 -71.648 -1.936 -75.7
8.664 -0.252 0.264 8.106 -88.135 -2.374 -76.089
8.864 -0.267 1.851 5.784 -72.254 -2.619 -76.028
9.067 -0.191 2.644 5.784 -65.434 -1.999 -75.781
9.272 -0.198 2.512 5.978 -67.207 -2.027 -75.591
9.473 -0.343 1.719 6.751 -75.714 -3.447 -75.642
9.677 -0.191 1.983 7.526 -75.239 -2.191 -75.667
9.883 -0.122 1.454 5.978 -76.33 -1.397 -75.715
10.090 -0.244 1.058 5.011 -78.078 -2.584 -75.814
10.291 -0.206 1.851 6.171 -73.303 -2.364 -75.788
10.493 -0.214 1.454 6.365 -77.132 -2.452 -75.858
10.692 -0.313 1.719 6.751 -75.714 -3.561 -75.899
10.893 -0.267 2.777 4.431 -57.924 -3.221 -75.509
11.093 -0.221 1.851 8.106 -77.137 -2.719 -75.583
11.296 -0.267 2.512 7.139 -70.615 -3.237 -75.506
11.496 -0.29 2.644 5.398 -63.904 -3.601 -75.276
11.698 -0.282 2.248 8.299 -74.844 -3.589 -75.305
11.899 -0.191 0.661 6.751 -84.408 -2.555 -75.544
12.101 -0.214 1.587 6.171 -75.578 -2.781 -75.58
12.306 -0.305 1.19 5.978 -78.742 -3.967 -75.692
12.506 -0.252 2.248 7.139 -72.521 -3.457 -75.659
12.707 -0.305 1.587 6.171 -75.578 -4.128 -75.698
12.908 -0.191 2.115 5.398 -68.604 -2.77 -75.576
13.110 -0.084 1.587 6.559 -76.398 -1.292 -75.618
13.310 -0.237 2.115 6.559 -72.128 -3.238 -75.578
13.512 -0.259 2.115 6.945 -73.063 -3.737 -75.56
13.712 -0.237 1.983 6.365 -72.696 -3.509 -75.534
13.915 -0.275 1.454 5.59 -75.42 -4.064 -75.569
14.120 -6.264 2.248 6.751 -71.583 -88.723 -75.969
14.320 -39.505 3.173 8.106 -68.623 -31.976 -78.79
14.522 -59.334 4.098 9.073 -65.693 -1.153 -83.036
14.742 -29.076 3.702 11.588 -72.283 52.028 -85.162
14.972 -14.839 4.76 14.297 -71.585 -71.246 -86.209
15.186 -21.278 7.007 14.491 -64.194 -157.967 -87.584
15.395 -25.467 5.421 13.33 -67.87 126.658 -89.347
15.603 -50.827 6.081 14.683 -67.503 81.479 -92.997
15.811 -27.184 7.139 16.232 -66.26 59.367 -94.853
16.019 -4.082 6.61 15.844 -67.354 -92.574 -94.998
16.227 15.335 8.329 14.877 -60.757 64.759 -93.552
16.435 29.648 10.577 16.619 -57.526 -37.4 -90.967
16.645 77.126 10.841 14.683 -53.56 53.41 -84.743
16.857 54.161 8.329 10.621 -51.896 90.118 -80.206
17.063 62.469 5.818 10.04 -59.908 -139.93 -75.205
17.273 43.221 5.156 7.139 -54.162 -90.975 -71.537
17.483 13.855 4.76 5.011 -46.472 105.448 -69.927
17.690 -14.069 5.818 5.398 -42.855 -55.026 -70.352
17.891 -23.544 5.156 6.751 -52.63 104.705 -71.692
18.093 -42.297 2.908 8.493 -71.099 111.176 -74.808
18.302 -39.825 1.719 9.847 -80.098 128.826 -77.915
18.523 -33.936 1.983 9.46 -78.161 -128.422 -80.542
18.742 -32.829 5.156 10.234 -63.261 -109.217 -82.799
18.961 -17.059 5.289 13.523 -68.639 -176.285 -83.975
19.175 -10.536 5.289 13.523 -68.639 -39.087 -84.659
19.382 25.124 5.289 14.297 -69.699 -63.583 -82.681
19.594 28.542 4.627 12.555 -69.769 44.376 -80.442
19.807 28.084 5.421 12.555 -66.646 44.802 -78.176
20.025 35.744 6.081 11.975 -63.078 -156.142 -75.265
20.233 37.025 7.933 9.654 -50.589 -115.129 -72.022
20.433 24.521 7.139 9.654 -53.518 -1.937 -69.782
20.634 -12.97 8.329 7.912 -43.529 -63.102 -70.182
20.834 -59.662 6.214 12.943 -64.354 4.032 -74.5
21.052 -37.155 4.627 12.555 -69.769 58.151 -77.231
21.271 -15.503 3.041 13.33 -77.149 173.081 -78.47
21.489 -41.328 4.495 13.523 -71.613 -3.6 -81.549
21.697 -32.074 5.95 13.716 -66.549 162.762 -83.836
21.905 2.235 8.329 13.716 -58.732 16.884 -83.39
22.114 12.871 9.52 14.683 -57.042 106.864 -82.111
22.320 35.156 10.445 14.877 -54.928 -102.447 -79.113
22.533 54.611 10.709 13.716 -52.018 5.706 -74.593
22.751 33.936 9.651 14.104 -55.617 -73.311 -71.701
22.960 35.995 9.651 9.847 -45.576 -39.619 -68.472
23.161 20.485 7.933 8.106 -45.618 -29.552 -66.421
23.363 -10.33 8.065 7.139 -41.515 -40.855 -66.629
23.563 -14.809 6.875 8.106 -49.697 -179.274 -67.336
23.766 0.389 5.289 7.719 -55.581 -5.564 -67.012
23.971 -12.26 3.437 7.332 -64.884 -113.495 -67.821
24.173 26.245 4.363 8.687 -63.332 82.16 -65.697
24.375 23.506 4.098 6.751 -58.741 59.204 -63.698
24.575 -1.167 2.38 6.171 -68.91 -5.173 -63.754
24.777 -0.275 1.587 6.171 -75.578 -7.981 -63.869
24.979 -0.328 1.983 7.139 -74.476 -8.468 -63.969
25.181 -0.244 1.587 6.559 -76.398 -6.472 -64.099
25.383 -0.328 2.908 6.945 -67.28 -8.57 -64.071
25.586 -0.32 1.454 7.912 -79.587 -8.516 -64.27
25.791 -0.267 2.777 6.751 -67.64 -7.206 -64.248
25.993 -0.328 2.512 5.59 -65.802 -8.793 -64.2
26.196 -0.298 1.983 6.365 -72.696 -8.134 -64.279
26.401 -0.244 2.38 6.945 -71.084 -6.74 -64.326
26.603 -0.237 1.983 3.27 -58.766 -6.549 -64.151
26.806 -0.404 2.248 5.978 -69.391 -11.067 -64.186
27.012 -0.374 2.248 5.204 -66.637 -10.506 -64.17
27.215 -0.267 2.777 5.59 -63.583 -7.64 -64.095
27.418 -0.145 2.248 7.139 -72.521 -4.243 -64.175
27.623 -0.298 2.908 6.559 -66.089 -8.377 -64.151
27.829 -0.198 1.983 6.751 -73.631 -5.808 -64.26
28.031 -0.343 0.661 7.139 -84.71 -9.813 -64.58
28.235 -0.237 1.719 5.978 -73.957 -7.035 -64.696
28.441 -0.267 2.248 7.139 -72.521 -7.831 -64.788
28.643 -0.259 1.851 7.332 -75.831 -7.686 -64.941
28.846 -0.32 2.115 7.719 -74.677 -9.49 -65.077
29.051 -0.29 1.719 7.912 -77.742 -8.745 -65.267
29.253 -0.328 1.983 7.139 -74.476 -9.885 -65.4
29.456 -0.244 0.661 5.978 -83.69 -7.515 -65.692
29.662 -0.29 2.644 6.559 -68.045 -8.846 -65.704
29.868 -0.267 1.587 5.784 -74.657 -8.265 -65.835
30.070 -0.328 2.248 6.751 -71.583 -10.13 -65.915
30.273 -0.29 2.115 8.88 -76.603 -9.107 -66.083
30.478 -0.282 2.248 7.139 -72.521 -8.885 -66.177
30.686 -0.298 0.793 8.106 -84.413 -9.426 -66.485
30.892 -0.214 1.851 6.559 -74.241 -6.909 -66.602
31.099 -0.32 2.908 6.945 -67.28 -10.166 -66.602
31.309 -0.267 2.115 8.106 -75.377 -8.68 -66.744
31.516 -0.343 2.908 6.171 -64.768 -11.077 -66.7
31.721 -0.32 2.115 5.011 -67.117 -10.494 -66.699
31.929 -0.191 2.38 7.332 -72.016 -6.418 -66.777
32.138 -0.305 2.248 6.365 -70.548 -9.993 -66.837
32.346 -0.259 2.248 6.751 -71.583 -8.683 -66.913
32.553 -0.305 2.512 6.365 -68.463 -10.188 -66.936
32.760 -0.267 2.777 4.817 -60.037 -9.052 -66.806
32.966 -0.275 2.777 7.912 -70.66 -9.333 -66.87
