time gyroz magX magY yaw_mag yaw_gyro yaw_cf yaw_kf
0.326 -0.275 19.326 18.671 -42.09 -0.365 -42.027
0.501 -0.847 19.495 18.863 -45.256 -1.271 -43.517
0.677 -0.404 18.486 20.778 -44.721 -0.678 -43.937
0.852 -0.206 19.159 19.246 -45.253 -0.382 -44.287
1.027 -0.13 18.486 19.246 -45.769 -0.264 -44.604
1.202 -0.229 18.823 19.628 -45.252 -0.504 -44.745
1.374 -0.244 20.167 20.011 -43.277 -0.579 -44.58
1.550 -0.328 20.167 19.246 -41.154 -0.836 -44.205
1.724 -0.244 19.159 20.011 -46.245 -0.665 -44.465
1.901 -0.191 19.326 17.139 -43.713 -0.554 -44.425
2.075 -0.275 19.326 19.82 -43.182 -0.846 -44.353
2.251 -0.313 20.167 20.011 -45.26 -1.018 -44.47
2.424 -0.305 19.326 18.671 -42.09 -1.044 -44.33
2.599 -0.259 18.486 19.628 -48.223 -0.932 -44.647
2.773 -8.942 19.831 18.479 -42.177 -33.738 -45.173
2.948 -26.306 19.999 19.82 -44.275 -103.856 -47.182
3.120 -38.132 17.646 20.969 -45.786 -157.104 -50.228
3.302 -39.078 18.318 19.054 -43.057 -168.114 -53.235
3.474 -37.994 18.823 21.927 -42.563 -169.985 -56.182
3.648 -14.648 21.68 24.033 -35.41 -68.084 -56.957
3.829 7.996 22.183 23.076 -35.087 38.613 -55.936
4.019 37.01 19.495 24.224 -39.837 5.753 -52.785
4.207 40.878 19.495 23.459 -38.637 32.852 -49.19
4.397 52.376 19.663 20.586 -43.219 102.673 -44.785
4.577 36.102 19.159 19.628 -44.226 21.341 -41.687
4.754 23.582 21.007 18.288 -42.366 135.691 -39.517
4.926 -8.125 21.68 16.373 -40.959 -48.149 -39.962
5.100 -9.033 20.503 17.714 -44.303 -55.101 -40.658
5.272 -8.537 18.486 18.479 -47.267 -53.544 -41.454
5.446 -1.801 20.671 19.436 -40.18 -11.609 -41.427
5.617 -5.73 19.326 18.671 -44.239 -37.915 -41.909
5.792 -1.671 20.335 18.671 -42.259 -11.349 -41.98
5.964 -0.107 20.335 17.522 -43.294 -0.745 -41.959
6.139 -0.175 19.495 18.096 -43.2 -1.249 -41.946
6.313 -0.237 19.999 19.436 -41.664 -1.733 -41.896
6.487 -0.244 19.999 18.671 -43.771 -1.827 -41.92
6.661 -0.29 20.671 17.905 -42.826 -2.222 -41.923
6.838 -0.389 19.663 18.671 -43.744 -3.049 -41.968
7.012 -0.259 20.335 18.288 -41.191 -2.075 -41.927
7.186 -0.275 19.999 19.82 -41.664 -2.251 -41.908
7.360 -0.244 20.671 17.522 -42.315 -2.04 -41.909
7.534 -0.206 18.99 18.288 -43.684 -1.758 -41.948
7.708 -0.313 19.495 18.479 -45.256 -2.726 -42.043
7.885 -0.191 19.326 17.905 -45.255 -1.697 -42.126
8.059 -0.389 18.318 18.671 -45.248 -3.524 -42.227
8.236 -0.32 19.663 17.905 -44.256 -2.956 -42.295
8.410 -0.259 19.159 18.479 -45.754 -2.437 -42.396
8.585 -0.259 19.159 20.011 -44.745 -2.483 -42.47
8.761 -0.32 20.167 20.011 -42.232 -3.124 -42.484
8.937 -0.305 21.007 19.436 -40.807 -3.031 -42.462
