time gyroz magX magY yaw_mag yaw_gyro yaw_cf yaw_kf
0.215 -0.259 -26.735 -26.766 134.967 -0.315 40.27 -62.208
0.526 0.671 3.092 18.238 -80.378 1.024 -23.397 -63.69
0.837 -0.237 -26.735 -26.766 134.967 -0.435 40.186 -49.102
1.145 -0.183 2.97 18.002 -80.632 -0.393 -24.465 -51.293
1.451 -0.244 -26.735 -26.766 134.967 -0.598 40.072 -39.439
1.753 -0.153 2.848 17.295 -80.649 -0.421 -24.489 -41.958
2.060 -0.198 -26.735 -26.766 134.967 -0.606 40.066 -31.911
2.368 -0.229 -26.735 -26.766 134.967 -0.771 39.95 -22.944
2.681 -0.198 2.24 18.474 -83.087 -0.729 -25.436 -26.032
2.990 -0.313 -26.735 -26.766 134.967 -1.249 39.616 -18.254
3.289 -0.244 2.727 18.474 -81.603 -1.047 -25.214 -21.234
3.595 -0.237 -26.735 -26.766 134.967 -1.089 39.728 -14.412
3.906 -0.313 2.727 16.353 -80.533 -1.536 -25.235 -17.261
4.212 -0.267 -26.735 -26.766 134.967 -1.392 39.516 -11.092
4.519 -0.305 -26.735 -26.766 134.967 -1.683 39.312 -5.388
4.826 -0.343 3.092 17.531 -79.997 -1.998 -25.398 -8.26
5.131 -0.214 -26.735 -26.766 134.967 -1.312 39.572 -3.067
5.440 -0.16 2.118 17.06 -82.923 -1.03 -25.598 -5.906
5.745 -0.168 -26.735 -26.766 134.967 -1.133 39.697 -1.076
6.046 -0.237 -26.735 -26.766 134.967 -1.67 39.321 3.399
6.347 -0.16 2.727 19.18 -81.908 -1.176 -25.396 0.673
6.652 -0.206 -26.735 -26.766 134.967 -1.576 39.387 4.773
6.953 -0.259 2.97 18.709 -80.98 -2.06 -25.736 2.164
7.256 -0.244 -26.735 -26.766 134.967 -2.014 39.08 5.984
7.556 -0.229 -26.735 -26.766 134.967 -1.959 39.119 9.612
7.862 -0.175 3.214 17.531 -79.611 -1.551 -24.969 7.123
8.163 -0.267 -26.735 -26.766 134.967 -2.447 38.777 10.508
8.470 -0.229 2.97 17.06 -80.124 -2.169 -25.556 8.108
8.774 -0.298 -26.735 -26.766 134.967 -2.913 38.451 11.292
9.074 -0.259 -26.735 -26.766 134.967 -2.609 38.664 14.296
9.377 -0.214 2.605 18.002 -81.766 -2.221 -26.085 11.936
9.680 -0.29 -26.735 -26.766 134.967 -3.097 38.322 14.78
9.985 -0.351 3.335 16.353 -78.473 -3.856 -26.241 12.579
10.291 -0.191 -26.735 -26.766 134.967 -2.157 38.98 15.295
10.593 -0.252 -26.735 -26.766 134.967 -2.921 38.445 17.88
10.894 -0.275 2.848 18.945 -81.451 -3.271 -26.725 15.688
