time gyroz magX magY yaw_mag yaw_gyro yaw_cf yaw_kf
0.211 -0.175 -5.036 -24.863 101.45 -0.037 30.409 80.838
0.264 -0.198 67.106 3.6 -3.071 -0.227 -1.08 43.45
0.319 -0.275 -5.036 -24.863 101.45 -0.286 30.235 61.305
0.377 -0.214 63.839 3.6 -3.228 -0.356 -1.218 46.063
0.432 -0.198 -5.036 -24.863 101.45 -0.3 30.225 56.615
0.484 -0.267 64.657 3.449 -3.053 -0.327 -1.145 47.003
0.538 -0.137 -5.036 -24.863 101.45 -0.341 30.196 54.524
0.590 -0.206 -5.036 -24.863 101.45 -0.259 30.254 60.223
0.642 -0.198 65.2 3.148 -2.764 -0.333 -1.062 53.337
0.694 -0.244 -5.036 -24.863 101.45 -0.367 30.178 58.046
0.748 -0.237 65.2 1.641 -1.442 -0.421 -0.727 52.668
0.801 -0.244 -5.036 -24.863 101.45 -0.432 30.133 56.673
0.851 -0.275 -5.036 -24.863 101.45 -0.478 30.1 60.078
0.900 -0.175 64.384 2.696 -2.398 -0.432 -1.022 55.586
0.951 -0.191 -5.036 -24.863 101.45 -0.357 30.185 58.633
1.000 -0.168 65.744 3.75 -3.265 -0.359 -1.231 54.703
1.051 -0.29 -5.036 -24.863 101.45 -0.473 30.104 57.455
1.101 -0.229 -5.036 -24.863 101.45 -0.542 30.056 59.917
1.151 -0.259 65.473 2.997 -2.621 -0.527 -1.155 56.519
1.202 -0.122 -5.036 -24.863 101.45 -0.406 30.151 58.807
1.252 -0.313 63.839 2.395 -2.149 -0.514 -1.004 55.772
1.303 -0.259 -5.036 -24.863 101.45 -0.65 29.98 57.893
1.353 -0.206 -5.036 -24.863 101.45 -0.538 30.058 59.843
1.402 -0.252 63.567 1.943 -1.751 -0.559 -0.917 57.12
1.453 -0.191 -5.036 -24.863 101.45 -0.53 30.064 58.963
1.504 -0.267 63.567 2.545 -2.293 -0.593 -1.103 56.43
1.558 -0.175 -5.036 -24.863 101.45 -0.54 30.057 58.181
1.608 -0.244 -5.036 -24.863 101.45 -0.567 30.038 59.81
1.658 -0.175 65.2 4.051 -3.555 -0.534 -1.44 57.426
1.709 -0.153 -5.036 -24.863 101.45 -0.436 30.13 58.997
1.759 -0.366 66.833 2.846 -2.438 -0.797 -1.289 56.786
1.810 -0.252 -5.036 -24.863 101.45 -0.822 29.86 58.289
1.859 -0.16 -5.036 -24.863 101.45 -0.549 30.051 59.717
1.909 -0.252 63.023 3.449 -3.132 -0.641 -1.388 57.62
1.960 -0.298 -5.036 -24.863 101.45 -0.836 29.85 58.992
2.009 -0.29 63.839 2.395 -2.149 -0.881 -1.261 57.03
2.060 -0.244 -5.036 -24.863 101.45 -0.793 29.88 58.366
2.109 -0.267 -5.036 -24.863 101.45 -0.807 29.87 59.637
2.159 -0.252 65.473 2.696 -2.358 -0.811 -1.275 57.761
2.210 -0.237 -5.036 -24.863 101.45 -0.776 29.892 59.005
2.260 -0.137 64.112 1.34 -1.197 -0.547 -0.742 57.251
2.311 -0.183 -5.036 -24.863 101.45 -0.56 30.043 58.473
2.360 -0.282 -5.036 -24.863 101.45 -0.849 29.841 59.636
2.410 -0.16 64.928 2.997 -2.643 -0.668 -1.26 57.902
2.464 -0.198 -5.036 -24.863 101.45 -0.648 29.981 59.053
2.515 -0.267 64.112 3.148 -2.811 -0.87 -1.452 57.364
2.566 -0.328 -5.036 -24.863 101.45 -1.109 29.659 58.484
2.616 -0.267 -5.036 -24.863 101.45 -1.026 29.717 59.57
2.665 -0.252 66.017 2.997 -2.599 -0.939 -1.437 57.936
2.718 -0.175 -5.036 -24.863 101.45 -0.728 29.925 59.017
2.768 -0.298 64.928 2.093 -1.846 -1.0 -1.254 57.445
2.819 -0.244 -5.036 -24.863 101.45 -0.986 29.745 58.507
2.868 -0.191 -5.036 -24.863 101.45 -0.792 29.881 59.541
2.918 -0.374 65.744 2.846 -2.479 -1.282 -1.641 57.978
2.969 -0.175 -5.036 -24.863 101.45 -0.894 29.809 59.005
3.019 -0.275 63.567 2.846 -2.564 -1.005 -1.473 57.488
3.070 -0.282 -5.036 -24.863 101.45 -1.141 29.636 58.496
3.120 -0.198 -5.036 -24.863 101.45 -0.9 29.805 59.484
3.170 -0.221 63.839 2.093 -1.878 -0.899 -1.193 58.014
3.221 -0.275 -5.036 -24.863 101.45 -1.107 29.66 58.989
3.271 -0.259 66.833 3.148 -2.697 -1.122 -1.594 57.526
