time gyroz magX magY yaw_mag yaw_gyro yaw_cf yaw_kf
0.224 -0.229 64.384 3.6 -3.2 -0.051 -0.996 -2.842
0.289 -0.229 -5.036 -24.863 101.45 -0.295 30.228 43.592
0.355 -0.305 64.928 2.395 -2.113 -0.337 -0.87 29.478
0.423 -0.229 -5.036 -24.863 101.45 -0.402 30.154 46.424
0.484 -0.237 65.744 1.641 -1.43 -0.344 -0.67 37.259
0.549 -0.244 -5.036 -24.863 101.45 -0.371 30.175 47.539
0.611 -0.29 64.112 1.943 -1.736 -0.421 -0.815 40.679
0.675 -0.198 -5.036 -24.863 101.45 -0.424 30.138 48.064
0.737 -0.252 65.2 3.449 -3.028 -0.384 -1.177 42.469
0.801 -0.237 -5.036 -24.863 101.45 -0.442 30.126 48.249
0.863 -0.214 64.384 3.298 -2.932 -0.422 -1.175 43.62
0.927 -0.198 -5.036 -24.863 101.45 -0.398 30.156 48.379
0.989 -0.267 64.384 2.997 -2.665 -0.462 -1.123 44.432
1.052 -0.267 -5.036 -24.863 101.45 -0.548 30.051 48.478
1.114 -0.229 65.744 3.449 -3.003 -0.522 -1.266 44.998
1.178 -0.221 -5.036 -24.863 101.45 -0.489 30.093 48.531
1.240 -0.175 65.744 3.148 -2.741 -0.438 -1.129 45.448
1.304 -0.16 -5.036 -24.863 101.45 -0.384 30.166 48.592
1.367 -0.214 65.744 3.148 -2.741 -0.453 -1.139 45.8
1.431 -0.237 -5.036 -24.863 101.45 -0.553 30.048 48.63
1.493 -0.244 66.562 2.395 -2.061 -0.601 -1.039 46.106
1.557 -0.175 -5.036 -24.863 101.45 -0.516 30.074 48.692
1.619 -0.198 64.112 2.244 -2.005 -0.496 -0.949 46.366
1.683 -0.259 -5.036 -24.863 101.45 -0.634 29.991 48.741
1.745 -0.191 63.023 2.244 -2.039 -0.592 -1.026 46.572
1.809 -0.29 -5.036 -24.863 101.45 -0.716 29.934 48.776
1.871 -0.252 64.384 3.6 -3.2 -0.761 -1.493 46.69
1.934 -0.191 -5.036 -24.863 101.45 -0.621 30.0 48.762
1.994 -0.221 63.023 2.846 -2.586 -0.632 -1.218 46.821
2.056 -0.237 -5.036 -24.863 101.45 -0.708 29.939 48.769
2.117 -0.252 63.023 2.846 -2.586 -0.77 -1.315 46.924
2.180 -0.221 -5.036 -24.863 101.45 -0.734 29.921 48.771
2.241 -0.298 65.744 2.846 -2.479 -0.889 -1.366 47.012
2.302 -0.13 -5.036 -24.863 101.45 -0.597 30.017 48.778
2.361 -0.282 -5.036 -24.863 101.45 -0.796 29.878 50.441
2.420 -0.244 63.567 3.449 -3.106 -0.872 -1.542 48.727
2.481 -0.168 -5.036 -24.863 101.45 -0.661 29.972 50.333
2.541 -0.229 65.744 3.449 -3.003 -0.75 -1.426 48.691
2.602 -0.305 -5.036 -24.863 101.45 -1.023 29.719 50.224
2.662 -0.137 67.651 2.997 -2.537 -0.67 -1.23 48.663
2.723 -0.282 -5.036 -24.863 101.45 -0.905 29.801 50.146
2.783 -0.282 65.2 2.545 -2.235 -1.067 -1.417 48.63
2.844 -0.206 -5.036 -24.863 101.45 -0.868 29.827 50.074
2.903 -0.214 63.839 2.395 -2.149 -0.827 -1.224 48.612
2.965 -0.267 -5.036 -24.863 101.45 -1.006 29.731 50.009
3.025 -0.305 63.294 2.093 -1.894 -1.19 -1.401 48.585
3.086 -0.153 -5.036 -24.863 101.45 -0.777 29.891 49.956
3.146 -0.328 68.196 2.696 -2.264 -1.185 -1.509 48.555
3.207 -0.267 -5.036 -24.863 101.45 -1.184 29.606 49.882
3.266 -0.29 66.562 2.997 -2.578 -1.214 -1.623 48.508
3.327 -0.214 -5.036 -24.863 101.45 -1.002 29.734 49.812
3.386 -0.214 64.112 0.738 -0.66 -0.939 -0.855 48.523
3.447 -0.183 -5.036 -24.863 101.45 -0.845 29.844 49.802
3.506 -0.191 64.657 2.545 -2.254 -0.853 -1.273 48.501
3.567 -0.198 -5.036 -24.863 101.45 -0.897 29.807 49.756
3.628 -0.183 65.744 2.545 -2.217 -0.862 -1.268 48.48
3.691 -0.198 -5.036 -24.863 101.45 -0.914 29.795 49.714
3.750 -0.198 -5.036 -24.863 101.45 -0.941 29.776 50.913
3.809 -0.244 64.657 2.846 -2.52 -1.127 -1.545 49.63
3.870 -0.313 -5.036 -24.863 101.45 -1.455 29.416 50.801
3.929 -0.198 63.294 3.298 -2.983 -1.091 -1.659 49.531
3.990 -0.229 -5.036 -24.863 101.45 -1.112 29.657 50.695
4.050 -0.221 64.928 3.298 -2.908 -1.124 -1.659 49.442
4.111 -0.259 -5.036 -24.863 101.45 -1.286 29.535 50.589
4.170 -0.198 67.106 2.093 -1.786 -1.085 -1.295 49.381
4.231 -0.229 -5.036 -24.863 101.45 -1.167 29.618 50.518
4.291 -0.206 64.928 2.093 -1.846 -1.113 -1.333 49.322
4.353 -0.221 -5.036 -24.863 101.45 -1.168 29.617 50.449
4.413 -0.237 66.289 3.449 -2.978 -1.267 -1.78 49.237
4.474 -0.206 -5.036 -24.863 101.45 -1.159 29.624 50.356
4.537 -0.282 66.289 3.75 -3.238 -1.485 -2.011 49.146
4.601 -0.16 -5.036 -24.863 101.45 -1.018 29.722 50.261
4.663 -0.153 64.657 3.148 -2.787 -0.873 -1.447 49.087
4.727 -0.175 -5.036 -24.863 101.45 -0.98 29.749 50.192
4.790 -0.259 64.384 3.901 -3.467 -1.416 -2.031 49.002
4.854 -0.198 -5.036 -24.863 101.45 -1.22 29.581 50.098
4.916 -0.237 65.2 4.653 -4.082 -1.363 -2.179 48.907
4.979 -0.137 -5.036 -24.863 101.45 -0.919 29.792 50.004
5.039 -0.183 63.567 2.846 -2.564 -1.059 -1.51 48.861
5.100 -0.229 -5.036 -24.863 101.45 -1.351 29.489 49.942
5.160 -0.214 64.928 1.189 -1.049 -1.333 -1.248 48.835
5.221 -0.168 -5.036 -24.863 101.45 -1.091 29.671 49.917
5.281 -0.229 64.384 3.6 -3.2 -1.377 -1.924 48.77
5.343 -0.259 -5.036 -24.863 101.45 -1.613 29.306 49.837
5.403 -0.29 64.657 2.846 -2.52 -1.826 -2.034 48.705
5.465 -0.252 -5.036 -24.863 101.45 -1.667 29.268 49.769
5.524 -0.244 64.657 3.148 -2.787 -1.6 -1.956 48.642
5.585 -0.168 -5.036 -24.863 101.45 -1.182 29.608 49.711
5.645 -0.191 -5.036 -24.863 101.45 -1.246 29.563 50.757
5.705 -0.191 65.473 2.395 -2.095 -1.281 -1.525 49.641
5.766 -0.252 -5.036 -24.863 101.45 -1.644 29.284 50.678
5.826 -0.214 64.384 2.395 -2.13 -1.499 -1.688 49.563
5.887 -0.237 -5.036 -24.863 101.45 -1.609 29.309 50.598
5.947 -0.13 64.928 2.696 -2.378 -1.01 -1.42 49.493
6.008 -0.183 -5.036 -24.863 101.45 -1.229 29.575 50.531
