time gyroz magX magY yaw_mag yaw_gyro yaw_cf yaw_kf
0.212 -0.244 -5.036 -24.863 101.45 -0.052 30.399 81.003
0.272 -0.282 63.294 1.792 -1.622 -0.321 -0.711 44.18
0.333 -0.282 -5.036 -24.863 101.45 -0.376 30.172 61.806
0.393 -0.282 65.2 3.449 -3.028 -0.393 -1.184 46.486
0.454 -0.275 -5.036 -24.863 101.45 -0.407 30.15 56.95
0.513 -0.267 64.657 2.545 -2.254 -0.412 -0.965 47.408
0.574 -0.267 -5.036 -24.863 101.45 -0.42 30.141 54.861
0.634 -0.29 64.384 1.491 -1.327 -0.451 -0.714 47.972
0.695 -0.259 -5.036 -24.863 101.45 -0.47 30.106 53.761
0.754 -0.267 64.384 3.901 -3.467 -0.46 -1.362 48.087
0.815 -0.221 -5.036 -24.863 101.45 -0.447 30.122 52.851
0.874 -0.229 64.657 2.545 -2.254 -0.421 -0.971 48.255
0.935 -0.305 -5.036 -24.863 101.45 -0.514 30.075 52.295
0.994 -0.244 63.294 2.696 -2.439 -0.548 -1.115 48.344
1.055 -0.221 -5.036 -24.863 101.45 -0.477 30.101 51.869
1.115 -0.145 65.473 2.395 -2.095 -0.383 -0.897 48.435
1.176 -0.221 -5.036 -24.863 101.45 -0.405 30.152 51.563
1.235 -0.282 66.017 3.298 -2.86 -0.569 -1.256 48.446
1.296 -0.29 -5.036 -24.863 101.45 -0.658 29.974 51.259
1.355 -0.29 66.562 3.298 -2.837 -0.683 -1.329 48.44
1.416 -0.229 -5.036 -24.863 101.45 -0.614 30.005 51.011
1.475 -0.16 63.023 2.545 -2.312 -0.465 -1.019 48.466
1.536 -0.198 -5.036 -24.863 101.45 -0.464 30.11 50.837
1.597 -0.168 -5.036 -24.863 101.45 -0.466 30.109 53.024
1.656 -0.183 67.378 2.846 -2.419 -0.471 -1.055 50.66
1.717 -0.198 -5.036 -24.863 101.45 -0.523 30.069 52.704
1.778 -0.305 65.473 2.093 -1.831 -0.74 -1.067 50.513
1.839 -0.198 -5.036 -24.863 101.45 -0.669 29.967 52.437
1.899 -0.214 63.567 1.943 -1.751 -0.604 -0.948 50.389
1.961 -0.191 -5.036 -24.863 101.45 -0.589 30.023 52.211
2.020 -0.275 64.384 2.997 -2.665 -0.747 -1.322 50.238
2.082 -0.229 -5.036 -24.863 101.45 -0.752 29.909 51.969
2.142 -0.206 64.384 2.395 -2.13 -0.67 -1.108 50.12
2.204 -0.336 -5.036 -24.863 101.45 -0.947 29.772 51.764
2.264 -0.237 63.567 3.148 -2.835 -0.873 -1.462 49.975
2.325 -0.29 -5.036 -24.863 101.45 -0.911 29.797 51.557
2.384 -0.183 63.294 2.997 -2.711 -0.726 -1.322 49.853
2.445 -0.16 -5.036 -24.863 101.45 -0.574 30.033 51.387
2.505 -0.16 64.384 2.395 -2.13 -0.561 -1.032 49.769
2.566 -0.229 -5.036 -24.863 101.45 -0.748 29.911 51.246
2.626 -0.305 66.833 2.545 -2.181 -1.03 -1.375 49.67
2.687 -0.221 -5.036 -24.863 101.45 -0.899 29.806 51.101
2.747 -0.237 64.112 3.148 -2.811 -0.872 -1.454 49.565
2.809 -0.221 -5.036 -24.863 101.45 -0.858 29.834 50.956
2.870 -0.252 65.744 2.244 -1.955 -0.944 -1.247 49.487
2.932 -0.259 -5.036 -24.863 101.45 -1.011 29.727 50.839
2.992 -0.275 64.657 2.244 -1.988 -1.082 -1.354 49.407
3.053 -0.206 -5.036 -24.863 101.45 -0.904 29.802 50.731
3.113 -0.252 -5.036 -24.863 101.45 -0.99 29.742 52.005
3.173 -0.252 63.839 2.997 -2.688 -1.052 -1.543 50.58
3.235 -0.237 -5.036 -24.863 101.45 -1.019 29.722 51.83
3.295 -0.259 66.833 3.75 -3.211 -1.09 -1.726 50.424
3.356 -0.198 -5.036 -24.863 101.45 -0.923 29.789 51.655
3.416 -0.351 64.112 2.244 -2.005 -1.397 -1.579 50.299
3.478 -0.29 -5.036 -24.863 101.45 -1.36 29.483 51.5
3.539 -0.237 66.289 3.148 -2.719 -1.129 -1.606 50.164
3.602 -0.229 -5.036 -24.863 101.45 -1.062 29.692 51.353
3.662 -0.32 65.744 3.449 -3.003 -1.401 -1.882 50.026
3.724 -0.252 -5.036 -24.863 101.45 -1.258 29.554 51.197
3.786 -0.175 64.928 2.997 -2.643 -0.915 -1.433 49.915
3.848 -0.275 -5.036 -24.863 101.45 -1.233 29.572 51.068
3.908 -0.275 62.478 3.148 -2.884 -1.35 -1.81 49.79
3.969 -0.275 -5.036 -24.863 101.45 -1.366 29.479 50.931
4.029 -0.191 64.112 2.545 -2.273 -1.045 -1.413 49.693
4.091 -0.298 -5.036 -24.863 101.45 -1.41 29.448 50.819
4.151 -0.244 64.928 3.298 -2.908 -1.311 -1.79 49.578
4.213 -0.237 -5.036 -24.863 101.45 -1.242 29.566 50.7
4.273 -0.252 65.473 4.502 -3.934 -1.314 -2.1 49.451
4.335 -0.252 -5.036 -24.863 101.45 -1.344 29.494 50.562
4.395 -0.244 63.294 4.202 -3.798 -1.324 -2.066 49.331
4.456 -0.29 -5.036 -24.863 101.45 -1.536 29.36 50.43
4.516 -0.229 64.384 3.298 -2.932 -1.324 -1.806 49.233
4.578 -0.259 -5.036 -24.863 101.45 -1.415 29.444 50.328
4.638 -0.237 64.928 2.997 -2.643 -1.358 -1.744 49.147
4.700 -0.198 -5.036 -24.863 101.45 -1.168 29.617 50.242
4.760 -0.313 65.473 2.997 -2.621 -1.688 -1.968 49.064
4.821 -0.252 -5.036 -24.863 101.45 -1.528 29.365 50.146
4.881 -0.282 -5.036 -24.863 101.45 -1.628 29.295 51.203
4.941 -0.237 66.017 2.997 -2.599 -1.453 -1.797 50.029
5.003 -0.275 -5.036 -24.863 101.45 -1.613 29.306 51.081
5.063 -0.13 67.378 1.34 -1.139 -0.933 -0.995 49.958
5.124 -0.183 -5.036 -24.863 101.45 -1.068 29.687 51.015
5.184 -0.267 64.657 2.545 -2.254 -1.567 -1.773 49.861
5.245 -0.175 -5.036 -24.863 101.45 -1.185 29.606 50.915
5.305 -0.252 65.2 3.449 -3.028 -1.512 -1.967 49.754
5.366 -0.237 -5.036 -24.863 101.45 -1.524 29.368 50.798
5.425 -0.389 64.384 3.6 -3.2 -2.347 -2.603 49.626
5.486 -0.13 -5.036 -24.863 101.45 -1.102 29.664 50.679
5.547 -0.198 64.112 3.148 -2.811 -1.228 -1.703 49.542
5.609 -0.298 -5.036 -24.863 101.45 -1.869 29.127 50.574
