time gyroz magX magY yaw_mag yaw_gyro yaw_cf yaw_kf
0.324 -0.29 17.992 18.662 -46.448 -40.811 -45.319
0.499 -0.702 18.156 19.624 -45.392 -41.161 -45.396
0.672 0.16 19.145 16.93 -43.328 -41.053 -44.772
0.859 -0.381 20.462 20.009 -41.43 -41.38 -44.022
1.032 -0.282 17.827 17.699 -48.483 -41.671 -44.909
1.207 -0.252 18.322 19.816 -44.861 -41.975 -44.936
1.381 -0.351 19.309 19.047 -42.252 -42.46 -44.606
1.565 -0.214 18.98 19.816 -43.3 -42.795 -44.48
1.739 -0.267 19.968 19.047 -41.296 -43.259 -44.17
1.924 -0.328 20.133 17.699 -45.007 -43.89 -44.293
2.098 -0.282 19.638 20.586 -40.037 -44.482 -43.949
2.273 -0.237 19.474 19.238 -44.443 -45.021 -44.025
2.446 -0.252 19.309 19.816 -42.809 -45.637 -43.968
2.622 -0.229 19.968 17.892 -45.972 -46.237 -44.146
2.797 -0.267 18.651 18.277 -44.889 -46.984 -44.234
2.973 -0.191 18.486 19.238 -43.777 -47.552 -44.237
3.147 -0.313 19.804 19.238 -42.905 -48.537 -44.198
3.321 -0.313 21.78 19.624 -40.201 -49.576 -44.013
3.495 -0.221 19.474 18.854 -44.443 -50.348 -44.07
3.671 -0.237 18.815 19.624 -44.904 -51.218 -44.149
3.844 -0.275 20.133 19.238 -42.966 -52.275 -44.129
4.019 -0.397 19.804 18.854 -43.962 -53.871 -44.169
4.192 10.597 19.638 20.201 -43.413 -9.448 -43.287
4.369 19.897 18.486 20.779 -44.876 77.482 -41.686
4.543 -4.265 18.651 18.277 -44.889 58.106 -42.061
4.720 -24.666 17.497 20.393 -48.52 -58.318 -44.308
4.893 -32.089 17.497 18.469 -45.351 -35.329 -47.09
5.070 -25.124 17.497 20.779 -44.208 -162.708 -49.28
5.251 -65.483 15.686 20.586 -47.624 33.441 -55.107
5.433 -59.868 18.156 22.702 -40.732 -111.822 -60.275
5.621 -54.031 17.168 24.626 -42.322 124.47 -65.056
5.802 -45.906 19.638 24.818 -37.583 -141.877 -68.998
5.981 -23.094 21.121 23.472 -34.003 -100.002 -70.815
6.177 12.947 22.274 24.048 -34.764 -20.028 -69.409
6.356 31.311 21.451 23.087 -34.858 178.985 -66.28
6.547 38.712 19.968 23.279 -35.837 -107.568 -62.427
6.726 47.653 22.109 25.011 -34.05 32.946 -57.618
6.911 44.952 19.804 23.472 -40.676 163.609 -53.186
7.099 45.181 21.451 22.318 -38.43 -55.651 -48.602
7.297 47.76 21.944 21.74 -39.183 112.854 -43.75
7.476 38.681 21.944 19.816 -40.253 -137.967 -39.744
7.661 20.554 21.944 18.277 -43.27 19.497 -37.528
7.832 -9.598 20.956 16.353 -43.613 -55.675 -38.212
8.004 -18.883 20.627 19.047 -44.066 -26.815 -39.847
8.177 -30.769 20.462 20.009 -41.972 -98.413 -42.627
8.357 -33.348 17.168 19.238 -45.33 162.898 -45.806
8.535 -36.804 18.322 20.201 -42.597 -151.224 -49.299
8.718 -15.884 16.674 22.895 -47.557 -109.701 -50.913
8.897 8.08 15.522 21.548 -47.636 -37.813 -50.173
9.087 27.664 17.663 21.355 -44.8 33.57 -47.399
9.266 33.31 17.663 20.97 -44.227 162.22 -44.015
9.455 22.591 20.792 20.393 -42.047 -164.182 -41.616
9.634 8.354 20.297 20.201 -42.47 -83.7 -40.647
9.809 3.372 18.651 20.586 -45.418 -50.624 -40.258
9.982 -1.755 18.156 19.624 -44.292 -68.142 -40.37
10.157 -0.099 19.309 20.201 -45.957 -69.148 -40.369
10.330 1.74 17.992 19.816 -46.448 -51.174 -40.202
10.525 -0.313 18.486 20.393 -46.448 -54.468 -40.253
10.699 -0.313 17.827 20.009 -43.673 -57.817 -40.247
10.887 0.504 19.638 21.355 -42.327 -52.33 -40.136
11.068 1.656 18.322 19.047 -47.457 -34.001 -40.032
11.245 -9.148 18.322 20.586 -43.751 -136.87 -40.966
11.426 -12.993 18.815 21.932 -45.429 -105.328 -42.352
11.608 -19.096 18.815 21.548 -45.943 -146.994 -44.397
11.795 -4.7 17.168 21.548 -46.993 -22.43 -44.977
11.975 -6.798 17.992 18.662 -44.831 -103.836 -45.726
12.162 0.778 17.992 22.125 -41.301 -94.374 -45.603
12.350 2.663 18.156 21.548 -43.728 -61.486 -45.332
12.529 17.342 17.168 21.163 -44.752 155.792 -43.532
12.709 41.13 18.322 20.97 -45.399 138.513 -39.221
12.888 38.33 20.133 18.085 -44.509 92.51 -35.164
13.062 9.27 19.474 18.469 -44.957 33.595 -34.182
13.234 -4.311 19.309 17.892 -44.945 -23.457 -34.652
13.411 -19.104 16.839 18.469 -49.607 -99.661 -36.814
13.584 -22.865 17.663 17.508 -46.975 129.741 -39.34
13.766 -11.734 18.651 19.431 -46.447 -31.789 -40.685
13.946 -3.136 16.839 18.854 -47.002 -75.524 -41.132
14.128 3.662 16.839 19.624 -48.598 -23.787 -40.886
14.308 15.045 17.004 20.201 -46.998 11.477 -39.382
14.490 23.567 18.322 19.047 -46.448 172.963 -36.944
14.663 14.587 19.804 18.085 -41.81 -153.148 -35.364
14.847 -5.302 18.156 18.854 -46.963 -51.867 -36.036
15.022 -9.506 17.663 18.277 -46.448 -14.666 -37.159
15.199 -10.002 19.145 18.085 -47.415 -166.686 -38.367
15.372 1.854 18.98 19.431 -45.437 -138.186 -38.261
15.547 0.343 16.674 18.662 -49.638 -132.853 -38.407
15.720 3.387 18.98 19.431 -45.437 -79.609 -38.136
15.908 -0.305 17.333 18.277 -48.032 -84.461 -38.32
16.081 -0.275 17.497 18.854 -48.018 -88.883 -38.501
16.256 -0.275 18.98 18.662 -44.388 -93.353 -38.608
16.429 -0.282 18.322 17.892 -46.956 -97.986 -38.77
16.605 -0.32 17.992 19.816 -47.476 -103.3 -38.947
16.781 -0.275 18.651 17.892 -44.889 -107.915 -39.067
16.956 -0.252 17.663 19.816 -48.002 -112.188 -39.249
17.130 -0.29 18.486 20.009 -45.409 -117.156 -39.38
17.306 -0.298 17.497 18.469 -50.436 -122.313 -39.616
17.478 -0.252 17.004 19.431 -50.065 -126.717 -39.838
17.653 -0.29 18.322 18.662 -46.956 -131.836 -39.997
17.826 -0.359 17.827 18.469 -48.483 -138.236 -40.195
18.001 -0.244 17.827 18.854 -46.973 -142.628 -40.348
