time gyroz magX magY yaw_mag yaw_gyro yaw_cf yaw_kf
0.313 -0.206 27.317 7.464 74.718 -0.206 74.502
0.476 -2.296 26.956 10.211 69.253 -0.204 72.043
0.637 3.174 27.317 8.013 73.652 -0.133 72.663
0.799 0.107 27.857 10.211 69.87 0.133 72.023
0.959 -0.893 27.677 7.464 74.907 0.07 72.528
1.123 0.237 27.317 8.562 72.597 0.016 72.553
1.283 0.42 28.308 9.937 70.657 0.068 72.32
1.445 0.496 27.497 9.662 70.639 0.143 72.154
1.605 -0.793 27.857 10.211 69.87 0.119 71.859
1.767 -0.778 28.038 9.113 71.995 -0.008 71.818
1.929 0.351 27.046 9.386 70.861 -0.043 71.752
2.092 3.479 27.767 9.937 70.309 0.269 71.884
2.251 14.534 26.776 11.31 67.101 1.701 72.606
2.413 3.105 26.595 7.464 74.323 3.13 73.067
2.573 -5.196 27.317 8.013 73.652 2.963 72.831
2.735 3.105 26.054 8.013 72.905 2.793 73.147
2.895 -5.798 25.964 10.486 68.008 2.578 72.481
3.057 -7.812 26.415 8.562 72.041 1.475 71.899
3.217 10.262 26.505 9.937 69.448 1.671 72.575
3.383 -6.592 25.333 5.815 77.072 1.976 72.339
3.543 4.57 26.595 17.904 56.051 1.814 71.922
3.708 -7.713 26.776 15.706 59.605 1.555 70.754
3.868 0.343 28.398 19.004 56.209 0.965 70.119
4.033 -0.519 29.3 21.201 54.111 0.951 69.375
4.193 -2.747 30.562 21.75 54.562 0.69 68.515
4.355 0.61 29.841 20.102 56.034 0.517 68.039
4.513 4.295 30.292 22.026 53.978 0.904 67.831
4.674 -3.418 30.201 18.453 58.575 0.975 67.186
4.832 -20.607 31.374 9.386 73.345 -0.923 65.626
4.992 -7.896 31.103 11.31 70.017 -3.204 65.006
5.151 -10.315 30.922 14.057 65.554 -4.651 64.004
5.315 -23.079 29.57 12.684 66.783 -7.39 61.912
5.474 -40.611 29.209 9.937 71.212 -12.453 58.381
5.638 -30.106 28.939 9.662 71.537 -18.252 55.752
5.800 -12.894 29.029 15.431 62.006 -21.735 54.349
5.964 8.629 30.021 12.409 67.543 -22.085 55.103
6.124 -3.586 28.939 10.761 69.602 -21.681 54.839
6.287 -12.68 28.849 12.135 67.187 -23.007 53.676
6.448 -27.283 28.489 18.728 56.68 -26.224 50.842
6.610 -20.859 28.218 21.201 53.081 -30.123 48.506
6.771 6.218 27.857 21.75 52.018 -31.302 48.713
6.949 15.617 29.029 24.773 49.523 -29.359 49.797
7.116 17.143 29.751 25.322 49.598 -26.623 51.091
7.284 -9.354 29.48 24.497 50.274 -25.969 49.912
7.452 -16.411 28.939 22.85 51.706 -28.133 48.106
7.617 -35.324 29.029 22.575 52.129 -32.401 44.479
7.785 -51.88 28.489 23.124 50.934 -39.726 39.19
7.951 -76.279 28.489 27.519 45.992 -50.364 31.353
8.120 -82.977 29.931 27.519 47.404 -63.821 22.856
8.288 -83.176 31.914 30.817 46.002 -77.778 14.275
8.461 -87.234 33.807 33.839 44.973 -92.518 5.253
8.631 -77.904 34.889 33.29 46.344 -106.555 -2.802
8.806 -76.096 35.25 29.443 50.129 -120.03 -10.562
8.977 -76.408 37.504 29.168 52.127 -133.069 -18.276
9.151 -79.071 39.127 29.168 53.297 -146.596 -26.194
9.325 -83.084 39.307 28.07 54.469 -160.703 -34.452
9.499 -81.589 41.019 18.453 65.779 -175.03 -42.244
9.669 -83.824 42.012 14.882 70.494 -9.09 -50.108
9.841 -86.212 42.102 10.211 76.367 -23.713 -58.032
10.008 -81.94 40.389 -3.8 95.375 -37.753 -65.024
10.178 -86.182 39.036 -2.427 93.558 -52.044 -72.451
10.343 -88.15 37.594 -4.625 97.014 -66.426 -79.953
10.513 -87.715 34.799 -6.549 100.658 -81.375 -87.275
10.683 -85.243 33.537 -5.449 99.229 -96.076 -94.317
10.853 -87.921 32.455 -4.351 97.636 -110.795 -101.611
11.018 -83.015 29.029 1.144 87.743 -124.897 -108.549
11.183 -82.649 27.407 6.09 77.472 -138.565 -115.6
11.349 -83.656 25.964 10.486 68.008 -152.368 -122.882
11.518 -77.591 25.784 15.431 59.101 -165.993 -129.629
11.684 -77.827 24.522 22.575 47.367 -178.893 -136.559
11.854 -82.268 25.513 25.048 45.527 167.499 -143.891
12.023 -77.263 28.759 24.497 49.576 154.019 -150.499
12.192 -73.7 28.308 25.322 48.187 141.262 -156.653
12.359 -83.832 27.767 26.421 46.423 128.108 -163.814
12.529 -83.832 29.931 28.619 46.284 113.857 -170.876
12.695 -90.332 31.553 34.663 42.311 99.401 -178.614
12.867 -84.938 33.537 30.817 47.42 84.328 -185.564
13.039 -79.208 35.16 31.917 47.768 70.211 -191.789
13.212 -82.703 35.791 32.741 47.548 56.206 -198.288
13.383 -82.443 37.233 27.795 53.258 42.086 -204.534
13.556 -78.369 38.946 26.97 55.298 28.176 -210.198
13.726 -80.521 39.848 23.124 59.873 14.67 -215.896
13.901 -86.372 40.93 18.728 65.413 0.067 -222.011
14.072 -80.528 42.102 16.806 68.239 -14.203 -227.346
14.245 -85.968 42.282 5.266 82.901 -28.605 -232.868
14.413 -85.449 39.758 -5.724 98.193 -43.004 -237.932
14.581 -81.543 38.315 -6.823 100.097 -57.031 -242.456
14.753 -81.261 36.512 -6.823 100.585 -71.032 -246.861
14.927 -82.039 34.258 -7.647 102.583 -85.239 -251.233
15.097 -81.505 33.898 -9.845 106.195 -99.141 -255.397
15.268 -90.309 32.094 -6.549 101.533 -113.831 -260.54
15.435 -85.693 29.841 -2.427 94.65 -128.527 -265.254
15.603 -79.964 27.317 2.518 84.734 -142.442 -269.472
15.771 -78.941 25.604 7.189 74.317 -155.79 -273.713
15.940 -84.068 24.882 18.728 53.032 -169.564 -278.865
16.100 -81.97 23.891 24.497 44.282 177.153 -283.88
16.263 -78.59 26.415 24.497 47.157 164.067 -288.376
16.423 -73.547 28.939 20.652 54.487 151.896 -292.082
16.589 -74.249 27.767 25.872 47.023 139.629 -295.929
16.750 -79.826 28.759 26.146 47.725 127.226 -300.285
16.913 -81.314 29.57 31.366 43.312 114.093 -304.811
17.073 -81.94 31.103 32.741 43.53 101.033 -309.319
17.236 -79.926 32.275 33.015 44.351 87.841 -313.509
17.397 -77.484 33.357 31.917 46.264 75.169 -317.312
17.561 -60.76 35.881 33.015 47.382 63.833 -319.182
17.721 -51.506 36.422 31.917 48.772 54.852 -319.928
17.890 -39.574 36.873 30.542 50.365 47.156 -319.254
18.051 -59.334 36.602 30.817 49.904 39.193 -320.683
18.215 -73.364 38.676 26.697 55.384 28.312 -323.478
18.377 -81.528 39.848 19.277 64.184 15.766 -326.938
18.547 -81.177 40.659 21.201 62.461 1.936 -330.347
18.705 -90.607 41.2 17.904 66.512 -11.635 -334.662
18.870 -36.118 40.118 10.761 74.985 -22.09 -332.773
19.029 -4.181 41.38 9.113 77.58 -25.293 -327.264
19.194 -11.597 41.741 8.562 78.408 -26.595 -322.497
19.352 -34.477 41.019 7.464 79.687 -30.235 -320.179
19.515 -39.192 40.93 4.991 83.048 -36.239 -318.286
19.675 -52.788 40.389 7.189 79.907 -43.597 -317.935
19.836 -60.493 39.487 3.342 85.162 -52.717 -318.315
19.995 -67.924 37.143 0.046 89.929 -62.926 -319.412
20.156 -21.21 37.233 0.32 89.508 -70.101 -315.37
20.317 19.318 34.889 -2.427 93.979 -70.253 -306.759
20.482 0.618 36.151 -1.878 92.974 -68.609 -300.213
20.645 -26.36 35.701 -2.152 93.45 -70.707 -296.632
20.810 -42.938 35.43 -2.427 93.919 -76.424 -294.887
20.974 -67.131 34.078 -1.054 91.772 -85.449 -295.875
21.142 -80.093 33.627 -4.076 96.911 -97.816 -298.22
21.318 -80.811 32.185 -4.625 98.177 -111.976 -300.648
21.494 -80.147 30.562 -1.329 92.49 -126.14 -303.141
21.663 -75.912 29.57 1.144 87.784 -139.327 -305.278
21.832 -75.63 28.669 3.893 82.267 -152.132 -307.505
21.997 -78.3 28.308 9.937 70.657 -164.831 -310.261
22.162 -74.402 27.767 13.233 64.519 -177.429 -312.708
22.324 -75.958 27.497 16.806 58.567 170.391 -315.436
22.487 -88.295 28.308 19.277 55.746 157.005 -319.569
22.648 -10.147 28.489 22.575 51.606 149.08 -315.143
22.808 -9.895 28.218 23.399 50.334 147.477 -310.679
22.967 -59.105 27.767 24.224 48.898 141.991 -311.651
23.131 -67.184 29.57 25.872 48.816 131.636 -313.507
23.304 -27.626 29.39 29.168 45.217 123.435 -311.059
23.463 26.81 29.48 27.795 46.685 123.37 -302.549
23.623 5.371 29.48 28.894 45.575 125.944 -296.406
23.796 -23.796 29.12 25.597 48.684 124.35 -293.416
23.957 -35.4 30.562 29.993 45.538 119.585 -291.782
24.115 8.781 30.021 32.741 42.518 117.482 -285.339
24.286 5.15 30.021 31.092 43.996 118.673 -279.273
24.453 -16.411 29.931 30.268 44.679 117.733 -275.593
24.617 -44.64 29.209 33.565 41.031 112.727 -275.131
24.811 -63.354 31.013 30.817 45.182 102.252 -276.689
24.980 -73.624 32.365 32.741 44.669 90.677 -279.43
25.147 -82.596 34.078 34.114 44.97 77.633 -283.189
25.313 -84.808 34.979 31.917 47.621 63.738 -287.168
25.481 -83.916 36.242 29.719 50.648 49.565 -291.011
25.644 -78.11 38.405 26.97 54.921 36.36 -294.143
25.814 -90.759 38.856 27.246 54.962 22.006 -298.681
25.972 -58.99 39.307 24.224 58.355 10.176 -299.645
26.135 -39.261 40.028 20.926 62.4 2.169 -298.343
26.301 -52.132 40.028 20.377 63.021 -5.417 -298.442
26.468 -73.036 40.93 17.629 66.698 -15.869 -300.777
26.638 -81.459 40.93 12.135 73.486 -29.001 -303.911
26.806 -83.763 41.471 0.595 89.178 -42.879 -306.991
26.964 -87.463 38.856 -2.427 93.574 -56.406 -310.397
27.126 -93.498 36.602 -3.8 95.927 -71.064 -314.424
27.285 -39.574 36.332 -7.922 102.301 -81.643 -312.357
27.448 9.964 35.07 -7.373 101.873 -84.056 -304.804
27.613 -30.724 35.61 -6.823 100.847 -85.769 -301.751
27.785 -72.533 34.889 -9.02 104.496 -94.649 -303.25
27.953 -78.476 32.996 -8.198 103.953 -107.334 -305.429
28.119 -86.205 32.365 -5.174 99.083 -121.003 -308.57
28.286 -79.254 31.013 -4.351 97.986 -134.818 -310.97
28.455 -80.582 25.513 6.364 75.994 -148.325 -313.951
28.618 -79.201 25.423 11.584 65.504 -161.347 -316.978
28.781 -79.605 24.522 13.784 60.659 -174.29 -320.127
28.947 -81.161 27.677 21.201 52.547 172.367 -323.588
29.114 -82.283 28.759 17.904 58.096 158.719 -327.038
29.281 -79.971 26.685 19.828 53.386 145.171 -330.298
29.447 -82.405 28.128 25.872 47.392 131.694 -333.914
29.610 -80.849 29.931 30.817 44.164 118.389 -337.389
29.775 -79.575 31.193 31.917 44.343 105.154 -340.681
29.938 -83.305 31.914 30.817 46.002 91.879 -344.313
30.108 -82.832 33.266 32.741 45.456 77.757 -347.865
30.280 -74.699 34.348 32.741 46.372 64.21 -350.457
30.454 -79.582 36.512 30.542 50.088 50.787 -353.472
30.623 -82.573 36.512 28.894 51.643 37.085 -356.746
30.794 -82.909 37.053 29.993 51.011 22.936 -360.028
30.963 -82.169 38.586 22.026 60.281 8.987 -363.002
31.136 -85.876 39.577 18.453 65.002 -5.549 -366.253
31.309 -84.206 39.938 15.706 68.532 -20.261 -369.211
31.481 -83.961 41.471 6.64 80.903 -34.723 -371.857
31.649 -81.345 40.479 0.871 88.767 -48.609 -374.022
31.818 -83.092 39.307 -4.9 97.106 -62.504 -376.181
31.984 -85.793 36.512 -11.769 107.866 -76.521 -378.394
32.155 -78.857 35.07 -12.318 109.353 -90.599 -379.781
32.325 -82.245 34.348 -9.02 104.714 -104.292 -381.607
32.493 -84.808 31.644 -7.373 103.116 -118.325 -383.718
32.660 -84.724 29.841 -7.373 103.878 -132.481 -385.775
32.829 -81.383 28.759 -0.778 91.55 -146.517 -387.676
32.995 -83.015 24.341 12.135 63.502 -160.162 -390.279
33.159 -79.903 23.44 13.784 59.542 -173.521 -392.573
33.322 -78.041 25.874 19.004 53.703 173.607 -394.731
33.487 -82.001 27.948 19.277 55.404 160.403 -397.249
33.648 -79.597 26.685 18.179 55.736 147.394 -399.45
33.813 -80.856 26.505 22.575 49.578 134.157 -401.868
33.973 -85.091 28.308 24.773 48.81 120.881 -404.726
34.138 -82.458 30.833 28.07 47.686 107.058 -407.27
34.302 -77.957 31.914 32.466 44.509 93.904 -409.334
34.472 -84.61 32.906 31.092 46.624 80.086 -412.046
34.640 -82.436 35.07 32.19 47.452 66.054 -414.459
34.815 -78.178 35.881 29.719 50.366 52.001 -416.298
34.986 -79.132 36.061 28.619 51.564 38.551 -418.176
35.159 -92.705 37.594 27.246 54.068 23.687 -421.467
35.332 -80.46 38.766 25.322 56.847 8.708 -423.309
35.509 -81.207 39.577 19.553 63.708 -5.6 -425.059
35.681 -86.212 40.569 13.233 71.934 -19.998 -427.163
35.855 -83.015 41.019 11.31 74.585 -34.72 -428.829
36.018 -86.945 40.84 -0.778 91.091 -48.572 -430.57
36.181 -90.202 39.217 -7.922 101.42 -63.01 -432.442
36.343 -143.311 37.594 -5.724 98.657 -81.924 -440.226
36.511 -188.072 34.889 4.716 82.302 -109.76 -453.274
36.673 -179.291 32.726 0.871 88.475 -139.517 -465.207
36.841 -155.762 30.111 6.09 78.566 -167.661 -474.695
37.004 -122.742 29.57 11.584 68.607 169.641 -480.667
37.169 -65.521 30.292 20.377 56.072 154.109 -480.479
37.331 -31.662 30.021 26.146 48.947 146.237 -476.593
37.494 -18.028 29.029 26.97 47.106 142.188 -471.144
37.655 26.428 28.218 27.795 45.433 142.864 -460.725
37.820 28.87 28.669 29.719 43.97 147.426 -449.99
37.981 8.286 28.398 28.344 45.055 150.417 -441.457
38.145 -26.176 28.759 25.048 48.945 148.95 -436.63
38.306 -19.958 30.381 25.048 50.496 145.236 -431.075
38.469 33.173 31.644 23.948 52.882 146.313 -419.587
38.630 46.013 32.365 27.795 49.344 152.688 -406.745
38.795 -4.578 31.553 28.07 48.343 156.106 -399.531
38.955 -13.672 30.021 30.542 44.507 154.646 -393.435
39.119 -73.898 29.931 30.268 44.679 147.465 -394.044
39.282 -8.011 29.661 31.092 43.651 140.79 -387.438
39.447 43.602 32.094 25.322 51.727 143.726 -374.997
39.608 63.148 32.455 24.773 52.645 152.319 -360.414
39.772 34.081 30.562 20.652 55.951 160.292 -349.031
39.930 -11.452 30.472 18.728 58.425 162.08 -342.712
40.096 1.938 31.374 19.277 58.432 161.29 -335.0
40.256 -2.686 30.922 22.85 53.537 161.23 -327.986
40.419 -1.297 31.553 17.629 60.807 160.906 -320.764
40.582 -2.777 31.013 19.828 57.407 160.574 -313.869
40.746 -0.381 31.374 19.828 57.708 160.315 -306.798
40.910 -0.046 30.472 18.728 58.425 160.28 -299.772
41.076 0.763 31.463 16.806 61.891 160.339 -292.686
41.241 -0.496 31.374 19.828 57.708 160.361 -285.924
41.408 0.038 30.472 17.079 60.73 160.323 -279.143
41.572 -0.099 29.209 17.079 59.684 160.318 -272.499
41.737 2.464 28.218 14.057 63.519 160.513 -265.599
41.901 -0.458 28.759 12.959 65.743 160.678 -259.082
42.065 0.366 27.677 12.959 64.91 160.67 -252.596
42.228 -1.64 27.767 11.584 67.355 160.566 -246.388
42.405 0.153 28.308 13.233 64.946 160.435 -240.135
42.568 -2.617 27.497 11.31 67.642 160.234 -234.241
42.752 0.107 27.587 12.135 66.256 160.003 -228.177
42.915 -0.717 28.579 11.31 68.409 159.953 -222.266
43.079 0.137 27.587 10.486 69.188 159.906 -216.349
43.242 0.023 27.767 12.684 65.449 159.919 -210.622
43.406 -0.412 26.685 11.035 67.534 159.887 -205.003
43.569 -0.336 27.317 12.959 64.621 159.826 -199.535
43.754 -0.214 27.767 10.486 69.311 159.775 -194.06
43.917 -0.031 28.489 13.784 64.181 159.755 -188.766
44.104 -0.259 29.39 11.035 69.42 159.728 -183.491
44.267 0.099 27.226 10.486 68.936 159.715 -178.285
44.444 -1.167 27.948 13.233 64.663 159.62 -173.399
44.607 -1.572 28.489 12.135 66.928 159.397 -168.608
44.795 2.22 29.3 10.761 69.833 159.458 -163.434
44.957 -3.212 28.308 12.684 65.864 159.378 -159.032
45.132 1.831 28.128 11.584 67.617 159.257 -154.129
45.297 2.823 29.3 10.211 70.787 159.641 -149.143
45.461 -0.587 27.497 10.211 69.628 159.824 -144.646
45.624 -1.938 27.317 10.761 68.499 159.618 -140.411
45.790 -4.57 28.579 9.662 71.321 159.078 -136.498
45.951 -2.991 29.029 9.937 71.103 158.469 -132.502
46.113 1.572 29.841 9.113 73.018 158.354 -128.048
46.275 10.818 28.489 11.035 68.826 159.358 -122.735
46.438 3.494 26.685 12.135 65.546 160.525 -118.377
46.598 1.778 26.505 10.486 68.415 160.946 -114.232
46.761 15.945 24.882 18.179 53.848 162.391 -108.887
46.920 8.965 24.612 14.057 60.267 164.371 -104.26
47.082 -6.172 24.522 13.784 60.659 164.597 -101.376
47.242 -6.531 24.792 8.562 70.947 163.581 -98.408
47.403 -0.099 25.513 8.562 71.449 163.047 -94.797
47.563 -0.175 25.513 11.86 65.068 163.025 -91.397
47.726 0.153 26.054 9.662 69.653 163.024 -87.942
47.887 -0.443 25.153 10.761 66.838 163.0 -84.681
48.050 -0.221 24.882 11.035 66.083 162.946 -81.48
48.213 -0.74 25.243 14.333 60.412 162.868 -78.517
48.379 0.328 25.513 11.31 66.092 162.834 -75.389
48.542 -0.42 25.423 9.937 68.651 162.826 -72.358
48.707 -0.038 24.702 9.386 69.195 162.788 -69.338
48.870 0.076 24.972 11.86 64.595 162.791 -66.461
49.034 -0.229 25.694 10.761 67.275 162.779 -63.625
49.197 -0.267 25.063 13.233 62.166 162.738 -60.956
49.363 0.031 25.513 11.86 65.068 162.719 -58.253
49.526 -0.267 25.063 12.135 64.165 162.7 -55.658
49.691 -0.656 24.972 10.761 66.688 162.624 -53.113
49.854 -0.366 26.144 11.584 66.103 162.54 -50.602
50.018 -0.114 25.243 12.684 63.322 162.501 -48.173
50.181 0.175 24.972 12.409 63.576 162.506 -45.758
50.346 -0.801 24.972 9.113 69.952 162.454 -43.377
50.509 -0.175 25.333 10.211 68.047 162.375 -41.015
50.674 -0.29 25.604 8.288 72.063 162.336 -38.637
50.837 -0.122 25.694 10.211 68.327 162.303 -36.365
51.001 -0.725 25.784 9.386 69.997 162.233 -34.175
51.164 -0.389 26.144 11.584 66.103 162.142 -32.072
51.331 0.023 25.153 9.662 68.987 162.112 -29.912
51.495 0.076 25.243 14.333 60.412 162.12 -27.962
51.661 0.023 25.333 9.113 70.215 162.128 -25.864
51.825 -0.381 25.513 10.211 68.187 162.099 -23.896
51.991 -0.847 25.423 8.837 70.833 161.997 -21.969
52.155 -0.29 25.423 11.035 66.536 161.904 -20.108
52.321 -0.175 25.423 6.64 75.362 161.865 -18.1
52.485 -0.282 25.153 9.662 68.987 161.828 -16.272
52.652 -0.633 24.882 10.486 67.148 161.751 -14.558
52.816 -0.42 25.243 9.386 69.604 161.665 -12.81
52.982 -0.107 25.063 11.035 66.237 161.621 -11.131
53.147 -0.229 25.604 12.135 64.641 161.593 -9.533
53.325 -0.229 24.792 9.113 69.818 161.553 -7.867
53.489 -0.046 25.874 10.211 68.464 161.53 -6.243
53.655 -0.031 26.054 9.113 70.722 161.524 -4.607
53.820 -0.61 24.432 8.562 70.687 161.471 -3.07
53.986 -0.641 25.243 9.386 69.604 161.367 -1.591
54.150 -0.389 24.792 12.409 63.411 161.283 -0.24
54.317 -0.069 25.423 9.386 69.736 161.244 1.242
54.482 -0.267 25.333 12.409 63.903 161.217 2.556
54.649 0.275 25.694 11.31 66.242 161.217 3.948
54.816 0.214 25.604 9.937 68.789 161.258 5.354
54.983 -0.641 26.054 11.31 66.534 161.222 6.593
55.149 -0.366 25.964 8.837 71.204 161.139 7.926
55.317 -0.374 25.874 12.409 64.378 161.077 9.095
55.482 -0.572 25.604 11.584 65.657 160.999 10.241
55.648 -0.496 25.604 9.386 69.868 160.91 11.454
