time gyroz magX magY yaw_mag yaw_gyro yaw_cf yaw_kf
0.326 -0.29 1.322 7.719 -87.047 -86.973 -87.015
0.504 0.633 0.661 7.912 -88.536 -86.654 -87.671
0.677 -0.099 1.322 6.559 -86.614 -86.721 -87.343
0.851 -0.206 0.396 7.139 -89.107 -86.896 -87.767
1.024 -0.29 0.0 8.493 -90.0 -87.193 -88.212
1.198 -0.259 1.587 8.493 -86.323 -87.503 -87.929
1.370 -0.229 1.058 8.106 -87.499 -87.817 -87.89
1.545 -0.359 2.248 9.073 -84.847 -88.372 -87.55
1.717 -0.29 1.454 8.299 -86.462 -88.87 -87.46
1.892 -0.336 1.983 7.912 -85.181 -89.506 -87.269
2.065 -0.313 1.322 6.945 -86.935 -90.152 -87.272
2.240 -0.244 1.19 8.299 -87.214 -90.699 -87.296
2.412 0.107 0.264 6.945 -89.376 -90.441 -87.461
2.586 -0.473 1.19 7.139 -87.413 -91.664 -87.502
2.758 -0.664 1.454 7.526 -86.662 -93.495 -87.506
2.933 -33.241 1.19 7.912 -86.983 -10.991 -89.861
3.105 -80.978 0.0 9.654 -90.0 -82.428 -95.83
3.278 -108.009 0.529 12.749 -88.724 103.518 -103.676
3.457 -119.881 2.908 16.232 -82.428 -130.911 -112.06
3.638 -43.297 4.892 16.811 -77.262 -108.425 -114.709
3.813 6.729 6.346 19.327 -73.822 -82.767 -113.619
3.991 2.052 5.421 17.972 -77.02 -74.577 -113.056
4.166 -0.946 5.685 18.747 -74.969 -78.518 -112.639
4.343 0.069 5.95 18.747 -75.237 -78.218 -112.187
4.518 -0.328 6.479 17.972 -74.598 -79.7 -111.758
4.696 0.397 6.081 17.392 -74.465 -77.836 -111.292
4.871 0.443 5.421 18.36 -76.499 -75.678 -110.922
5.050 45.723 6.61 18.94 -73.521 155.223 -107.147
5.225 101.883 3.57 17.199 -81.195 147.562 -99.567
5.409 109.268 0.0 12.749 -90.0 -161.407 -91.75
5.594 67.734 0.793 11.201 -88.161 37.497 -86.875
5.768 28.015 2.115 7.719 -84.912 19.088 -84.781
5.940 -4.074 -0.396 8.299 -90.928 -5.112 -85.236
6.116 -4.082 1.587 8.493 -86.391 -30.078 -85.537
6.288 2.205 0.793 8.493 -88.088 -16.213 -85.431
6.461 -1.503 0.529 8.106 -88.644 -25.924 -85.612
6.632 -2.251 1.058 8.493 -87.45 -40.853 -85.809
6.804 -7.79 0.529 8.493 -88.698 -93.856 -86.45
6.976 -35.706 1.587 6.945 -85.938 -162.941 -89.061
7.150 -94.849 3.173 11.201 -81.747 58.889 -95.91
7.320 -109.215 5.685 16.038 -75.868 159.435 -103.663
7.500 -91.393 6.081 18.553 -76.413 13.987 -110.136
7.680 -41.649 5.685 17.972 -74.969 -125.877 -112.91
7.855 -5.775 6.346 18.94 -71.584 -171.24 -112.951
8.028 4.463 5.685 17.586 -75.281 -135.411 -112.337
8.202 -1.534 6.743 18.36 -71.568 -147.993 -112.068
8.375 -0.427 6.214 17.199 -73.978 -151.569 -111.78
8.550 -0.076 5.95 18.747 -74.302 -152.219 -111.475
8.723 -0.542 6.346 18.553 -72.773 -156.947 -111.166
8.897 4.463 6.61 18.553 -73.521 -117.24 -110.505
9.070 24.109 7.007 16.038 -70.477 101.429 -108.314
9.247 68.52 5.421 17.972 -76.499 -164.967 -102.979
9.424 89.882 5.553 18.553 -75.756 142.081 -96.036
9.603 100.7 4.231 14.683 -79.494 -150.897 -88.375
9.787 65.254 3.173 12.749 -82.943 -52.256 -83.421
9.958 20.615 3.966 10.04 -80.521 153.028 -81.722
10.130 -3.609 3.306 7.912 -82.445 116.469 -81.871
10.302 -2.609 3.835 8.687 -81.567 89.591 -81.933
10.473 -5.249 3.437 10.427 -81.256 34.618 -82.19
10.650 -7.805 3.173 8.493 -82.677 -48.505 -82.675
10.822 -13.817 3.702 10.04 -81.473 -18.033 -83.585
10.994 -38.116 2.115 10.427 -85.367 102.92 -86.396
11.165 -70.274 3.437 11.975 -81.603 -141.689 -91.522
11.346 -96.054 0.661 14.877 -88.288 28.482 -98.72
11.533 -93.605 2.908 17.78 -82.428 -151.064 -105.612
11.715 -29.03 4.231 18.166 -78.32 48.85 -107.604
11.888 49.843 3.173 17.78 -81.382 101.384 -103.778
12.063 110.451 3.173 18.94 -81.382 173.754 -95.42
12.239 97.366 2.115 13.523 -84.703 105.416 -88.099
12.425 69.45 4.098 11.395 -80.488 68.332 -82.765
12.599 46.623 4.363 11.782 -80.426 115.735 -79.134
12.772 11.375 2.777 5.204 -83.13 81.017 -78.194
12.944 2.792 2.248 9.073 -84.941 117.157 -77.938
13.118 -0.443 1.851 7.719 -85.943 111.346 -77.95
13.290 -0.29 2.248 8.687 -84.748 107.492 -77.93
13.462 -0.298 1.19 6.751 -87.267 103.48 -77.966
13.634 -0.275 2.512 7.526 -83.904 99.731 -77.937
13.807 -0.29 2.644 7.332 -83.77 95.727 -77.91
13.980 -0.328 2.115 9.654 -85.195 91.142 -77.92
14.155 -0.267 2.115 9.654 -85.603 87.363 -77.937
14.328 -0.298 1.587 6.945 -86.52 83.093 -77.978
14.504 -0.29 1.983 9.46 -85.535 78.887 -78.002
14.679 -0.191 2.115 7.332 -85.104 76.083 -78.014
14.855 -0.267 1.719 9.46 -86.198 72.117 -78.056
15.029 -0.282 2.644 8.106 -83.888 67.879 -78.057
15.206 -0.259 1.19 9.847 -87.413 63.941 -78.128
15.381 -0.237 0.793 9.267 -88.195 60.296 -78.215
15.557 -0.237 1.587 8.493 -86.582 56.609 -78.272
15.730 -0.305 2.777 7.526 -82.988 51.811 -78.267
15.906 -0.237 1.983 9.46 -85.694 48.041 -78.312
