time gyroz magX magY yaw_mag yaw_gyro yaw_cf yaw_kf
0.202 -0.206 -5.036 -24.863 101.45 -0.042 30.406 80.96
0.252 -0.168 64.657 1.943 -1.721 -0.248 -0.69 44.119
0.303 -0.252 -5.036 -24.863 101.45 -0.244 30.264 61.769
0.353 -0.13 65.744 2.846 -2.479 -0.298 -0.952 46.6
0.405 -0.259 -5.036 -24.863 101.45 -0.235 30.27 57.047
0.455 -0.244 -5.036 -24.863 101.45 -0.37 30.176 64.152
0.504 -0.259 64.384 2.997 -2.665 -0.375 -1.062 54.864
0.569 -0.175 -5.036 -24.863 101.45 -0.359 30.184 60.52
0.618 -0.214 66.833 3.148 -2.697 -0.307 -1.024 53.605
0.669 -0.191 -5.036 -24.863 101.45 -0.342 30.196 58.289
0.718 -0.214 -5.036 -24.863 101.45 -0.345 30.194 62.144
0.768 -0.229 63.023 2.846 -2.586 -0.39 -1.049 56.759
0.819 -0.168 -5.036 -24.863 101.45 -0.367 30.178 60.162
0.868 -0.229 64.928 2.696 -2.378 -0.367 -0.97 55.659
0.919 -0.252 -5.036 -24.863 101.45 -0.461 30.112 58.695
0.970 -0.175 -5.036 -24.863 101.45 -0.422 30.14 61.368
1.019 -0.198 64.384 3.901 -3.467 -0.377 -1.304 57.476
1.071 -0.191 -5.036 -24.863 101.45 -0.403 30.153 59.936
1.120 -0.298 63.839 3.298 -2.957 -0.525 -1.255 56.514
1.172 -0.114 -5.036 -24.863 101.45 -0.432 30.133 58.799
1.221 -0.198 -5.036 -24.863 101.45 -0.356 30.186 60.871
1.271 -0.221 68.196 1.792 -1.505 -0.479 -0.787 57.9
1.322 -0.198 -5.036 -24.863 101.45 -0.483 30.097 59.848
1.372 -0.267 66.017 1.189 -1.032 -0.564 -0.704 57.153
1.423 -0.153 -5.036 -24.863 101.45 -0.485 30.095 58.995
1.473 -0.282 -5.036 -24.863 101.45 -0.568 30.037 60.695
1.523 -0.191 64.928 1.491 -1.316 -0.573 -0.796 58.218
1.576 -0.313 -5.036 -24.863 101.45 -0.684 29.956 59.837
1.625 -0.183 62.75 3.298 -3.009 -0.61 -1.33 57.469
1.676 -0.153 -5.036 -24.863 101.45 -0.439 30.128 59.036
1.725 -0.252 -5.036 -24.863 101.45 -0.588 30.023 60.502
1.775 -0.198 67.106 2.395 -2.044 -0.603 -1.035 58.322
1.826 -0.244 -5.036 -24.863 101.45 -0.644 29.984 59.739
1.876 -0.221 63.294 2.395 -2.167 -0.659 -1.111 57.674
1.927 -0.29 -5.036 -24.863 101.45 -0.78 29.889 59.042
1.977 -0.244 -5.036 -24.863 101.45 -0.772 29.895 60.347
2.027 -0.244 65.473 4.804 -4.196 -0.739 -1.776 58.323
2.079 -0.282 -5.036 -24.863 101.45 -0.83 29.854 59.592
2.128 -0.275 64.928 2.997 -2.643 -0.867 -1.4 57.704
2.179 -0.259 -5.036 -24.863 101.45 -0.839 29.848 58.945
2.228 -0.244 -5.036 -24.863 101.45 -0.803 29.873 60.135
2.278 -0.305 65.2 2.846 -2.499 -0.939 -1.407 58.325
2.329 -0.259 -5.036 -24.863 101.45 -0.908 29.799 59.49
2.379 -0.313 65.744 2.846 -2.479 -1.004 -1.446 57.747
2.430 -0.252 -5.036 -24.863 101.45 -0.925 29.787 58.893
2.480 -0.298 -5.036 -24.863 101.45 -0.991 29.741 59.992
2.530 -0.252 63.567 2.846 -2.564 -0.936 -1.424 58.308
2.583 -0.198 -5.036 -24.863 101.45 -0.763 29.901 59.402
2.632 -0.267 65.744 2.846 -2.479 -0.901 -1.374 57.77
2.683 -0.175 -5.036 -24.863 101.45 -0.737 29.919 58.853
2.732 -0.221 -5.036 -24.863 101.45 -0.779 29.89 59.896
2.782 -0.29 64.112 2.545 -2.273 -1.028 -1.402 58.308
2.833 -0.206 -5.036 -24.863 101.45 -0.874 29.823 59.342
2.883 -0.198 65.473 2.997 -2.621 -0.777 -1.33 57.796
2.934 -0.237 -5.036 -24.863 101.45 -0.893 29.81 58.819
2.984 -0.206 -5.036 -24.863 101.45 -0.852 29.839 59.815
3.034 -0.29 65.473 2.696 -2.358 -1.086 -1.468 58.295
3.087 -0.259 -5.036 -24.863 101.45 -1.09 29.672 59.28
3.136 -0.252 66.017 2.093 -1.816 -1.049 -1.279 57.81
3.188 -0.168 -5.036 -24.863 101.45 -0.788 29.883 58.798
3.239 -0.198 -5.036 -24.863 101.45 -0.809 29.869 59.757
3.298 -0.191 61.934 3.148 -2.91 -0.828 -1.453 58.29
3.350 -0.244 -5.036 -24.863 101.45 -1.008 29.729 59.241
3.399 -0.214 65.473 2.997 -2.621 -0.971 -1.466 57.806
3.450 -0.137 -5.036 -24.863 101.45 -0.687 29.954 58.766
3.500 -0.343 -5.036 -24.863 101.45 -1.338 29.498 59.681
3.550 -0.168 63.294 3.298 -2.983 -0.939 -1.552 58.258
3.601 -0.244 -5.036 -24.863 101.45 -1.047 29.702 59.183
3.651 -0.275 65.473 2.997 -2.621 -1.248 -1.66 57.78
3.702 -0.32 -5.036 -24.863 101.45 -1.46 29.413 58.696
3.751 -0.206 -5.036 -24.863 101.45 -1.093 29.67 59.603
3.800 -0.259 64.384 1.792 -1.594 -1.19 -1.311 58.235
3.851 -0.259 -5.036 -24.863 101.45 -1.256 29.556 59.136
3.900 -0.153 65.744 2.846 -2.479 -0.856 -1.343 57.78
3.951 -0.328 -5.036 -24.863 101.45 -1.449 29.421 58.675
4.000 -0.29 -5.036 -24.863 101.45 -1.488 29.393 59.555
4.049 -0.29 66.833 2.244 -1.923 -1.464 -1.602 58.203
4.100 -0.29 -5.036 -24.863 101.45 -1.479 29.4 59.085
4.150 -0.214 64.928 2.997 -2.643 -1.178 -1.617 57.742
4.201 -0.336 -5.036 -24.863 101.45 -1.626 29.297 58.621
4.251 -0.229 -5.036 -24.863 101.45 -1.309 29.519 59.494
4.300 -0.145 64.657 2.244 -1.988 -0.852 -1.193 58.177
4.351 -0.214 -5.036 -24.863 101.45 -1.076 29.682 59.054
4.400 -0.328 64.384 2.395 -2.13 -1.657 -1.799 57.729
4.451 -0.214 -5.036 -24.863 101.45 -1.281 29.538 58.609
4.501 -0.206 -5.036 -24.863 101.45 -1.141 29.636 59.473
4.551 -0.259 63.023 2.244 -2.039 -1.385 -1.581 58.159
4.602 -0.214 -5.036 -24.863 101.45 -1.244 29.564 59.026
4.652 -0.29 66.017 2.696 -2.339 -1.563 -1.796 57.716
4.703 -0.16 -5.036 -24.863 101.45 -1.042 29.706 58.593
4.753 -0.275 -5.036 -24.863 101.45 -1.467 29.408 59.441
4.803 -0.29 64.112 1.641 -1.466 -1.668 -1.607 58.149
4.854 -0.206 -5.036 -24.863 101.45 -1.29 29.532 59.008
4.903 -0.175 65.473 1.792 -1.568 -1.064 -1.215 57.738
4.954 -0.206 -5.036 -24.863 101.45 -1.196 29.598 58.602
5.004 -0.13 -5.036 -24.863 101.45 -0.857 29.835 59.459
5.054 -0.244 66.562 2.093 -1.801 -1.363 -1.494 58.175
5.105 -0.221 -5.036 -24.863 101.45 -1.372 29.475 59.026
5.155 -0.191 -5.036 -24.863 101.45 -1.206 29.591 59.866
5.205 -0.29 66.017 2.395 -2.078 -1.7 -1.813 58.57
5.256 -0.298 -5.036 -24.863 101.45 -1.856 29.136 59.402
5.305 -0.282 65.2 2.846 -2.499 -1.794 -2.006 58.109
5.356 -0.229 -5.036 -24.863 101.45 -1.509 29.379 58.954
5.405 -0.183 -5.036 -24.863 101.45 -1.218 29.582 59.79
5.455 -0.198 65.744 2.545 -2.217 -1.263 -1.549 58.509
5.506 -0.244 -5.036 -24.863 101.45 -1.541 29.356 59.343
5.556 -0.191 64.384 2.997 -2.665 -1.305 -1.713 58.064
5.607 -0.198 -5.036 -24.863 101.45 -1.301 29.524 58.909
5.657 -0.259 -5.036 -24.863 101.45 -1.663 29.271 59.733
5.707 -0.259 64.112 3.148 -2.811 -1.737 -2.059 58.44
5.758 -0.252 -5.036 -24.863 101.45 -1.71 29.238 59.271
5.807 -0.198 65.2 3.148 -2.764 -1.402 -1.811 57.995
5.858 -0.381 -5.036 -24.863 101.45 -2.43 28.734 58.817
5.907 -0.229 -5.036 -24.863 101.45 -1.734 29.221 59.642
5.957 -0.282 66.562 2.696 -2.319 -1.909 -2.032 58.363
6.011 -0.183 -5.036 -24.863 101.45 -1.382 29.468 59.199
6.061 -0.206 65.744 4.051 -3.526 -1.432 -2.06 57.912
6.112 -0.29 -5.036 -24.863 101.45 -1.978 29.05 58.743
6.163 -0.175 -5.036 -24.863 101.45 -1.369 29.477 59.572
6.212 -0.175 63.294 2.997 -2.711 -1.262 -1.697 58.302
6.263 -0.275 -5.036 -24.863 101.45 -1.897 29.107 59.127
6.313 -0.313 64.928 2.696 -2.378 -2.251 -2.289 57.856
6.365 -0.282 -5.036 -24.863 101.45 -2.108 28.959 58.686
6.415 -0.259 -5.036 -24.863 101.45 -1.943 29.075 59.505
6.465 -0.175 66.833 3.75 -3.211 -1.39 -1.936 58.229
6.516 -0.237 -5.036 -24.863 101.45 -1.719 29.232 59.057
6.566 -0.221 64.384 2.093 -1.862 -1.688 -1.74 57.81
6.620 -0.214 -5.036 -24.863 101.45 -1.638 29.288 58.647
6.670 -0.198 -5.036 -24.863 101.45 -1.535 29.36 59.473
6.719 -0.298 66.562 3.6 -3.096 -2.2 -2.469 58.188
6.770 -0.267 -5.036 -24.863 101.45 -2.106 28.961 59.012
6.820 -0.191 63.567 2.846 -2.564 -1.57 -1.868 57.758
6.871 -0.114 -5.036 -24.863 101.45 -0.974 29.753 58.605
6.920 -0.29 -5.036 -24.863 101.45 -2.121 28.95 59.42
6.970 -0.282 66.833 1.943 -1.665 -2.256 -2.079 58.169
7.021 -0.298 -5.036 -24.863 101.45 -2.374 28.773 58.989
7.072 -0.275 65.2 1.641 -1.442 -2.243 -2.003 57.75
7.123 -0.275 -5.036 -24.863 101.45 -2.234 28.871 58.579
7.173 -0.32 -5.036 -24.863 101.45 -2.57 28.636 59.389
7.223 -0.237 64.928 1.189 -1.049 -2.032 -1.737 58.156
7.276 -0.252 -5.036 -24.863 101.45 -2.071 28.985 58.981
7.326 -0.191 65.473 3.901 -3.41 -1.651 -2.179 57.713
7.377 -0.221 -5.036 -24.863 101.45 -1.821 29.16 58.548
7.427 -0.137 -5.036 -24.863 101.45 -1.238 29.568 59.378
7.476 -0.168 64.657 2.846 -2.52 -1.393 -1.731 58.126
7.527 -0.237 -5.036 -24.863 101.45 -1.952 29.069 58.952
7.577 -0.252 64.928 3.298 -2.908 -2.146 -2.375 57.69
