time gyroz magX magY yaw_mag yaw_gyro yaw_cf yaw_kf
0.206 -0.298 -5.036 -24.863 101.45 -0.061 30.392 80.448
0.259 -0.275 58.122 4.954 -4.872 -0.369 -1.72 42.424
0.313 -0.259 -5.036 -24.863 101.45 -0.356 30.186 60.591
0.365 -0.381 56.761 5.406 -5.441 -0.398 -1.911 44.982
0.419 -0.42 -5.036 -24.863 101.45 -0.557 30.045 55.722
0.474 -0.298 -5.036 -24.863 101.45 -0.561 30.042 63.028
0.528 -0.282 60.028 4.202 -4.004 -0.447 -1.514 53.703
0.582 -0.336 -5.036 -24.863 101.45 -0.478 30.1 59.483
0.634 -0.32 62.478 6.461 -5.904 -0.539 -2.148 52.318
0.688 -0.328 -5.036 -24.863 101.45 -0.546 30.053 57.112
0.740 -0.359 59.755 5.858 -5.599 -0.594 -2.096 51.426
0.792 -0.259 -5.036 -24.863 101.45 -0.564 30.04 55.524
0.842 -0.305 -5.036 -24.863 101.45 -0.516 30.074 59.006
0.891 -0.351 60.028 5.406 -5.146 -0.618 -1.976 54.374
0.942 -0.229 -5.036 -24.863 101.45 -0.567 30.038 57.492
0.992 -0.313 60.572 7.515 -7.072 -0.539 -2.499 53.374
1.045 -0.252 -5.036 -24.863 101.45 -0.576 30.032 56.201
1.094 -0.214 -5.036 -24.863 101.45 -0.486 30.095 58.728
1.144 -0.29 62.205 5.406 -4.967 -0.546 -1.872 55.26
1.195 -0.244 -5.036 -24.863 101.45 -0.582 30.028 57.597
1.244 -0.412 60.3 6.159 -5.832 -0.757 -2.279 54.427
1.295 -0.29 -5.036 -24.863 101.45 -0.788 29.883 56.602
1.345 -0.305 -5.036 -24.863 101.45 -0.7 29.945 58.597
1.395 -0.275 60.028 6.009 -5.716 -0.689 -2.197 55.749
1.446 -0.336 -5.036 -24.863 101.45 -0.761 29.902 57.632
1.497 -0.305 59.755 4.653 -4.453 -0.793 -1.891 55.057
1.549 -0.351 -5.036 -24.863 101.45 -0.849 29.841 56.842
1.599 -0.237 -5.036 -24.863 101.45 -0.73 29.924 58.518
1.648 -0.313 59.484 4.502 -4.328 -0.753 -1.826 56.136
1.699 -0.328 -5.036 -24.863 101.45 -0.87 29.826 57.734
1.748 -0.313 61.389 4.352 -4.055 -0.875 -1.829 55.51
1.799 -0.244 -5.036 -24.863 101.45 -0.752 29.909 57.053
1.848 -0.259 -5.036 -24.863 101.45 -0.723 29.929 58.509
1.897 -0.389 60.845 5.256 -4.937 -0.997 -2.179 56.377
1.948 -0.244 -5.036 -24.863 101.45 -0.864 29.83 57.789
1.998 -0.275 61.389 4.954 -4.614 -0.793 -1.939 55.785
2.051 -0.328 -5.036 -24.863 101.45 -0.948 29.771 57.148
2.101 -0.275 -5.036 -24.863 101.45 -0.906 29.801 58.453
2.152 -0.298 63.567 5.557 -4.996 -0.916 -2.14 56.527
2.206 -0.298 -5.036 -24.863 101.45 -0.955 29.766 57.798
2.257 -0.313 60.572 6.009 -5.665 -1.004 -2.402 55.931
2.312 -0.389 -5.036 -24.863 101.45 -1.212 29.587 57.166
2.364 -0.252 -5.036 -24.863 101.45 -0.985 29.746 58.365
2.414 -0.305 60.3 7.063 -6.681 -0.988 -2.696 56.538
2.465 -0.275 -5.036 -24.863 101.45 -0.983 29.747 57.714
2.519 -0.206 58.939 4.804 -4.66 -0.794 -1.954 56.014
2.571 -0.282 -5.036 -24.863 101.45 -0.931 29.783 57.171
2.621 -0.237 -5.036 -24.863 101.45 -0.903 29.803 58.292
2.670 -0.267 59.484 6.31 -6.055 -0.95 -2.481 56.598
2.721 -0.282 -5.036 -24.863 101.45 -1.034 29.711 57.7
2.770 -0.237 59.755 5.256 -5.027 -0.938 -2.165 56.084
2.821 -0.259 -5.036 -24.863 101.45 -0.968 29.757 57.176
2.870 -0.298 -5.036 -24.863 101.45 -1.114 29.655 58.23
2.920 -0.343 61.389 5.557 -5.172 -1.3 -2.462 56.635
2.971 -0.221 -5.036 -24.863 101.45 -1.0 29.735 57.688
3.021 -0.336 59.484 4.502 -4.328 -1.236 -2.164 56.152
3.073 -0.298 -5.036 -24.863 101.45 -1.252 29.559 57.189
3.123 -0.267 -5.036 -24.863 101.45 -1.132 29.643 58.199
3.172 -0.32 57.85 5.708 -5.635 -1.282 -2.588 56.659
3.223 -0.313 -5.036 -24.863 101.45 -1.329 29.505 57.66
3.272 -0.313 59.755 4.954 -4.739 -1.337 -2.358 56.173
3.323 -0.267 -5.036 -24.863 101.45 -1.2 29.595 57.173
3.372 -0.328 -5.036 -24.863 101.45 -1.373 29.474 58.141
3.422 -0.374 59.484 5.105 -4.905 -1.608 -2.597 56.663
3.473 -0.32 -5.036 -24.863 101.45 -1.485 29.396 57.629
3.523 -0.267 57.577 6.159 -6.106 -1.261 -2.714 56.16
3.575 -0.374 -5.036 -24.863 101.45 -1.604 29.312 57.119
3.625 -0.305 -5.036 -24.863 101.45 -1.48 29.399 58.062
3.674 -0.298 61.661 6.009 -5.566 -1.4 -2.65 56.616
3.725 -0.183 -5.036 -24.863 101.45 -0.98 29.749 57.572
3.776 -0.282 59.211 5.858 -5.65 -1.248 -2.569 56.148
3.828 -0.282 -5.036 -24.863 101.45 -1.361 29.482 57.093
3.878 -0.237 -5.036 -24.863 101.45 -1.201 29.594 58.022
3.927 -0.313 60.572 6.009 -5.665 -1.466 -2.726 56.604
3.978 -0.328 -5.036 -24.863 101.45 -1.618 29.302 57.524
4.028 -0.282 60.845 5.858 -5.499 -1.464 -2.674 56.132
4.079 -0.313 -5.036 -24.863 101.45 -1.559 29.344 57.055
4.129 -0.305 -5.036 -24.863 101.45 -1.572 29.335 57.961
4.178 -0.244 58.122 4.954 -4.872 -1.324 -2.388 56.592
4.229 -0.229 -5.036 -24.863 101.45 -1.212 29.587 57.507
4.278 -0.244 58.939 5.406 -5.241 -1.273 -2.463 56.146
4.329 -0.282 -5.036 -24.863 101.45 -1.465 29.409 57.059
4.378 -0.374 -5.036 -24.863 101.45 -1.919 29.092 57.943
4.428 -0.229 60.845 6.159 -5.78 -1.388 -2.706 56.576
4.479 -0.237 -5.036 -24.863 101.45 -1.291 29.531 57.478
4.532 -0.336 61.934 4.954 -4.573 -1.76 -2.604 56.139
4.583 -0.32 -5.036 -24.863 101.45 -1.803 29.173 57.036
4.633 -0.252 -5.036 -24.863 101.45 -1.488 29.393 57.923
4.682 -0.366 61.661 6.31 -5.843 -1.966 -3.129 56.555
4.735 -0.328 -5.036 -24.863 101.45 -1.919 29.092 57.438
4.784 -0.328 59.755 5.256 -5.027 -1.897 -2.836 56.104
4.835 -0.343 -5.036 -24.863 101.45 -1.986 29.045 56.989
4.884 -0.282 -5.036 -24.863 101.45 -1.72 29.231 57.864
4.934 -0.313 60.845 5.557 -5.218 -1.826 -2.844 56.528
4.985 -0.343 -5.036 -24.863 101.45 -2.023 29.019 57.401
5.036 -0.381 59.484 5.708 -5.481 -2.262 -3.228 56.064
5.087 -0.275 -5.036 -24.863 101.45 -1.78 29.189 56.949
5.137 -0.29 -5.036 -24.863 101.45 -1.765 29.2 57.817
5.187 -0.305 63.294 6.31 -5.693 -1.872 -3.018 56.482
5.240 -0.237 -5.036 -24.863 101.45 -1.547 29.352 57.361
5.291 -0.282 59.484 6.009 -5.768 -1.729 -2.941 56.038
5.342 -0.305 -5.036 -24.863 101.45 -1.911 29.097 56.915
5.392 -0.32 -5.036 -24.863 101.45 -2.03 29.014 57.775
5.441 -0.359 57.85 5.708 -5.635 -2.273 -3.282 56.444
5.510 -0.374 -5.036 -24.863 101.45 -2.42 28.741 57.304
5.560 -0.198 59.755 5.858 -5.599 -1.475 -2.712 56.001
5.611 -0.32 -5.036 -24.863 101.45 -1.994 29.039 56.872
5.660 -0.343 -5.036 -24.863 101.45 -2.261 28.852 57.726
5.710 -0.374 59.211 6.159 -5.938 -2.479 -3.517 56.394
5.761 -0.313 -5.036 -24.863 101.45 -2.177 28.911 57.257
5.810 -0.381 61.116 5.708 -5.336 -2.527 -3.37 55.946
5.861 -0.305 -5.036 -24.863 101.45 -2.169 28.917 56.816
5.911 -0.214 -5.036 -24.863 101.45 -1.57 29.336 57.681
5.960 -0.305 61.389 5.256 -4.894 -2.032 -2.891 56.384
6.021 -0.336 -5.036 -24.863 101.45 -2.328 28.805 57.241
6.071 -0.381 58.666 6.159 -5.993 -2.649 -3.652 55.922
6.123 -0.214 -5.036 -24.863 101.45 -1.691 29.251 56.799
6.172 -0.29 61.389 6.159 -5.729 -2.004 -3.121 55.504
6.225 -0.252 -5.036 -24.863 101.45 -1.859 29.134 56.383
6.274 -0.313 -5.036 -24.863 101.45 -2.216 28.884 57.241
6.324 -0.206 61.661 6.009 -5.566 -1.616 -2.801 55.954
6.375 -0.198 -5.036 -24.863 101.45 -1.468 29.407 56.831
6.425 -0.359 61.934 5.256 -4.851 -2.505 -3.209 55.55
6.476 -0.275 -5.036 -24.863 101.45 -2.14 28.937 56.425
6.527 -0.374 -5.036 -24.863 101.45 -2.716 28.534 57.274
6.576 -0.267 62.205 6.009 -5.518 -2.13 -3.146 55.984
6.627 -0.267 -5.036 -24.863 101.45 -2.036 29.01 56.852
6.676 -0.191 61.389 5.256 -4.894 -1.542 -2.548 55.59
6.727 -0.267 -5.036 -24.863 101.45 -1.987 29.044 56.464
6.776 -0.244 -5.036 -24.863 101.45 -1.92 29.091 57.326
6.825 -0.29 61.389 5.557 -5.172 -2.223 -3.108 56.042
6.876 -0.359 -5.036 -24.863 101.45 -2.758 28.504 56.898
6.925 -0.32 61.661 6.009 -5.566 -2.575 -3.472 55.611
6.976 -0.32 -5.036 -24.863 101.45 -2.552 28.649 56.477
7.026 -0.198 -5.036 -24.863 101.45 -1.711 29.237 57.342
7.075 -0.267 62.205 4.804 -4.416 -2.087 -2.786 56.078
7.126 -0.282 -5.036 -24.863 101.45 -2.277 28.841 56.94
7.175 -0.267 -5.036 -24.863 101.45 -2.198 28.896 57.79
7.224 -0.259 59.755 5.557 -5.313 -2.138 -3.09 56.502
7.275 -0.32 -5.036 -24.863 101.45 -2.587 28.624 57.352
7.324 -0.313 61.934 4.954 -4.573 -2.612 -3.2 56.081
7.375 -0.351 -5.036 -24.863 101.45 -2.902 28.404 56.934
7.425 -0.267 -5.036 -24.863 101.45 -2.333 28.802 57.782
7.476 -0.282 59.211 5.256 -5.073 -2.375 -3.184 56.498
7.529 -0.282 -5.036 -24.863 101.45 -2.405 28.752 57.351
7.579 -0.313 63.023 4.954 -4.495 -2.654 -3.206 56.081
7.630 -0.221 -5.036 -24.863 101.45 -1.999 29.036 56.947
7.679 -0.29 -5.036 -24.863 101.45 -2.448 28.721 57.792
7.729 -0.275 60.572 6.009 -5.665 -2.415 -3.39 56.498
7.781 -0.336 -5.036 -24.863 101.45 -2.889 28.413 57.344
7.832 -0.237 60.845 6.461 -6.061 -2.192 -3.353 56.053
7.883 -0.221 -5.036 -24.863 101.45 -1.979 29.05 56.918
7.934 -0.351 -5.036 -24.863 101.45 -3.006 28.331 57.756
7.983 -0.282 59.755 5.557 -5.313 -2.602 -3.415 56.469
8.037 -0.259 -5.036 -24.863 101.45 -2.364 28.78 57.323
8.087 -0.29 62.205 6.31 -5.792 -2.604 -3.56 56.033
8.138 -0.298 -5.036 -24.863 101.45 -2.715 28.534 56.89
8.188 -0.282 58.939 5.406 -5.241 -2.607 -3.397 55.619
8.239 -0.328 -5.036 -24.863 101.45 -2.984 28.346 56.479
8.289 -0.252 -5.036 -24.863 101.45 -2.417 28.743 57.334
8.339 -0.32 61.116 5.105 -4.775 -2.92 -3.476 56.061
8.390 -0.328 -5.036 -24.863 101.45 -3.072 28.285 56.914
