time gyroz magX magY yaw_mag yaw_gyro yaw_cf yaw_kf
0.312 -0.168 24.251 12.959 61.881 -0.168 63.119
0.475 -1.06 25.874 12.959 63.396 -0.1 63.184
0.638 -4.99 25.513 11.31 66.092 -0.593 63.765
0.802 -0.046 25.604 12.135 64.641 -1.006 63.859
0.964 -0.038 25.063 12.135 64.165 -1.013 63.826
1.140 -0.542 26.325 11.584 66.249 -1.064 64.105
1.301 -0.58 25.694 10.761 67.275 -1.154 64.436
1.475 -0.702 25.874 14.606 60.555 -1.266 63.849
1.637 0.122 25.153 11.86 64.755 -1.313 63.893
1.802 -0.122 26.054 11.31 66.534 -1.313 64.089
1.963 0.13 25.063 11.584 65.194 -1.312 64.148
2.128 -0.32 25.694 12.409 64.222 -1.328 64.087
2.289 -0.748 25.423 9.937 68.651 -1.414 64.341
2.453 -0.435 26.054 10.211 68.599 -1.511 64.572
2.615 0.366 25.784 10.486 67.869 -1.516 64.78
2.779 -0.031 25.964 12.684 63.963 -1.489 64.692
2.940 -0.221 25.063 12.135 64.165 -1.509 64.612
3.104 -0.511 25.153 14.057 60.801 -1.569 64.327
3.265 -0.336 25.964 13.233 62.994 -1.637 64.199
3.429 0.237 25.243 11.035 66.387 -1.646 64.301
3.593 0.565 25.964 12.684 63.963 -1.58 64.303
3.757 -0.198 25.784 12.684 63.806 -1.55 64.243
3.918 -0.748 25.063 13.233 62.166 -1.626 64.067
4.082 -0.717 25.604 11.584 65.657 -1.746 64.056
4.243 -0.221 25.423 12.135 64.484 -1.821 64.032
4.408 0.748 25.964 12.684 63.963 -1.778 64.07
4.572 -0.183 25.604 12.135 64.641 -1.732 64.059
4.738 -0.748 25.063 12.684 63.157 -1.809 63.944
4.900 -1.137 26.054 12.409 64.532 -1.962 63.849
5.066 -0.862 25.423 9.937 68.651 -2.128 63.927
5.229 -0.137 25.423 12.684 63.485 -2.209 63.877
5.395 0.252 25.964 12.135 64.95 -2.199 63.914
5.557 -0.351 26.144 13.784 62.2 -2.207 63.807
5.721 -0.717 25.423 11.035 66.536 -2.295 63.813
5.883 -0.916 26.144 12.135 65.101 -2.427 63.752
6.048 -0.435 25.784 12.684 63.806 -2.539 63.693
6.211 0.618 25.513 10.211 68.187 -2.524 63.867
6.376 0.587 25.604 10.486 67.729 -2.424 64.021
6.539 -0.397 25.513 12.959 63.072 -2.409 63.943
6.704 -0.359 25.604 13.233 62.669 -2.471 63.858
6.865 -0.13 25.423 12.135 64.484 -2.511 63.85
7.028 0.122 25.604 11.584 65.657 -2.511 63.899
7.189 0.031 25.243 12.135 64.325 -2.499 63.902
7.353 -0.145 25.604 11.035 66.685 -2.508 63.954
7.515 -0.61 25.243 12.684 63.322 -2.569 63.868
7.683 -0.336 26.415 10.211 68.865 -2.649 63.957
7.844 1.564 25.604 10.486 67.729 -2.55 64.198
8.011 -1.694 24.972 12.959 62.573 -2.561 63.985
8.172 1.701 25.153 10.211 67.905 -2.56 64.243
8.336 -11.932 25.063 13.233 62.166 -3.399 63.004
8.497 5.196 25.423 10.486 67.586 -3.942 63.597
8.667 -8.324 25.243 8.288 71.824 -4.207 62.949
8.829 -0.374 26.144 13.784 62.2 -4.912 62.848
8.994 1.32 25.874 12.959 63.396 -4.834 62.953
9.156 7.057 25.153 12.959 62.742 -4.155 63.627
9.321 -6.538 24.972 12.409 63.576 -4.113 62.95
9.483 -17.7 25.333 15.157 59.107 -6.076 61.024
9.650 8.781 27.677 22.299 51.142 -6.821 61.609
9.812 -0.458 28.128 23.674 49.914 -6.146 61.238
9.975 -2.647 29.12 20.652 54.656 -6.4 60.764
10.137 -0.381 29.209 20.377 55.099 -6.645 60.541
10.300 -1.282 31.193 22.575 54.106 -6.78 60.21
10.460 0.023 30.833 20.377 56.54 -6.881 60.077
10.624 -1.251 31.374 20.377 56.997 -6.982 59.83
10.784 7.782 30.742 21.201 55.408 -6.459 60.494
10.946 -20.454 30.562 21.201 55.251 -7.486 58.213
11.107 -31.776 30.562 15.157 63.621 -11.69 54.923
11.271 -20.752 31.283 22.299 54.518 -15.997 52.574
11.433 -18.669 31.644 19.553 58.288 -19.191 50.53
11.599 -11.009 29.841 16.255 61.422 -21.654 49.369
11.760 -25.772 30.562 15.157 63.621 -24.615 46.704
11.923 -45.906 31.103 20.652 56.416 -30.456 41.75
12.083 -70.084 29.841 21.201 54.608 -39.736 34.187
12.246 -56.244 29.3 22.85 52.051 -50.031 28.035
12.414 -52.139 28.939 27.246 46.726 -59.136 22.218
12.581 -66.254 29.029 29.168 44.863 -69.021 14.88
12.751 -69.298 30.201 31.092 44.167 -80.543 7.228
12.914 -66.971 31.914 28.619 48.116 -91.649 -0.058
13.077 -60.921 32.816 34.663 43.432 -102.072 -6.755
13.242 -36.499 33.717 32.466 46.083 -110.11 -10.723
13.404 -39.551 35.61 32.741 47.404 -116.27 -14.925
13.568 -2.701 36.151 31.092 49.303 -119.734 -15.057
13.735 -12.909 36.151 32.741 47.834 -121.038 -16.241
13.904 -30.273 35.881 31.366 48.841 -124.687 -19.209
14.070 -46.135 36.783 30.817 50.044 -131.028 -23.807
14.239 -65.506 37.594 29.443 51.933 -140.462 -30.412
14.406 -79.224 38.315 25.597 56.254 -152.547 -38.368
14.578 -81.024 39.938 20.652 62.656 -166.328 -46.345
14.750 -83.939 40.93 19.277 64.781 -0.515 -54.548
14.921 -81.978 43.814 11.584 75.19 -14.701 -62.273
15.089 -86.685 43.544 2.518 86.69 -28.869 -70.216
15.257 -88.615 40.749 -3.251 94.561 -43.594 -78.152
15.422 -85.258 36.783 -7.098 100.922 -57.939 -85.535
15.590 -84.755 35.34 -9.845 105.567 -72.22 -92.706
15.761 -81.169 33.266 -7.373 102.497 -86.406 -99.485
15.928 -37.75 32.546 -7.922 103.68 -96.336 -101.434
16.092 -47.089 31.103 -5.174 99.445 -103.293 -104.401
16.260 2.518 31.103 -5.174 99.445 -107.037 -101.872
16.428 48.119 28.579 -4.076 98.117 -102.783 -94.296
16.610 -8.568 26.776 -6.823 104.296 -99.184 -92.694
16.775 -100.609 27.136 -2.976 96.259 -108.191 -101.261
16.942 -106.003 23.8 -1.603 93.853 -125.443 -110.44
17.104 -31.113 25.513 3.068 83.143 -136.55 -111.606
17.267 -49.271 26.054 -1.878 94.123 -143.101 -114.467
17.426 -27.702 26.685 3.893 81.7 -149.22 -115.161
17.588 -40.634 26.054 1.969 85.678 -154.755 -117.126
17.753 -32.936 26.505 2.793 83.985 -160.825 -118.226
17.916 -45.639 27.046 6.64 76.206 -167.229 -120.82
18.075 -36.659 26.144 12.135 65.101 -173.772 -122.601
18.238 27.672 26.776 14.057 62.301 -174.504 -117.319
18.399 23.941 27.046 13.233 63.929 -170.349 -112.342
18.562 -19.821 26.866 8.837 71.792 -170.013 -111.957
18.723 -44.388 24.972 9.662 68.848 -175.182 -114.301
18.886 -81.291 24.432 14.606 59.128 174.575 -120.873
19.050 -84.702 24.792 17.355 55.007 160.964 -127.884
19.210 -43.488 27.226 26.97 45.271 150.708 -130.532
19.374 -13.794 26.776 25.048 46.91 146.011 -129.833
19.547 -25.787 27.677 24.497 48.488 142.587 -130.369
19.718 -51.407 28.669 29.168 44.506 135.987 -133.76
19.890 -70.16 29.12 29.993 44.154 125.533 -139.188
20.063 -74.265 30.201 35.488 40.398 113.04 -145.109
20.236 -74.242 31.644 37.137 40.434 100.194 -150.988
20.403 -78.445 32.635 37.41 41.1 87.445 -157.273
20.573 -78.537 34.078 36.312 43.182 74.101 -163.48
20.742 -85.579 36.061 34.114 46.589 60.233 -170.345
20.906 -85.724 38.045 33.565 48.58 46.186 -177.133
21.068 -80.399 41.651 30.268 53.994 32.731 -183.17
21.236 -83.641 43.273 30.268 55.029 18.951 -189.484
21.404 -79.117 44.175 25.872 59.644 5.28 -195.144
21.571 -79.453 43.814 20.377 65.058 -7.961 -200.668
21.735 -84.351 41.831 9.386 77.353 -21.393 -206.422
21.898 -78.789 42.552 8.837 78.268 -34.689 -211.481
22.059 -84.435 40.118 7.464 79.461 -47.828 -217.074
22.220 -84.915 35.61 2.518 85.955 -61.461 -222.525
22.396 -81.772 32.816 -5.449 99.428 -76.13 -227.295
22.574 -83.176 30.111 -4.9 99.243 -90.81 -232.161
22.743 -82.596 28.759 0.32 89.362 -104.818 -237.094
22.917 -86.365 29.209 0.595 88.833 -119.517 -242.386
23.087 -86.472 28.218 2.518 84.901 -134.208 -247.698
23.268 -85.892 27.046 6.64 76.206 -149.807 -253.048
23.444 -77.614 26.325 9.386 70.377 -164.196 -257.524
23.620 -79.185 25.874 9.662 69.523 -177.994 -262.109
23.790 -78.621 25.694 14.606 60.384 168.592 -266.735
23.958 -83.618 25.333 20.102 51.568 154.964 -272.006
24.123 -77.324 25.694 25.048 45.729 141.686 -276.615
24.291 -78.293 29.12 32.741 41.65 128.615 -281.325
24.464 -78.102 29.3 33.29 41.352 115.086 -285.934
24.638 -80.612 32.455 39.059 39.724 101.278 -290.767
24.806 -77.431 32.094 37.961 40.213 88.003 -295.154
24.973 -79.155 34.709 35.488 44.364 74.928 -299.565
25.142 -80.208 34.348 32.19 46.858 61.462 -303.961
25.307 -77.141 38.495 28.894 53.108 48.48 -307.815
25.469 -79.43 40.659 31.092 52.595 35.798 -311.854
25.632 -74.272 41.921 28.894 55.423 23.271 -315.191
25.801 -80.421 43.544 29.993 55.441 10.2 -319.132
25.970 -83.267 43.814 23.124 62.176 -3.632 -323.183
26.135 -80.078 43.634 18.179 67.382 -17.108 -326.709
26.301 -80.719 40.93 7.739 79.293 -30.454 -330.003
26.464 -80.078 41.56 8.562 78.359 -43.559 -333.182
26.629 -82.161 40.028 7.739 79.057 -56.944 -336.515
26.797 -82.161 34.619 2.793 85.387 -70.747 -339.663
26.975 -79.277 31.463 -4.625 98.362 -85.115 -342.177
27.151 -82.367 29.3 -3.527 96.864 -99.339 -345.008
27.327 -81.673 29.029 0.046 89.909 -113.775 -347.849
27.501 -81.23 28.489 2.244 85.496 -127.947 -350.674
27.676 -81.413 27.497 3.617 82.506 -142.179 -353.523
27.850 -84.381 26.595 6.364 76.543 -156.603 -356.765
28.026 -78.896 26.054 8.562 71.808 -170.971 -359.438
28.192 -63.377 25.333 12.409 63.903 177.22 -360.493
28.360 -33.997 24.612 12.959 62.232 169.041 -358.268
28.525 -25.116 24.341 15.981 56.713 164.164 -355.107
28.691 -50.14 25.153 19.553 52.14 157.918 -354.746
28.854 -62.576 26.866 29.719 42.114 148.731 -355.914
29.020 0.114 28.218 32.741 40.757 143.547 -350.129
29.190 3.899 28.489 34.663 39.416 143.888 -343.899
29.362 -12.817 28.308 34.114 39.686 143.121 -339.472
29.532 -22.644 29.12 37.137 38.101 140.107 -336.139
29.704 -40.497 29.39 35.213 39.85 134.677 -334.73
29.874 -60.913 28.308 36.312 37.939 126.057 -335.611
30.046 -72.51 26.505 36.861 35.718 114.583 -337.819
30.220 -77.271 30.381 35.488 40.567 101.552 -340.457
30.396 -79.063 32.906 32.19 45.63 87.794 -343.192
30.570 -76.683 33.807 36.587 42.738 74.244 -345.718
30.743 -77.164 36.692 33.839 47.316 60.937 -348.199
30.905 -73.86 38.135 34.939 47.504 48.704 -350.302
31.067 -75.348 38.856 32.19 50.36 36.618 -352.501
31.227 -79.254 42.462 28.344 56.276 24.25 -355.002
31.389 -146.141 43.364 19.553 65.729 5.993 -364.707
31.552 -62.042 43.273 12.135 74.335 -10.974 -364.934
31.720 -113.091 40.659 -0.229 90.323 -25.685 -370.469
31.884 -44.304 40.659 -2.976 94.186 -38.592 -368.305
32.049 -80.971 39.036 -2.427 93.558 -48.927 -370.185
32.213 -85.693 38.225 -3.8 95.677 -62.593 -372.53
32.385 -46.082 34.438 -8.747 104.251 -73.926 -370.305
32.560 -58.502 33.898 -8.747 104.469 -83.077 -369.43
32.735 -73.372 32.365 -8.471 104.667 -94.616 -370.182
32.907 -76.79 31.914 -8.198 104.407 -107.53 -371.308
33.078 -80.025 31.013 -9.845 107.612 -120.938 -372.72
33.250 -77.156 28.038 -4.625 99.367 -134.455 -373.97
33.424 -78.781 27.767 -2.702 95.558 -148.022 -375.462
33.598 -77.66 26.866 1.144 87.562 -161.632 -376.975
33.774 -79.468 26.325 4.442 80.422 -175.459 -378.812
33.944 -77.538 25.784 9.386 69.997 171.195 -380.621
34.116 -78.789 25.964 19.828 52.632 157.751 -382.888
34.283 -77.507 27.857 21.75 52.018 144.7 -384.995
34.452 -78.499 28.038 25.597 47.606 131.518 -387.268
34.635 -80.933 30.381 27.795 47.545 116.93 -389.779
34.814 -80.101 30.922 28.344 47.491 102.517 -392.167
34.982 -82.153 32.365 34.388 43.264 88.888 -394.832
35.174 -80.078 33.357 33.565 44.822 73.314 -397.202
35.342 -79.796 35.25 32.19 47.598 59.884 -399.45
35.512 -83.458 37.323 29.719 51.471 46.008 -401.992
35.678 -85.548 38.045 26.421 55.221 31.98 -404.659
35.847 -78.438 38.225 24.224 57.637 18.123 -406.458
36.013 -77.545 39.487 17.079 66.61 5.177 -407.948
36.181 -81.764 41.11 13.784 71.464 -8.205 -409.777
36.343 -78.728 42.372 9.386 77.51 -21.205 -411.124
36.507 -79.46 44.445 4.716 83.943 -34.177 -412.398
36.676 -76.729 43.634 -3.251 94.261 -47.374 -413.141
36.845 -86.548 39.397 -5.724 98.267 -61.171 -414.872
37.012 -76.241 36.151 -9.571 104.829 -74.764 -415.314
37.186 -73.509 32.906 -12.318 110.523 -87.793 -415.323
37.361 -78.629 32.094 -7.647 103.402 -101.105 -416.025
37.537 -72.624 30.562 -7.922 104.532 -114.415 -416.024
37.710 -78.369 29.751 -7.647 104.415 -127.476 -416.646
37.887 -75.89 29.209 -6.549 102.637 -141.128 -417.015
38.059 -75.218 26.595 -1.329 92.861 -154.123 -417.488
38.232 -81.673 26.054 -0.778 91.71 -167.694 -418.683
38.403 -80.437 25.694 4.166 80.79 178.446 -419.941
38.574 -80.513 26.415 14.057 61.98 164.684 -421.561
38.742 -79.391 26.956 18.453 55.606 151.252 -423.158
38.910 -78.865 27.857 22.85 50.639 137.959 -424.768
39.077 -83.237 28.579 27.795 45.797 124.423 -426.928
39.244 -82.169 29.12 27.795 46.334 110.612 -428.93
39.411 -83.366 31.374 30.817 45.513 96.79 -431.051
39.582 -78.262 33.266 32.19 45.942 82.971 -432.568
39.755 -75.371 33.176 30.817 47.111 69.681 -433.71
39.923 -81.848 34.889 33.29 46.344 56.475 -435.554
40.088 -78.804 38.045 30.817 50.992 43.221 -436.941
40.265 -81.276 37.864 26.97 54.538 29.054 -438.502
40.431 -75.638 38.315 19.553 62.964 16.03 -439.247
40.614 -83.435 39.758 15.706 68.444 1.475 -440.722
40.776 -77.995 41.38 15.706 69.215 -11.601 -441.56
40.942 -78.201 42.643 9.113 77.937 -24.565 -442.226
41.103 -80.597 44.356 1.144 88.523 -37.348 -442.931
41.265 -38.918 42.552 -2.702 93.633 -47.029 -438.907
41.423 -45.067 40.389 -4.9 96.917 -53.664 -435.48
41.591 1.434 38.946 -7.098 100.329 -57.329 -426.828
41.762 17.181 39.577 -5.174 97.448 -55.737 -416.478
41.926 18.875 38.856 -2.976 94.38 -52.781 -405.998
42.092 5.768 38.315 -5.174 97.691 -50.735 -396.916
42.256 -18.425 38.225 -2.702 94.043 -51.773 -390.611
42.418 -74.745 38.495 -4.625 96.851 -59.32 -390.527
42.585 -133.789 33.627 -12.318 110.118 -76.733 -396.773
42.748 -113.35 29.57 -7.098 103.498 -96.875 -400.956
42.912 -98.221 26.144 -5.449 101.773 -114.223 -403.544
43.072 -70.877 23.71 -1.878 94.529 -127.751 -403.283
43.237 -65.46 22.628 10.211 65.712 -138.999 -403.014
43.397 -104.645 22.989 10.761 64.916 -152.607 -407.106
43.562 -113.762 23.259 18.728 51.159 -170.626 -412.496
43.732 -65.147 29.029 23.674 50.802 174.167 -412.517
43.895 -4.211 30.292 28.619 46.627 168.514 -405.863
44.065 -0.618 30.381 27.246 48.114 168.104 -398.76
44.236 -4.372 28.759 23.948 50.215 167.677 -392.019
44.406 -31.654 29.029 24.224 50.156 164.615 -388.3
44.571 26.024 30.111 17.629 59.652 164.15 -378.023
44.735 -7.057 33.717 22.575 56.196 165.706 -371.487
44.895 9.026 33.176 22.575 55.766 165.863 -363.209
45.054 8.682 33.086 21.201 57.349 167.271 -354.97
45.215 -0.778 32.005 19.004 59.299 167.907 -347.782
45.374 -1.19 33.086 21.201 57.349 167.751 -340.729
45.536 -1.541 32.906 19.553 59.281 167.53 -333.735
45.696 0.175 32.455 20.377 57.877 167.42 -326.64
45.858 -1.335 32.365 21.75 56.098 167.326 -319.813
46.017 0.229 32.635 22.575 55.327 167.238 -312.899
46.190 -1.068 32.546 21.75 56.246 167.166 -306.182
46.349 -0.572 32.546 21.201 56.919 167.035 -299.473
46.518 -0.626 31.374 20.926 56.297 166.934 -292.862
46.678 -7.004 30.021 16.255 61.566 166.324 -286.935
46.841 -2.075 28.939 15.706 61.51 165.584 -280.549
47.000 3.845 29.029 14.333 63.722 165.725 -273.55
47.169 -0.191 24.792 12.409 63.411 166.033 -267.092
47.331 2.708 25.784 8.837 71.082 166.237 -260.251
47.496 -1.709 24.792 10.761 66.537 166.32 -254.082
47.660 0.092 25.153 9.662 68.987 166.187 -247.759
47.823 -2.312 25.964 10.486 68.008 166.006 -241.817
47.984 -0.084 26.144 17.079 56.845 165.813 -235.945
48.149 -0.206 26.866 14.333 61.92 165.789 -230.077
48.311 0.259 25.784 13.233 62.832 165.794 -224.234
48.477 1.686 25.964 12.684 63.963 165.955 -218.304
48.639 -1.358 25.964 12.135 64.95 165.982 -212.785
48.805 0.755 25.333 10.761 66.985 165.932 -207.087
48.969 -0.145 25.153 11.86 64.755 165.982 -201.628
49.136 0.389 25.694 11.86 65.223 166.002 -196.194
49.299 0.122 25.964 14.882 60.18 166.044 -190.983
49.466 -0.328 25.964 11.035 66.974 166.026 -185.779
49.630 -0.374 25.063 12.135 64.165 165.969 -180.728
49.795 -0.031 26.325 11.035 67.257 165.935 -175.67
49.958 1.434 26.144 11.584 66.103 166.05 -170.563
50.129 -2.853 25.874 12.959 63.396 165.928 -166.075
50.293 -0.763 27.136 9.662 70.401 165.632 -161.306
50.458 -4.89 26.144 7.739 73.51 165.166 -157.021
50.636 1.968 26.866 8.288 72.855 164.905 -152.081
50.799 -2.464 26.866 7.739 73.93 164.865 -147.697
50.960 -2.342 27.677 8.562 72.81 164.478 -143.409
51.149 -0.015 29.751 9.937 71.53 164.255 -138.974
51.308 0.153 28.669 12.684 66.134 164.266 -134.711
51.471 -1.396 28.939 8.562 73.518 164.165 -130.554
51.631 -0.58 28.038 11.31 68.032 164.007 -126.497
51.792 0.351 29.029 11.035 69.186 163.989 -122.393
51.952 -0.458 28.669 13.784 64.322 163.98 -118.553
52.116 -0.557 28.398 10.211 70.223 163.897 -114.683
52.277 -0.061 28.579 10.211 70.339 163.847 -110.832
52.441 -0.549 29.12 11.31 68.774 163.797 -107.142
52.603 -0.191 28.849 12.135 67.187 163.737 -103.516
52.767 -0.114 28.939 8.562 73.518 163.712 -99.829
52.928 0.244 29.029 9.937 71.103 163.723 -96.222
53.096 0.175 28.669 9.386 71.872 163.758 -92.678
53.258 -0.504 29.12 9.113 72.623 163.731 -89.265
53.419 -0.214 28.849 10.486 70.025 163.673 -85.94
53.584 0.031 29.029 11.035 69.186 163.658 -82.671
53.745 0.595 29.209 11.035 69.304 163.709 -79.404
53.912 -1.144 27.948 11.035 68.454 163.663 -76.41
54.074 -0.023 28.939 8.562 73.518 163.568 -73.255
54.235 -0.435 29.48 10.211 70.895 163.531 -70.261
54.400 0.259 28.849 9.937 70.994 163.517 -67.25
54.561 -1.007 28.669 8.837 72.868 163.457 -64.402
54.725 -0.366 29.48 8.562 73.805 163.344 -61.526
54.886 0.015 29.209 11.035 69.304 163.316 -58.755
55.052 0.168 28.849 10.486 70.025 163.331 -56.01
55.213 -1.534 28.669 13.784 64.322 163.221 -53.622
55.378 -0.366 29.39 11.035 69.42 163.064 -51.057
55.539 0.061 28.939 10.211 70.565 163.04 -48.475
55.704 -0.092 29.12 10.761 69.719 163.037 -45.98
55.865 0.252 28.579 9.113 72.314 163.05 -43.447
56.030 -0.969 29.209 8.837 73.167 162.991 -41.083
56.193 0.107 29.39 9.937 71.319 162.921 -38.688
56.358 -0.16 28.939 10.761 69.602 162.916 -36.405
56.521 0.351 29.209 12.135 67.439 162.932 -34.156
56.688 -0.862 29.12 8.013 74.615 162.889 -31.945
56.850 -0.854 29.57 9.386 72.39 162.75 -29.825
57.016 0.13 28.759 10.211 70.452 162.69 -27.68
57.178 -0.458 28.489 10.486 69.793 162.663 -25.658
57.341 -0.153 28.489 11.035 68.826 162.614 -23.664
57.502 -0.443 29.209 12.684 66.527 162.566 -21.789
57.670 -0.961 29.209 11.035 69.304 162.448 -19.957
57.831 -0.725 28.939 12.409 66.79 162.312 -18.189
57.994 0.175 29.029 9.386 72.082 162.267 -16.256
58.155 -0.206 29.209 10.486 70.252 162.265 -14.44
58.322 -0.267 28.939 11.31 68.653 162.225 -12.701
58.484 -1.579 28.218 9.662 71.099 162.076 -11.096
58.645 -0.389 28.759 9.662 71.429 161.917 -9.389
58.809 0.328 28.939 9.662 71.537 161.912 -7.637
58.970 -0.084 29.029 12.684 66.397 161.932 -6.067
59.135 0.275 28.489 8.288 73.779 161.948 -4.345
59.296 -0.641 28.759 12.409 66.661 161.918 -2.899
59.459 -0.526 29.931 9.386 72.589 161.823 -1.356
59.622 0.381 28.489 9.937 70.771 161.811 0.219
59.787 0.16 29.48 9.113 72.822 161.856 1.778
59.947 -0.732 28.669 11.584 67.998 161.81 3.111
60.111 -0.168 28.579 11.31 68.409 161.736 4.485
60.276 -0.648 28.308 10.486 69.674 161.669 5.802
60.439 1.129 29.48 11.86 68.085 161.708 7.255
60.601 13.908 28.398 10.211 70.223 162.926 10.137
60.765 0.633 28.128 9.386 71.547 164.119 11.551
60.925 -2.48 29.48 11.86 68.085 163.971 12.521
61.090 0.13 29.209 8.837 73.167 163.777 13.851
61.250 -1.106 28.218 10.211 70.107 163.699 14.955
61.413 -0.839 29.209 9.386 72.186 163.54 16.103
61.574 0.443 28.669 10.486 69.909 163.508 17.319
