time gyroz magX magY yaw_mag yaw_gyro yaw_cf yaw_kf
0.363 -0.267 4.098 10.04 -67.796 -0.364 -20.594 -66.697
1.422 -0.237 4.231 9.654 -66.334 -0.574 -20.302 -66.598
2.481 -38.132 4.892 9.847 -63.582 -132.737 -111.99 -65.869
3.539 -56.206 7.272 15.264 -64.526 -75.119 -71.941 -65.702
4.620 -20.576 12.031 17.199 -55.027 -115.637 -97.454 -64.183
5.729 46.951 12.957 17.392 -53.314 135.933 79.159 -61.717
6.845 -0.252 8.991 15.071 -59.181 -1.977 -19.138 -61.55
7.951 -40.611 7.404 17.392 -66.94 176.491 103.462 -62.513
9.043 -16.35 11.503 17.199 -56.225 -164.203 -131.81 -61.873
10.152 40.031 12.957 17.199 -53.007 -93.574 -81.404 -60.297
11.287 -1.846 9.123 17.392 -62.321 -22.682 -34.574 -60.5
12.390 -43.091 5.818 14.491 -68.125 -36.988 -46.329 -61.63
13.489 4.555 11.37 17.005 -56.232 65.997 29.328 -61.347
14.602 51.254 11.767 17.78 -56.503 -100.335 -87.185 -60.772
15.706 -19.035 5.685 15.458 -69.808 -137.999 -117.542 -61.423
16.796 -37.231 9.52 16.811 -60.477 -122.563 -103.937 -61.797
17.887 1.579 13.486 17.005 -51.583 29.823 5.401 -60.629
19.015 -1.289 14.411 16.232 -48.401 -25.799 -32.58 -59.204
20.144 25.223 14.014 16.232 -49.194 -6.685 -19.438 -57.31
21.273 29.419 13.222 18.166 -53.951 115.249 64.489 -56.189
22.379 8.263 9.784 18.166 -61.694 13.181 -9.282 -56.238
23.494 -40.07 7.404 16.619 -65.986 -81.475 -76.828 -56.899
24.585 -25.795 11.503 18.166 -57.657 -119.965 -101.273 -57.002
25.698 3.601 12.428 16.232 -52.561 96.139 51.529 -56.553
26.809 32.257 13.222 17.005 -52.134 -2.965 -17.716 -55.787
27.933 41.954 11.106 18.94 -59.614 -46.145 -50.186 -55.606
29.022 -31.342 5.685 16.038 -70.482 -40.95 -49.81 -56.633
30.114 -33.485 9.387 17.392 -61.643 -141.852 -117.789 -57.088
31.220 0.381 11.899 16.038 -53.427 12.276 -7.435 -56.645
32.336 0.366 11.238 16.425 -55.62 12.201 -8.145 -56.494
33.443 37.216 11.635 17.78 -56.8 21.831 -1.758 -56.326
34.564 38.338 9.651 17.78 -61.507 103.453 53.965 -55.904
35.652 -0.244 5.685 14.683 -68.834 -8.943 -26.91 -56.821
36.746 -0.282 5.024 14.297 -70.638 -10.644 -28.642 -58.047
37.845 -0.313 4.892 14.104 -70.871 -12.158 -29.772 -58.95
38.942 -0.298 4.892 14.104 -70.871 -11.903 -29.593 -59.648
