time,s Volts,V  gyroz magX magY yaw_rm yaw_rg yaw_cf yaw_kf
0.305 -0.237 -3.38 16.86 -101.336 -0.039 -76.012 0
0.306 -0.015 -3.38 16.24 -101.757 -0.154 -76.356 0
0.306 -7.095 -5.46 16.24 -108.583 -1.271 -81.755 0
0.307 -0.824 -3.9 16.86 -103.024 -4.725 -78.449 0
0.308 -0.45 -2.86 16.55 -99.804 -2.971 -75.596 0
0.309 -0.504 -3.9 15.61 -104.028 -1.83 -78.478 0
0.313 -0.191 -1.82 17.49 -95.941 -0.645 -72.117 0
0.318 -1.297 -4.16 17.33 -103.498 -0.584 -77.77 0
0.323 -0.45 -3.38 16.24 -101.757 -1.074 -76.586 0
0.324 -0.786 -2.6 17.33 -98.532 -0.891 -74.122 0
0.325 -0.313 -4.94 17.17 -106.051 -0.936 -79.772 0
0.326 -0.565 -2.6 17.64 -98.385 -0.638 -73.948 0
0.331 -0.473 -3.9 17.8 -102.358 -0.69 -76.941 0
