time gyroz magX magY yaw_mag yaw_gyro yaw_cf yaw_kf
0.206 -0.282 -5.036 -24.863 101.45 -0.058 30.394 80.468
0.259 -0.16 70.101 5.256 -4.288 -0.323 -1.512 42.701
0.312 -0.206 -5.036 -24.863 101.45 -0.224 30.278 60.789
0.368 -0.229 69.283 5.708 -4.71 -0.29 -1.616 45.319
0.424 -0.252 -5.036 -24.863 101.45 -0.336 30.2 56.009
0.477 -0.237 -5.036 -24.863 101.45 -0.365 30.179 63.28
0.529 -0.229 70.101 6.159 -5.021 -0.358 -1.757 53.788
0.586 -0.259 -5.036 -24.863 101.45 -0.381 30.168 59.568
0.643 -0.229 68.467 5.858 -4.89 -0.406 -1.751 52.516
0.698 -0.206 -5.036 -24.863 101.45 -0.373 30.174 57.305
0.752 -0.32 67.378 4.954 -4.205 -0.447 -1.574 51.735
0.806 -0.13 -5.036 -24.863 101.45 -0.425 30.138 55.823
0.862 -0.229 65.744 6.159 -5.352 -0.327 -1.835 51.097
0.917 -0.259 -5.036 -24.863 101.45 -0.467 30.108 54.661
0.970 -0.282 -5.036 -24.863 101.45 -0.533 30.062 57.763
1.029 -0.191 67.651 4.202 -3.554 -0.479 -1.401 53.867
1.083 -0.16 -5.036 -24.863 101.45 -0.364 30.18 56.678
1.142 -0.359 67.922 5.858 -4.929 -0.57 -1.878 53.151
1.197 -0.282 -5.036 -24.863 101.45 -0.697 29.947 55.713
1.252 -0.275 66.289 5.858 -5.05 -0.626 -1.953 52.553
1.312 -0.244 -5.036 -24.863 101.45 -0.595 30.018 54.921
1.367 -0.244 70.101 4.352 -3.552 -0.578 -1.47 52.126
1.423 -0.275 -5.036 -24.863 101.45 -0.635 29.99 54.323
1.482 -0.206 -5.036 -24.863 101.45 -0.58 30.029 56.353
1.538 -0.267 68.467 5.557 -4.64 -0.617 -1.824 53.746
1.594 -0.137 -5.036 -24.863 101.45 -0.485 30.095 55.666
1.646 -0.244 68.467 5.858 -4.89 -0.539 -1.844 53.239
1.701 -0.237 -5.036 -24.863 101.45 -0.647 29.982 55.053
1.754 -0.206 68.74 5.105 -4.247 -0.598 -1.693 52.812
1.809 -0.191 -5.036 -24.863 101.45 -0.552 30.049 54.543
1.861 -0.305 -5.036 -24.863 101.45 -0.759 29.904 56.161
1.917 -0.198 69.012 5.256 -4.355 -0.685 -1.786 54.05
1.973 -0.244 -5.036 -24.863 101.45 -0.679 29.96 55.61
2.031 -0.214 69.556 4.954 -4.074 -0.679 -1.698 53.618
2.090 -0.221 -5.036 -24.863 101.45 -0.676 29.962 55.123
2.146 -0.237 68.467 4.352 -3.637 -0.73 -1.602 53.239
2.200 -0.183 -5.036 -24.863 101.45 -0.64 29.987 54.697
2.252 -0.252 69.556 4.954 -4.074 -0.751 -1.748 52.881
2.305 -0.221 -5.036 -24.863 101.45 -0.761 29.902 54.291
2.360 -0.221 -5.036 -24.863 101.45 -0.743 29.915 55.639
2.413 -0.191 69.556 5.858 -4.814 -0.682 -1.922 53.874
2.466 -0.175 -5.036 -24.863 101.45 -0.623 29.999 55.193
2.517 -0.183 69.283 4.502 -3.718 -0.636 -1.561 53.524
2.570 -0.237 -5.036 -24.863 101.45 -0.792 29.881 54.806
2.628 -0.229 66.562 4.502 -3.869 -0.839 -1.748 53.185
2.681 -0.198 -5.036 -24.863 101.45 -0.76 29.903 54.443
2.733 -0.168 -5.036 -24.863 101.45 -0.657 29.975 55.66
2.785 -0.183 69.556 5.256 -4.321 -0.678 -1.771 54.071
2.843 -0.191 -5.036 -24.863 101.45 -0.726 29.927 55.264
2.895 -0.229 67.651 6.009 -5.076 -0.854 -2.121 53.697
2.947 -0.259 -5.036 -24.863 101.45 -0.992 29.741 54.864
3.000 -0.198 69.012 5.557 -4.604 -0.853 -1.978 53.352
3.061 -0.198 -5.036 -24.863 101.45 -0.804 29.872 54.509
3.114 -0.29 -5.036 -24.863 101.45 -1.101 29.664 55.622
3.167 -0.206 66.833 4.653 -3.983 -0.942 -1.854 54.15
