time gyroz magX magY yaw_mag yaw_gyro yaw_cf yaw_kf
0.211 -0.198 -26.735 -26.766 134.967 -0.24 40.322 -63.83
0.514 -0.542 2.605 18.945 -82.171 -0.821 -25.226 -65.321
0.819 -0.252 -26.735 -26.766 134.967 -0.458 40.17 -50.555
1.126 -0.259 3.214 17.531 -79.611 -0.551 -24.269 -52.617
1.432 -0.32 -26.735 -26.766 134.967 -0.778 39.946 -40.546
1.734 -0.298 -26.735 -26.766 134.967 -0.815 39.92 -29.906
2.032 -0.221 1.996 17.767 -83.59 -0.67 -25.546 -32.971
2.343 -0.328 -26.735 -26.766 134.967 -1.097 39.722 -23.946
2.655 -0.206 2.118 17.295 -83.018 -0.753 -25.432 -26.991
2.961 -0.267 -26.735 -26.766 134.967 -1.058 39.75 -19.138
3.268 -0.191 2.97 17.531 -80.385 -0.815 -24.686 -22.034
3.596 -0.221 -26.735 -26.766 134.967 -1.016 39.779 -15.14
3.901 -0.168 2.483 18.238 -82.247 -0.823 -25.25 -18.016
4.207 -0.175 -26.735 -26.766 134.967 -0.911 39.852 -11.796
4.513 -0.206 -26.735 -26.766 134.967 -1.136 39.695 -6.094
4.818 -0.175 2.483 18.238 -82.247 -1.018 -25.387 -8.993
5.124 -0.259 -26.735 -26.766 134.967 -1.586 39.38 -3.772
5.425 -0.214 1.509 17.531 -85.08 -1.375 -26.486 -6.635
5.731 -0.198 -26.735 -26.766 134.967 -1.333 39.557 -1.918
6.036 -0.267 -26.735 -26.766 134.967 -1.879 39.175 2.547
6.341 -0.252 2.362 17.531 -82.327 -1.85 -25.993 -0.183
6.648 -0.214 -26.735 -26.766 134.967 -1.637 39.344 3.954
6.953 -0.282 2.605 17.531 -81.548 -2.243 -26.034 1.36
7.269 -0.267 -26.735 -26.766 134.967 -2.208 38.945 5.193
7.581 -0.275 3.092 18.002 -80.254 -2.36 -25.728 2.74
7.896 -0.267 -26.735 -26.766 134.967 -2.375 38.828 6.349
8.207 -0.198 2.848 17.767 -80.893 -1.823 -25.544 3.988
