time gyroz magX magY yaw_mag yaw_gyro yaw_cf yaw_kf
0.412 -0.374 59.76 6.76 -6.454 -0.154 -4.879 -6.549
0.656 -0.114 60.57 7.21 -6.788 -0.449 -5.203 -6.674
0.903 0.847 61.93 8.57 -7.879 0.651 -5.746 -7.008
1.150 -0.32 62.21 8.42 -7.708 0.479 -5.661 -7.185
1.398 -0.244 61.93 8.27 -7.606 -0.661 -5.87 -7.281
1.650 -0.206 61.39 6.46 -6.007 -0.584 -4.651 -7.094
1.899 -0.229 61.93 7.36 -6.777 -0.641 -5.243 -7.071
2.147 -0.191 61.66 6.31 -5.843 -0.639 -4.542 -6.942
2.396 -0.175 60.03 6.91 -6.566 -0.61 -5.077 -6.922
2.644 -0.191 60.3 7.36 -6.959 -0.68 -5.389 -6.949
2.892 -0.252 62.48 6.76 -6.175 -0.92 -4.861 -6.908
3.141 -0.198 59.76 5.56 -5.315 -0.874 -4.205 -6.802
3.394 -0.298 61.66 5.41 -5.014 -1.209 -4.063 -6.7
3.642 -0.214 62.75 7.82 -7.104 -1.077 -5.597 -6.757
3.889 -0.221 59.48 8.12 -7.774 -1.073 -6.099 -6.856
4.136 -0.282 61.12 6.91 -6.45 -1.387 -5.184 -6.866
4.376 -0.145 63.02 7.36 -6.661 -0.917 -5.225 -6.878
4.623 -0.282 62.48 6.16 -5.631 -1.449 -4.586 -6.843
4.865 -0.198 63.29 7.51 -6.767 -1.245 -5.387 -6.868
5.112 -0.244 61.39 7.67 -7.122 -1.445 -5.703 -6.915
5.362 -0.175 60.03 7.51 -7.131 -1.182 -5.644 -6.952
5.610 -0.267 61.66 7.21 -6.669 -1.673 -5.42 -6.975
5.863 -0.092 61.66 7.82 -7.228 -0.806 -5.622 -7.004
6.114 -0.145 59.76 7.67 -7.314 -0.979 -5.73 -7.041
6.362 -0.198 63.84 7.82 -6.984 -1.405 -5.589 -7.066
