time,s Volts,V  gyroz magX magY yaw_rm yaw_rg yaw_cf yaw_kf
0.0 -0.122 -6.5 17.17 -110.735 -0.02 -83.056 0
0.003 -0.069 -9.89 18.27 -118.428 -0.053 -88.834 0
0.007 -2.67 -7.03 15.93 -113.812 -0.509 -85.486 0
0.012 0.16 -8.33 17.64 -115.278 -0.939 -86.693 0
0.012 -2.823 -6.5 16.86 -111.083 -1.317 -83.642 0
0.013 -0.336 -9.89 16.08 -121.594 -1.425 -91.552 0
0.013 0.702 -9.63 16.86 -119.734 -0.914 -90.029 0
0.014 -0.687 -7.55 17.17 -113.736 -0.453 -85.415 0
0.015 -0.374 -5.72 15.77 -109.936 -0.124 -82.483 0
0.016 -0.069 -7.28 15.77 -114.78 -0.254 -86.149 0
0.017 -0.244 -5.72 17.02 -108.576 -0.304 -81.508 0
0.019 -0.389 -8.85 17.33 -117.052 -0.236 -87.848 0
0.02 -0.351 -6.24 17.33 -109.802 -0.289 -82.424 0
0.025 0.443 -7.55 16.86 -114.123 -0.222 -85.648 0
0.028 1.778 -6.76 15.77 -113.203 -179.725 -129.834 0
0.028 -3.136 -9.37 16.08 -120.23 -179.791 -135.12 0
0.031 -0.145 -6.5 18.74 -109.129 -0.5 -81.972 0
0.031 0.481 -7.03 16.86 -112.634 -0.722 -84.656 0
0.034 -0.656 -8.07 15.93 -116.866 -0.504 -87.776 0
0.037 -0.351 -7.55 15.61 -115.811 -0.165 -86.9 0
0.04 -0.381 -7.8 15.46 -116.772 -0.333 -87.662 0
0.043 -0.343 -6.24 17.33 -109.802 -0.427 -82.458 0
0.046 0.801 -8.58 16.55 -117.404 -0.182 -88.099 0
0.049 -0.259 -8.33 15.46 -118.316 -179.915 -133.716 0
0.052 -0.267 -5.72 16.08 -109.582 -179.934 -127.17 0
0.055 -0.259 -7.55 15.93 -115.359 -0.1 -86.544 0
0.056 -0.061 -9.11 16.86 -118.384 -0.243 -88.849 0
0.062 -0.244 -9.63 16.55 -120.194 -0.196 -90.195 0
0.066 -0.443 -7.8 17.33 -114.232 -0.235 -85.733 0
0.072 0.145 -5.46 17.49 -107.337 -0.247 -80.565 0
0.072 -2.655 -6.76 16.08 -112.802 -0.572 -84.745 0
0.075 -1.389 -8.07 18.74 -113.298 -1.341 -85.309 0
0.076 0.023 -10.15 17.17 -120.589 -1.426 -90.798 0
0.077 -1.213 -10.15 15.93 -122.504 -1.098 -92.153 0
0.078 15.144 -6.5 15.3 -113.018 -178.199 -129.313 0
0.081 -31.952 -8.33 14.83 -119.323 -179.451 -134.355 0
0.082 -37.758 -7.55 16.86 -114.123 -14.718 -89.272 0
0.085 2.19 -7.03 18.11 -111.215 -23.557 -89.3 0
0.088 -0.076 -5.72 17.64 -107.966 -17.001 -85.225 0
0.089 -0.42 -3.9 17.8 -102.358 -5.665 -78.185 0
0.09 -0.397 -4.42 18.42 -103.493 -179.904 -122.596 0
0.092 -0.137 -4.94 17.8 -105.511 -0.344 -79.219 0
0.093 -0.374 -3.9 18.11 -102.153 -0.323 -76.695 0
0.095 0.168 -4.16 18.89 -102.42 -0.244 -76.876 0
0.096 -0.008 -4.68 17.64 -104.859 -0.077 -78.663 0
0.097 -0.389 -4.68 17.33 -105.112 -0.075 -78.853 0
0.098 -0.32 -5.2 17.64 -106.425 -0.196 -79.868 0
0.101 -0.397 -3.64 18.27 -101.268 -0.336 -76.035 0
0.103 -0.053 -3.9 18.42 -101.954 -0.354 -76.554 0
0.104 -0.107 -8.07 20.3 -111.68 -0.227 -83.817 0
0.105 -0.298 -3.64 20.14 -100.245 -0.18 -75.229 0
0.106 -0.427 -5.46 17.8 -107.053 -0.247 -80.352 0
0.107 -0.275 -6.76 18.58 -109.993 -0.351 -82.582 0
0.11 0.061 -5.98 17.8 -108.57 -0.304 -81.503 0
0.115 0.488 -4.16 18.27 -102.827 -0.054 -77.134 0
0.117 0.725 -7.28 20.45 -109.595 -179.685 -127.117 0
0.117 -1.831 -4.68 18.27 -104.368 -179.806 -123.227 0
0.118 -0.092 -5.72 17.02 -108.576 -0.519 -81.562 0
0.119 0.885 -4.68 17.96 -104.605 -0.384 -78.55 0
0.122 -0.023 -2.86 18.42 -98.826 -179.937 -119.104 0
0.123 -0.008 -4.16 17.96 -103.041 -179.732 -122.214 0
0.126 -0.214 -4.68 17.64 -104.859 -179.9 -123.619 0
0.128 -0.061 -5.72 19.83 -106.09 -0.115 -79.596 0
0.13 -0.298 -4.94 17.17 -106.051 -0.151 -79.576 0
0.131 0.015 -4.42 18.74 -103.271 -0.192 -77.501 0
0.132 -0.229 -3.9 18.11 -102.153 -0.141 -76.65 0
0.135 -0.29 -4.94 17.17 -106.051 -0.2 -79.588 0
0.136 -0.755 -4.16 17.96 -103.041 -0.336 -77.365 0
0.137 -0.298 -4.94 18.42 -105.013 -0.54 -78.895 0
0.138 -0.519 -5.2 18.27 -105.887 -0.527 -79.547 0
0.139 -0.259 -5.2 18.27 -105.887 -0.513 -79.543 0
0.14 -0.45 -4.16 19.2 -102.225 -0.42 -76.774 0
0.141 0.023 -5.2 17.33 -106.702 -0.382 -80.122 0
0.144 -0.107 -4.16 17.96 -103.041 -0.2 -77.331 0
0.15 -1.869 -2.86 17.49 -99.287 -0.431 -74.573 0
0.155 -0.854 -7.03 18.42 -110.889 -1.087 -83.438 0
0.16 -0.786 -5.2 18.89 -105.391 -1.193 -79.341 0
0.165 -0.259 -5.72 17.96 -107.666 -1.031 -81.007 0
0.167 -0.015 -7.03 18.11 -111.215 -0.536 -83.545 0
0.171 -0.183 -4.16 18.89 -102.42 -0.255 -76.879 0
0.175 -0.16 -5.72 18.58 -107.111 -0.168 -80.375 0
0.178 0.053 -2.86 17.8 -99.128 -0.136 -74.38 0
0.183 -0.198 -4.94 17.49 -105.772 -0.089 -79.351 0
0.184 -0.824 -5.2 17.96 -106.147 -0.249 -79.673 0
0.186 0.015 -5.46 18.42 -106.511 -0.483 -80.004 0
0.187 -0.946 -2.86 18.42 -98.826 -0.458 -74.234 0
0.189 -0.664 -4.94 16.55 -106.62 -0.737 -80.149 0
0.19 0.008 -5.72 18.27 -107.384 -0.659 -80.703 0
0.192 -0.542 -4.42 18.11 -103.716 -0.465 -77.903 0
0.193 -0.542 -4.42 20.3 -102.284 -0.484 -76.834 0
0.194 -0.587 -3.64 17.96 -101.457 -0.563 -76.233 0
0.195 -0.397 -6.5 18.11 -109.744 -0.647 -82.47 0
0.197 -0.191 -7.03 19.05 -110.256 -0.528 -82.824 0
0.199 -0.16 -4.16 18.89 -102.42 -0.359 -76.905 0
0.203 0.13 -5.2 18.27 -105.887 -0.194 -79.464 0
0.204 -0.175 -4.94 16.86 -106.331 -0.044 -79.759 0
0.205 -1.167 -5.98 22.17 -105.095 -0.272 -78.889 0
0.206 0.427 -6.24 20.45 -106.969 -0.595 -80.376 0
0.208 -2.93 -5.46 17.8 -107.053 -0.675 -80.459 0
0.209 -0.839 -6.5 18.74 -109.129 -1.781 -82.292 0
0.211 0.481 -5.98 17.8 -108.57 -1.282 -81.748 0
0.214 -1.984 -4.16 18.58 -102.62 -0.835 -77.174 0
0.215 -1.274 -4.16 17.96 -103.041 -1.28 -77.601 0
0.218 -1.831 -5.72 18.27 -107.384 -1.589 -80.935 0
0.218 -0.069 -5.72 18.58 -107.111 -1.776 -80.777 0
0.219 -0.191 -5.72 18.58 -107.111 -0.893 -80.556 0
0.22 -0.229 -6.5 18.11 -109.744 -0.472 -82.426 0
0.221 -0.053 -5.2 17.02 -106.989 -0.211 -80.294 0
0.222 -0.458 -4.68 17.64 -104.859 -0.214 -78.698 0
0.224 1.282 -5.72 17.02 -108.576 -0.097 -81.456 0
0.228 0.145 -4.42 17.8 -103.945 -179.418 -122.813 0
0.229 -0.595 -5.98 18.42 -107.986 -179.667 -125.906 0
0.233 -0.42 -4.16 17.64 -103.269 -0.145 -77.488 0
0.234 -0.061 -3.9 18.11 -102.153 -0.423 -76.721 0
0.238 -0.252 -2.34 18.74 -97.117 -0.316 -72.917 0
0.243 0.053 -3.9 18.74 -101.756 -0.227 -76.374 0
0.247 -0.32 -2.86 18.11 -98.974 -0.117 -74.26 0
0.252 -0.015 -6.5 18.42 -109.437 -0.214 -82.131 0
0.257 0.092 -3.38 18.42 -100.398 -0.091 -75.321 0
0.262 -0.229 -3.9 19.36 -101.39 -0.042 -76.053 0
0.267 -0.458 -4.42 18.11 -103.716 -0.186 -77.833 0
0.272 -0.557 -3.38 18.42 -100.398 -0.431 -75.406 0
0.277 -0.694 -5.72 17.02 -108.576 -0.646 -81.593 0
0.279 -0.137 -5.72 17.96 -107.666 -0.71 -80.927 0
0.282 -0.435 -4.94 17.49 -105.772 -0.481 -79.449 0
0.283 0.015 -5.46 17.17 -107.64 -0.427 -80.837 0
0.284 0.267 -3.9 17.17 -102.797 -0.114 -77.126 0
0.285 -0.481 -3.38 17.49 -100.938 -179.983 -120.699 0
0.288 0.107 -4.16 17.02 -103.735 -0.19 -77.849 0
0.289 -0.725 -6.76 17.33 -111.31 -0.17 -83.525 0
0.29 -2.35 -5.2 17.64 -106.425 -0.888 -80.041 0
0.292 0.275 -2.6 18.27 -98.099 -1.648 -73.986 0
0.298 0.13 -5.98 18.42 -107.986 -0.709 -81.167 0
0.299 -0.336 -6.5 18.42 -109.437 -0.274 -82.146 0
0.3 -0.061 -5.46 17.8 -107.053 -0.134 -80.323 0
0.301 0.0 -5.98 17.8 -108.57 -0.129 -81.46 0
0.303 0.069 -4.68 17.33 -105.112 -0.065 -78.85 0
0.304 -0.343 -6.5 18.74 -109.129 -0.023 -81.853 0
0.309 -1.785 -3.12 18.89 -99.379 -0.495 -74.658 0
0.309 -1.869 -4.42 17.8 -103.945 -1.561 -78.349 0
0.31 -1.183 -3.12 18.27 -99.691 -2.052 -75.281 0
0.311 -0.671 -4.94 18.74 -104.768 -1.795 -79.025 0
0.312 -0.13 -2.34 18.11 -97.362 -1.161 -73.312 0
0.313 0.343 -5.46 18.74 -106.244 -0.448 -79.795 0
0.314 1.534 -5.72 20.45 -105.627 -179.677 -124.139 0
0.314 -3.036 -5.98 18.42 -107.986 -179.42 -125.845 0
0.317 0.168 -7.03 17.49 -111.897 -1.378 -84.267 0
0.318 -0.87 -6.5 20.92 -107.26 -0.792 -80.643 0
0.319 0.092 -4.68 19.52 -103.482 -1.002 -77.862 0
0.323 -0.069 -5.98 17.8 -108.57 -0.213 -81.481 0
0.326 -0.87 -2.34 17.8 -97.489 -0.305 -73.193 0
0.327 0.122 -5.2 18.89 -105.391 -0.562 -79.184 0
0.33 0.252 -5.2 17.33 -106.702 -0.179 -80.071 0
0.331 0.046 -3.12 18.58 -99.532 -179.929 -119.631 0
0.332 1.381 -4.16 16.39 -104.242 -179.635 -123.09 0
0.332 -2.548 -5.72 18.89 -106.847 -179.449 -124.998 0
0.333 -1.869 -3.12 18.27 -99.691 -1.541 -75.153 0
0.334 -0.488 -7.28 19.83 -110.159 -1.948 -83.106 0
0.334 -0.542 -4.16 17.96 -103.041 -1.464 -77.647 0
0.335 -0.656 -5.46 17.8 -107.053 -0.946 -80.526 0
0.336 -0.427 -4.42 17.17 -104.436 -0.772 -78.52 0
0.336 -0.885 -4.68 17.96 -104.605 -0.742 -78.639 0
0.338 1.77 -5.72 19.2 -106.59 -0.551 -80.08 0
0.34 -3.319 -7.03 18.42 -110.889 -179.728 -128.099 0
0.342 0.244 -4.42 17.49 -104.183 -1.758 -78.577 0
0.342 0.069 -4.94 18.11 -105.258 -0.635 -79.102 0
0.343 -0.542 -4.42 19.05 -103.063 -0.515 -77.426 0
0.346 0.122 -4.42 19.05 -103.063 -0.284 -77.368 0
0.347 -0.259 -1.3 18.74 -93.968 -0.129 -70.508 0
0.35 -0.038 -4.68 18.27 -104.368 -0.233 -78.334 0
0.35 0.29 -3.64 17.96 -101.457 -0.044 -76.104 0
0.353 -0.458 -7.8 17.33 -114.232 -179.933 -130.657 0
0.354 -0.069 -4.16 18.89 -102.42 -0.236 -76.874 0
0.355 0.572 -4.94 18.74 -104.768 -0.056 -78.59 0
0.356 -0.443 -4.42 18.11 -103.716 -179.779 -122.732 0
0.359 -0.427 -6.24 19.52 -107.728 -0.199 -80.846 0
0.364 0.778 -4.68 19.83 -103.279 -0.22 -77.514 0
0.365 -0.069 -5.2 18.27 -105.887 -179.684 -124.336 0
0.366 -0.206 -3.64 19.2 -100.735 -179.894 -120.525 0
0.367 -0.16 -4.16 16.08 -104.505 -0.064 -78.395 0
0.368 -0.046 -3.38 19.05 -100.061 -0.2 -75.096 0
0.372 0.053 -3.64 17.64 -101.659 -0.111 -76.272 0
0.376 -0.015 -4.68 18.58 -104.138 -0.007 -78.105 0
0.381 0.664 -5.72 18.89 -106.847 -179.89 -125.108 0
0.384 -2.541 -6.24 18.58 -108.564 -179.943 -126.409 0
0.389 -0.198 -4.16 16.71 -103.98 -1.65 -78.397 0
0.39 0.145 -2.86 17.8 -99.128 -0.855 -74.56 0
0.391 -0.29 -4.68 16.39 -105.936 -0.433 -79.56 0
0.395 -0.519 -3.64 17.64 -101.659 -0.282 -76.315 0
0.398 -0.313 -7.55 17.17 -113.736 -0.504 -85.428 0
0.402 -0.305 -5.46 17.49 -107.337 -0.502 -80.628 0
0.403 0.252 -5.2 17.96 -106.147 -0.373 -79.704 0
0.407 0.298 -2.6 18.27 -98.099 -179.918 -118.554 0
0.412 -0.496 -5.72 19.2 -106.59 -179.827 -124.899 0
0.414 -0.259 -3.9 18.11 -102.153 -0.273 -76.683 0
0.418 0.16 -7.03 19.36 -109.957 -0.284 -82.539 0
0.423 0.16 -5.46 18.74 -106.244 -0.021 -79.688 0
0.426 -0.038 -5.46 19.36 -105.75 -179.875 -124.281 0
0.428 -0.366 -4.42 17.17 -104.436 -0.01 -78.329 0
0.432 0.023 -6.76 18.27 -110.305 -0.262 -82.794 0
0.434 -0.122 -4.94 17.49 -105.772 -0.131 -79.362 0
0.437 0.038 -4.94 18.74 -104.768 -0.141 -78.611 0
0.439 0.229 -4.16 20.14 -101.671 -179.969 -121.246 0
0.444 -0.023 -4.68 17.64 -104.859 -179.833 -123.602 0
0.447 0.336 -6.24 20.14 -107.215 -179.879 -125.381 0
0.451 0.114 -4.94 18.11 -105.258 -179.687 -123.865 0
0.452 -0.732 -5.98 18.42 -107.986 -179.924 -125.971 0
0.452 -0.854 -7.03 18.42 -110.889 -0.623 -83.322 0
0.453 0.092 -6.24 17.64 -109.481 -0.881 -82.331 0
0.454 0.381 -4.16 17.96 -103.041 -0.271 -77.349 0
0.455 -0.244 -5.72 18.89 -106.847 -179.852 -125.098 0
0.456 -0.534 -6.24 17.64 -109.481 -0.139 -82.145 0
0.457 -0.16 -7.28 18.27 -111.726 -0.467 -83.911 0
0.459 0.336 -7.55 17.49 -113.349 -0.289 -85.084 0
0.46 -0.381 -6.5 18.42 -109.437 -179.939 -127.062 0
0.462 0.13 -4.42 17.17 -104.436 -0.196 -78.376 0
0.463 -0.465 -4.16 17.96 -103.041 -0.045 -77.292 0
0.465 -0.191 -5.98 18.11 -108.273 -0.423 -81.31 0
