time gyroz magX magY yaw_mag yaw_gyro yaw_cf yaw_kf
0.364 -0.404 20.774 19.635 -43.385 -0.551 -13.401 -43.548
1.429 -0.32 20.612 20.558 -44.925 -0.777 -14.021 -44.134
2.494 -0.313 20.774 20.558 -44.701 -1.094 -14.176 -44.287
3.551 -0.275 20.291 20.928 -45.885 -1.252 -14.642 -44.668
4.609 -0.252 20.452 19.635 -43.832 -1.413 -14.139 -44.418
5.668 -0.305 19.97 20.004 -45.049 -2.034 -14.938 -44.59
6.715 -0.336 19.809 20.374 -45.806 -2.592 -15.556 -44.9
7.762 -0.198 19.648 19.82 -45.25 -1.735 -14.789 -44.961
8.813 -0.305 19.97 19.45 -44.244 -2.993 -15.368 -44.938
9.864 -0.267 20.452 20.004 -44.366 -2.901 -15.34 -44.9
10.930 -0.206 20.452 20.189 -44.629 -2.458 -15.109 -44.907
11.995 -0.237 20.291 19.82 -44.327 -3.08 -15.454 -44.894
13.079 -0.267 20.13 20.743 -45.859 -3.759 -16.389 -45.025
14.174 -0.237 19.97 20.558 -45.831 -3.596 -16.266 -45.118
15.212 -0.259 19.809 20.189 -45.544 -4.199 -16.602 -45.202
16.245 -0.244 20.13 20.004 -44.82 -4.208 -16.392 -45.199
17.279 -0.16 20.612 19.635 -43.609 -2.925 -15.13 -45.169
18.314 -0.259 19.809 19.82 -45.016 -5.002 -17.006 -45.2
19.387 -0.259 20.13 20.558 -45.603 -5.28 -17.377 -45.252
20.452 -0.32 19.809 20.928 -46.573 -6.865 -18.777 -45.35
21.517 -0.32 20.452 20.558 -45.148 -7.205 -18.588 -45.377
22.562 -0.237 20.934 20.374 -44.223 -5.584 -17.176 -45.364
23.616 -0.298 20.612 20.004 -44.142 -7.336 -18.378 -45.356
24.680 -0.084 20.774 20.928 -45.212 -2.157 -15.074 -45.377
25.744 -0.29 19.166 20.743 -47.263 -7.756 -19.608 -45.509
26.808 -0.275 20.934 19.635 -43.166 -7.647 -18.303 -45.472
27.872 -0.267 20.452 20.189 -44.629 -7.709 -18.785 -45.489
28.936 -0.221 20.291 20.004 -44.592 -6.616 -18.009 -45.489
30.001 -0.275 20.291 20.004 -44.592 -8.525 -19.345 -45.479
31.065 -0.244 20.934 19.635 -43.166 -7.824 -18.427 -45.462
32.141 -0.29 20.13 21.112 -46.364 -9.611 -20.637 -45.524
33.211 -0.229 19.97 19.82 -44.784 -7.834 -18.919 -45.512
34.275 -0.206 20.13 20.374 -45.345 -7.267 -18.69 -45.537
35.340 -0.214 20.612 19.82 -43.878 -7.777 -18.607 -45.483
36.406 -0.191 19.809 20.743 -46.319 -7.145 -18.897 -45.54
37.470 -0.435 20.13 20.558 -45.603 -16.734 -25.395 -45.582
38.535 -0.183 19.97 19.82 -44.784 -7.235 -18.5 -45.586
