time gyroz magX magY yaw_mag yaw_gyro yaw_cf yaw_kf
0.325 -0.107 28.579 9.662 108.679 -0.107 108.915
0.499 -1.648 28.759 11.31 111.468 -0.153 109.967
0.672 4.478 28.669 10.486 110.091 0.092 110.222
0.846 -0.45 29.12 11.86 112.16 0.443 110.7
1.018 -0.053 28.849 10.486 109.975 0.399 110.591
1.194 -1.808 28.849 12.135 112.813 0.236 110.854
1.367 -0.175 27.948 9.937 109.573 0.064 110.668
1.543 -0.305 28.398 10.761 110.753 0.022 110.659
1.719 -0.038 28.308 9.937 109.343 -0.008 110.511
1.894 -0.229 28.308 12.135 113.204 -0.032 110.759
2.067 0.343 28.128 8.837 107.441 -0.022 110.482
2.242 -0.427 28.759 12.409 113.339 -0.029 110.687
2.415 -0.961 28.939 11.31 111.347 -0.149 110.664
2.591 -0.244 29.39 12.684 113.344 -0.255 110.829
2.764 0.458 28.398 13.508 115.439 -0.237 111.163
2.942 -0.931 28.489 11.584 112.127 -0.279 111.148
3.116 -0.061 28.669 11.584 112.002 -0.365 111.185
3.292 -0.481 29.12 11.86 112.16 -0.413 111.194
3.465 0.168 28.128 12.135 113.336 -0.44 111.312
3.644 0.603 28.218 11.86 112.797 -0.371 111.427
3.817 -0.648 28.038 11.31 111.968 -0.375 111.397
3.994 -0.221 29.39 11.035 110.58 -0.452 111.333
4.167 0.0 28.939 9.662 108.463 -0.471 111.195
4.343 0.832 29.209 10.486 109.748 -0.398 111.192
4.516 -0.244 28.489 9.937 109.229 -0.347 111.086
4.695 -1.19 28.669 10.486 110.091 -0.475 110.941
4.868 -0.954 28.398 14.057 116.335 -0.661 111.064
5.044 -0.732 28.489 11.035 111.174 -0.809 110.994
5.217 0.412 28.398 9.113 107.792 -0.837 110.896
5.393 -0.13 28.128 11.584 112.383 -0.812 110.927
5.566 -1.427 28.128 13.233 115.195 -0.947 110.942
5.741 -0.282 28.038 10.761 110.997 -1.096 110.904
5.913 -0.412 28.218 10.761 110.874 -1.156 110.851
6.086 0.282 28.579 11.86 112.538 -1.167 110.917
6.257 0.198 29.029 11.035 110.814 -1.126 110.918
6.430 -0.542 28.128 12.135 113.336 -1.156 110.934
6.601 -0.755 28.939 11.86 112.285 -1.267 110.894
6.774 -0.366 28.308 9.937 109.343 -1.364 110.799
6.945 -0.206 28.759 10.761 110.515 -1.413 110.758
7.120 1.266 27.677 10.211 110.251 -1.32 110.848
7.291 -0.58 28.579 14.057 116.191 -1.261 110.938
7.465 -0.504 28.939 12.409 113.21 -1.355 110.946
7.637 -0.412 27.677 11.31 112.227 -1.434 110.932
7.810 -0.237 28.218 9.113 107.898 -1.49 110.815
7.981 -0.137 28.849 12.684 113.734 -1.522 110.87
8.154 -0.298 27.767 12.135 113.607 -1.56 110.905
8.325 0.938 28.218 12.409 113.738 -1.505 111.061
8.498 -0.099 28.849 11.584 111.877 -1.433 111.066
8.671 0.656 28.398 11.86 112.667 -1.384 111.167
8.847 -1.419 28.579 9.113 107.686 -1.452 110.934
9.019 0.107 28.579 12.959 114.392 -1.564 111.024
9.198 -0.923 28.849 11.584 111.877 -1.637 110.947
9.370 -0.122 29.3 11.31 111.107 -1.727 110.93
9.544 -0.435 28.579 12.409 113.47 -1.776 110.939
9.716 -0.122 28.489 11.584 112.127 -1.824 110.947
9.889 0.389 28.128 12.684 114.272 -1.801 111.058
10.062 -0.023 28.489 13.233 114.915 -1.769 111.141
10.235 0.038 28.579 11.86 112.538 -1.768 111.173
10.406 -0.336 28.398 10.761 110.753 -1.793 111.123
10.579 -0.534 28.849 12.135 112.813 -1.868 111.102
10.750 -0.313 28.579 11.86 112.538 -1.941 111.096
10.923 -1.152 28.669 11.035 111.052 -2.068 110.969
11.095 -0.381 28.669 11.584 112.002 -2.199 110.943
11.269 -0.458 28.939 11.31 111.347 -2.272 110.895
11.441 1.198 29.029 9.937 108.897 -2.209 110.964
11.616 -0.053 28.759 12.409 113.339 -2.109 111.005
11.787 0.366 27.767 9.937 109.691 -2.082 111.008
11.960 -1.06 28.218 10.211 109.893 -2.142 110.867
12.132 1.06 28.669 13.233 114.777 -2.142 111.058
12.305 -0.603 28.398 12.409 113.604 -2.102 111.047
12.477 0.374 28.939 11.86 112.285 -2.122 111.109
12.651 -0.87 28.038 10.761 110.997 -2.165 111.011
12.823 -0.481 28.308 11.035 111.297 -2.281 110.96
12.996 -0.565 28.489 11.035 111.174 -2.372 110.898
13.168 -0.443 28.038 10.211 110.011 -2.458 110.825
13.340 -0.198 28.759 11.31 111.468 -2.514 110.809
13.512 -0.015 28.939 10.761 110.398 -2.532 110.791
13.686 0.137 28.939 8.013 105.477 -2.521 110.685
13.858 0.038 28.849 11.035 110.932 -2.506 110.687
