time gyroz magX magY yaw_rm yaw_rg yaw_cf yaw_kf
0.397 -0.175 63.02 4.65 -4.22 -0.069 -3.182 -4.219
1.59 -0.092 61.39 5.26 -4.897 -0.321 -3.753 -4.277
2.814 -0.168 61.12 4.2 -3.931 -0.565 -3.089 -4.052
4.006 -57.686 69.01 7.06 -5.841 -51.258 -17.195 -5.922
5.221 -18.6 63.02 -5.59 5.069 -154.797 -34.898 -7.056
6.46 -9.026 94.6 15.8 -9.482 -76.908 -26.338 -8.19
7.668 -65.292 118.01 5.86 -2.843 30.315 5.447 -11.354
8.84 -72.51 107.67 -4.08 2.17 -166.28 -39.943 -17.691
10.027 -59.09 94.87 -0.32 0.193 -125.005 -31.107 -25.703
11.202 -7.195 79.08 6.01 -4.346 -139.688 -38.181 -27.8
12.388 4.929 62.21 4.2 -3.862 53.865 10.57 -26.421
13.578 -3.136 64.11 3.15 -2.813 -37.652 -11.523 -26.331
14.767 29.015 57.03 -5.29 5.299 -114.671 -24.694 -27.601
15.962 -11.482 74.18 5.41 -4.171 -154.261 -41.694 -29.229
17.154 -0.565 59.76 5.26 -5.03 -21.174 -9.066 -28.805
18.347 -0.305 61.93 4.95 -4.57 -6.161 -4.968 -18.221
19.541 -0.259 59.76 5.56 -5.315 -5.366 -5.328 -9.04
