time gyroz magX magY yaw_mag yaw_gyro yaw_cf yaw_kf
0.321 -0.214 29.023 15.079 117.454 -0.214 115.756
0.495 -1.846 28.654 12.92 114.27 -0.179 114.995
0.667 3.723 29.485 12.651 113.223 -0.018 114.615
0.839 0.259 29.115 15.348 117.796 0.325 115.411
1.010 -1.564 29.392 13.999 115.468 0.213 115.349
1.182 -0.191 30.222 14.269 115.274 0.062 115.329
1.353 -0.977 30.13 10.762 109.656 -0.038 114.477
1.526 0.771 29.946 11.302 110.677 -0.056 114.059
1.698 -1.144 29.115 15.887 118.62 -0.088 114.474
1.872 0.0 30.13 11.841 111.455 -0.187 114.167
2.045 -0.267 29.392 13.46 114.605 -0.21 114.179
2.217 -0.076 29.207 12.38 112.971 -0.24 114.063
2.388 -0.908 30.5 12.38 112.092 -0.324 113.836
2.561 -1.114 29.115 12.651 113.486 -0.499 113.714
2.733 -0.504 30.407 11.571 110.834 -0.638 113.463
2.905 -0.229 30.038 12.651 112.839 -0.701 113.386
3.078 -0.389 30.038 13.729 114.563 -0.754 113.406
3.251 -0.809 30.038 11.571 111.067 -0.858 113.19
3.422 -0.084 29.3 11.571 111.55 -0.934 113.072
3.595 -0.755 29.577 13.46 114.469 -1.007 113.063
3.767 0.214 29.577 12.38 112.713 -1.053 113.04
3.939 -0.29 29.207 13.999 115.609 -1.06 113.117
4.110 0.351 30.038 13.729 114.563 -1.055 113.192
4.283 -0.404 29.485 13.729 114.968 -1.059 113.22
4.454 0.671 30.038 13.729 114.563 -1.037 113.315
4.626 -0.191 29.853 13.729 114.697 -0.995 113.343
4.801 0.954 30.038 11.571 111.067 -0.929 113.322
4.974 -0.641 29.946 12.92 113.337 -0.901 113.26
5.146 0.351 29.115 12.112 112.588 -0.926 113.256
5.321 -0.221 29.485 12.112 112.332 -0.915 113.196
5.493 1.366 29.392 13.999 115.468 -0.817 113.388
5.667 0.008 29.669 12.651 113.094 -0.697 113.377
5.839 0.71 29.3 12.112 112.459 -0.635 113.408
6.011 -0.504 29.485 11.571 111.427 -0.618 113.299
6.183 0.412 29.485 12.651 113.223 -0.625 113.332
6.356 -0.359 28.931 14.809 117.107 -0.621 113.419
6.528 0.168 29.392 12.38 112.841 -0.637 113.416
6.701 -0.206 29.946 13.46 114.203 -0.641 113.421
6.873 0.351 29.946 12.92 113.337 -0.628 113.451
7.047 -0.725 29.669 13.729 114.832 -0.661 113.424
