time gyroz magX magY yaw_mag yaw_gyro yaw_cf yaw_kf
0.329 -0.237 36.151 35.488 134.47 -0.237 134.401
0.530 -7.889 35.43 32.741 132.741 -0.817 133.262
0.709 -33.577 35.971 34.939 134.166 -4.528 131.423
0.888 -52.925 36.873 35.488 133.903 -12.27 128.005
1.080 -68.916 38.495 33.839 131.317 -23.967 122.845
1.257 -77.148 41.11 31.366 127.343 -36.893 116.483
1.438 -84.114 43.634 28.07 122.753 -51.487 109.152
1.623 -82.458 43.093 20.926 115.901 -66.895 101.324
1.799 -83.496 41.921 9.662 102.979 -81.499 92.35
1.975 -87.967 41.471 2.244 93.097 -96.588 82.592
2.148 -51.704 40.479 -4.625 83.482 -108.67 75.113
2.319 -62.172 36.873 -7.373 78.692 -118.406 67.085
2.490 -79.437 35.43 -3.527 84.315 -130.514 58.736
2.669 -72.105 31.013 -4.351 82.014 -144.077 51.09
2.855 -93.307 31.374 -2.152 86.076 -159.46 42.419
3.039 -83.031 30.922 -0.778 88.559 -175.683 34.862
3.220 -60.257 29.751 2.244 94.313 -8.651 29.546
3.402 -71.167 29.751 3.342 96.409 -20.61 23.631
3.580 -74.745 29.39 1.144 92.229 -33.596 17.293
3.762 -82.542 29.48 -1.878 86.355 -47.909 10.125
3.944 -44.998 31.914 -11.493 70.195 -59.516 5.26
4.129 -37.315 31.914 -8.198 75.593 -67.129 1.488
4.311 -50.392 28.939 16.255 119.323 -75.111 -1.182
4.492 -53.383 29.029 19.828 124.335 -84.502 -3.893
4.672 -50.156 29.661 24.497 129.553 -93.821 -6.147
4.850 -44.205 32.094 27.519 130.611 -102.219 -7.895
5.028 -19.707 31.193 28.619 132.536 -107.907 -7.514
5.204 -61.234 29.57 27.519 132.942 -115.03 -10.654
5.380 -68.413 29.57 26.97 132.367 -126.439 -14.49
5.558 -74.509 31.374 30.817 134.487 -139.159 -18.836
5.745 -80.17 31.463 33.839 137.084 -153.622 -23.649
5.932 -79.422 33.988 29.993 131.427 -168.543 -28.656
6.118 -72.693 34.889 31.092 131.706 177.31 -33.094
6.301 -72.441 36.963 29.719 128.8 164.03 -37.627
6.483 -76.782 39.036 27.246 124.914 150.451 -42.689
6.668 -80.132 39.217 27.246 124.79 135.936 -48.067
6.853 -79.437 41.29 20.377 116.267 121.176 -53.648
7.033 -84.396 43.904 12.959 106.445 106.431 -59.971
7.211 -82.466 41.741 2.518 93.452 91.58 -66.476
7.387 -83.618 40.299 0.32 90.455 76.965 -73.126
7.562 -86.182 38.586 -2.702 85.994 62.108 -80.093
7.735 -82.832 36.242 -7.647 78.085 47.488 -86.908
7.916 -78.224 34.168 -7.922 76.946 32.912 -93.24
8.096 -88.112 31.914 -2.152 86.142 17.942 -100.189
8.274 -80.33 30.472 -1.603 86.989 2.951 -106.304
8.450 -85.381 28.759 3.068 96.089 -11.632 -112.595
8.623 -79.391 28.038 9.662 109.014 -25.885 -117.905
8.799 -76.927 25.694 10.211 111.673 -39.641 -122.851
8.976 -74.272 25.423 13.784 118.466 -53.022 -127.307
9.153 -74.074 26.235 17.355 123.485 -66.15 -131.564
9.330 -71.22 26.054 20.652 128.403 -79.009 -135.367
9.506 -75.607 27.767 26.97 134.166 -91.93 -139.42
9.679 -71.785 30.381 28.344 133.013 -104.679 -143.081
9.851 -69.519 30.292 25.872 130.5 -116.831 -146.535
10.027 -77.698 29.12 28.344 134.226 -129.786 -150.681
10.204 -77.621 30.381 28.894 133.563 -143.532 -154.802
10.386 -76.836 32.996 28.07 130.388 -157.588 -158.882
10.568 -72.998 33.086 30.542 132.71 -171.222 -162.475
10.752 -80.086 35.61 28.344 128.518 174.694 -166.852
10.935 -74.081 36.873 28.344 127.549 160.588 -170.594
11.118 -73.433 37.774 27.246 125.803 147.09 -174.264
11.299 -81.81 40.569 25.872 122.527 133.04 -178.83
11.487 -83.893 39.487 22.575 119.757 117.464 -183.633
11.669 -81.49 42.192 15.981 110.745 102.415 -188.346
11.849 -86.121 43.093 7.189 99.471 87.33 -193.745
12.027 -82.535 39.938 -4.076 84.173 72.319 -199.055
12.203 -78.995 38.315 -6.274 80.7 58.105 -204.003
12.378 -84.694 36.422 -7.098 78.972 43.782 -209.515
12.559 -89.066 35.43 -9.571 74.883 28.056 -215.507
12.739 -80.07 32.635 -8.747 74.996 12.834 -220.477
12.917 -84.557 30.381 -1.878 86.463 -1.818 -225.593
13.092 -82.542 29.751 1.144 92.202 -16.439 -230.301
13.268 -81.802 27.587 2.793 95.781 -30.901 -234.787
13.445 -77.179 25.153 9.113 109.916 -44.971 -238.409
13.624 -77.248 25.153 15.706 121.981 -58.792 -241.718
13.802 -74.89 24.612 19.553 128.465 -72.332 -244.581
13.977 -77.255 25.423 25.872 135.502 -85.645 -247.495
14.149 -73.006 28.669 26.97 133.251 -98.567 -249.956
14.320 -72.495 28.849 22.575 128.044 -111.008 -252.425
14.492 -75.134 27.857 26.697 133.782 -123.704 -255.007
14.668 -84.19 29.661 27.795 133.14 -137.724 -258.531
14.844 -79.117 32.094 29.719 132.8 -152.095 -261.477
15.025 -74.486 33.086 30.542 132.71 -165.996 -263.884
15.207 -74.585 35.16 29.719 130.206 -179.562 -266.309
15.389 -75.928 35.16 32.466 132.719 166.741 -268.783
15.570 -71.083 37.594 29.443 128.067 153.437 -270.788
15.752 -75.676 38.766 26.97 124.827 140.082 -273.313
15.931 -81.039 40.389 22.026 118.606 126.056 -276.506
16.113 -80.589 40.659 18.453 114.411 111.348 -279.695
16.294 -80.437 42.012 17.629 112.764 96.775 -282.857
16.474 -84.465 42.462 5.815 97.798 81.934 -286.72
16.652 -80.666 42.012 -3.8 84.832 67.237 -290.388
16.828 -81.993 38.315 -10.12 75.205 52.923 -294.342
17.000 -89.211 35.971 -9.02 75.923 38.199 -299.007
17.175 -66.879 34.438 -5.998 80.12 24.542 -301.096
17.349 -69.565 33.717 -8.198 76.334 12.671 -303.491
17.524 -70.114 32.726 -5.174 81.016 0.449 -305.79
17.699 -101.189 30.472 -9.845 72.095 -14.54 -311.604
17.873 -91.995 28.489 -7.647 74.975 -31.347 -316.308
18.047 -68.321 27.677 -3.527 82.738 -45.294 -318.211
18.220 -70.244 25.423 6.64 104.638 -57.28 -319.82
18.393 -76.797 25.874 13.508 117.568 -69.999 -321.833
18.567 -49.599 26.235 19.004 125.919 -80.996 -320.661
18.741 -29.77 27.226 23.674 131.008 -87.901 -317.17
18.914 -29.114 28.128 24.224 130.735 -92.994 -313.571
19.087 -12.52 28.308 22.575 128.572 -96.596 -308.164
19.260 11.353 29.39 20.926 125.451 -96.697 -300.173
19.433 11.81 28.218 22.85 128.999 -94.693 -292.032
19.607 4.974 26.776 21.201 128.372 -93.233 -284.643
19.778 -7.439 31.193 18.728 120.98 -93.444 -278.766
19.949 8.957 32.094 20.377 122.412 -93.314 -271.074
20.123 3.357 30.111 17.629 120.348 -92.243 -264.055
20.297 0.114 30.922 19.004 121.574 -91.941 -257.394
20.470 -3.838 33.266 20.102 121.144 -92.263 -251.211
20.648 1.617 32.365 18.453 119.69 -92.46 -244.501
20.824 2.266 31.914 20.926 123.253 -92.119 -237.694
21.003 -3.578 32.546 21.201 123.081 -92.236 -231.585
21.181 1.808 31.914 19.277 121.133 -92.394 -224.982
21.359 -1.648 32.816 22.026 123.869 -92.379 -218.764
21.537 -0.237 32.726 17.355 117.938 -92.547 -212.576
21.715 -0.847 32.726 20.102 121.56 -92.644 -206.45
21.893 0.542 32.185 21.201 123.374 -92.671 -200.206
22.071 -0.145 32.635 22.026 124.016 -92.635 -194.098
22.249 0.694 32.996 20.926 122.383 -92.587 -188.007
22.427 -0.046 32.906 21.201 122.793 -92.529 -182.067
22.605 0.389 32.455 22.026 124.163 -92.498 -176.131
22.783 0.214 32.275 19.828 121.564 -92.445 -170.349
22.961 0.58 32.635 22.026 124.016 -92.374 -164.559
23.139 -0.412 32.185 19.553 121.279 -92.359 -159.017
23.317 -0.259 32.185 19.004 120.56 -92.419 -153.556
23.496 -1.106 32.726 18.453 119.417 -92.541 -148.295
23.674 0.374 33.086 20.102 121.282 -92.606 -142.919
23.852 -0.404 33.176 19.277 120.159 -92.609 -137.735
24.030 0.328 32.455 20.926 122.813 -92.616 -132.503
