time gyroz magX magY yaw_mag yaw_gyro yaw_cf yaw_kf
0.322 -0.175 68.268 19.041 105.585 106.77 105.833
0.519 -1.328 68.145 24.918 110.086 106.081 107.655
0.691 -8.995 68.638 24.918 109.953 99.865 107.812
0.862 -0.13 67.775 23.273 108.952 99.753 107.887
1.033 -0.099 68.268 24.684 109.879 99.651 108.11
1.206 -0.259 68.762 23.743 109.049 99.339 108.117
1.377 0.008 68.885 23.038 108.492 99.35 108.059
1.549 -0.023 67.899 23.038 108.742 99.314 108.045
1.720 -0.298 69.502 24.684 109.553 98.801 108.104
1.892 -0.069 68.022 24.684 109.945 98.67 108.204
2.063 -0.504 67.899 23.038 108.742 97.63 108.147
2.235 -0.328 67.159 24.918 110.356 96.897 108.241
2.406 0.229 67.899 23.038 108.742 97.448 108.236
2.578 0.008 69.132 24.449 109.476 97.469 108.272
2.749 0.13 68.022 23.273 108.888 97.826 108.275
2.922 0.092 68.391 23.979 109.321 98.095 108.304
3.093 0.183 67.652 23.979 109.517 98.661 108.352
3.264 -0.275 68.762 22.804 108.347 97.763 108.296
3.435 -0.267 68.515 24.684 109.813 96.846 108.324
3.608 -0.847 67.775 22.804 108.596 93.79 108.239
3.779 -0.435 67.528 23.273 109.016 92.146 108.21
3.950 -0.336 67.528 24.213 109.726 90.819 108.222
4.123 -0.595 68.268 24.213 109.528 88.366 108.202
4.294 0.023 66.788 24.684 110.284 88.465 108.265
4.465 0.122 68.145 24.918 110.086 89.01 108.324
4.638 -0.107 68.391 24.449 109.671 88.514 108.345
4.809 -0.473 67.405 23.979 109.583 86.239 108.33
4.981 -0.267 69.255 23.273 108.575 84.909 108.293
5.152 -0.381 67.405 23.038 108.87 82.946 108.259
5.325 -0.252 68.762 24.213 109.399 81.604 108.256
5.497 -0.496 69.132 22.098 107.726 78.877 108.173
5.670 -0.389 68.391 23.979 109.321 76.671 108.156
5.845 -0.374 67.899 24.449 109.803 74.485 108.157
6.025 -0.099 68.145 22.098 107.967 73.889 108.121
6.196 -0.16 68.515 25.154 110.16 72.898 108.152
6.372 -0.038 67.159 24.449 110.004 72.656 108.189
6.543 -0.183 67.652 23.979 109.517 71.459 108.196
6.724 -0.145 67.405 23.979 109.583 70.484 108.208
6.895 0.107 68.022 24.684 109.945 71.222 108.254
7.066 0.038 67.528 24.213 109.726 71.491 108.287
7.237 0.015 67.528 21.393 107.578 71.6 108.256
7.410 -0.107 68.268 24.213 109.528 70.807 108.27
