time gyroz magX magY yaw_mag yaw_gyro yaw_cf yaw_kf
0.325 -0.275 3.022 20.688 -81.689 -80.037 -81.39
0.500 0.175 4.749 22.568 -78.117 -79.983 -79.933
0.674 -0.893 4.995 23.038 -77.767 -79.963 -79.319
0.851 -0.45 3.269 23.038 -81.924 -79.932 -79.978
1.025 -0.259 4.009 22.098 -79.717 -79.895 -79.966
1.201 -0.221 4.502 19.747 -77.157 -79.858 -79.549
1.377 -0.305 4.749 21.627 -77.615 -79.829 -79.321
1.555 -0.252 4.009 22.568 -79.927 -79.799 -79.432
1.730 -0.313 4.502 20.688 -77.723 -79.776 -79.287
1.907 -0.29 4.009 22.568 -79.927 -79.754 -79.39
2.082 -0.32 4.625 20.923 -77.535 -79.737 -79.266
2.264 -0.252 3.762 23.979 -81.084 -79.716 -79.454
2.442 -0.29 4.255 22.568 -79.323 -79.701 -79.485
2.619 -0.298 4.255 21.157 -78.629 -79.69 -79.465
2.795 -0.168 4.009 22.098 -79.717 -79.663 -79.514
2.976 -0.214 2.652 21.863 -83.084 -79.645 -79.774
3.151 -0.229 4.132 20.923 -78.829 -79.631 -79.754
3.329 -0.229 4.379 21.863 -78.674 -79.619 -79.728
3.503 -0.259 4.255 22.098 -79.101 -79.614 -79.732
3.689 -0.244 4.132 23.273 -79.932 -79.609 -79.779
3.865 -0.32 3.762 21.157 -79.917 -79.621 -79.828
4.043 -0.336 4.625 19.982 -76.968 -79.639 -79.737
4.217 -0.252 4.502 21.627 -78.241 -79.642 -79.707
4.398 -0.32 5.365 20.452 -75.301 -79.662 -79.557
4.572 -0.214 2.775 21.157 -82.528 -79.661 -79.716
4.748 -0.206 4.379 21.863 -78.674 -79.66 -79.707
4.922 -0.244 4.379 21.863 -78.674 -79.67 -79.702
5.098 -0.343 4.749 21.157 -77.349 -79.707 -79.656
5.273 -0.244 4.009 19.747 -78.524 -79.721 -79.65
5.449 -0.32 3.392 23.273 -81.708 -79.758 -79.768
5.623 -0.267 4.255 21.157 -78.629 -79.783 -79.766
5.799 -0.168 3.638 20.923 -80.136 -79.782 -79.808
5.973 -0.359 4.379 20.452 -77.915 -79.839 -79.791
6.150 -0.305 3.762 22.568 -80.536 -79.883 -79.857
6.325 -0.313 4.132 22.804 -79.73 -79.932 -79.896
6.505 -0.244 3.762 20.218 -79.459 -79.961 -79.919
6.680 -0.221 3.392 21.393 -80.99 -79.985 -79.987
6.859 -0.298 4.749 20.218 -76.781 -80.037 -79.931
7.033 -0.259 3.145 20.452 -81.258 -80.078 -80.008
7.209 -0.252 3.885 23.273 -80.523 -80.119 -80.061
7.389 -0.275 3.515 21.627 -80.769 -80.171 -80.12
7.564 -0.267 3.269 21.627 -81.405 -80.222 -80.196
7.743 -0.267 4.255 23.038 -79.536 -80.275 -80.216
7.920 -0.221 3.885 22.804 -80.332 -80.313 -80.254
8.095 -0.191 4.009 23.979 -80.509 -80.34 -80.292
8.271 -0.336 4.132 21.393 -79.068 -80.429 -80.305
8.445 -0.175 3.269 22.568 -81.758 -80.453 -80.373
8.624 -0.252 2.652 21.393 -82.933 -80.512 -80.477
8.799 -0.267 3.638 21.393 -80.349 -80.579 -80.512
8.975 -0.374 3.762 21.157 -79.917 -80.697 -80.547
9.149 -0.305 4.995 21.157 -76.716 -80.787 -80.493
9.326 -0.374 4.379 21.393 -78.432 -80.911 -80.491
9.500 -0.259 4.379 19.982 -77.639 -80.984 -80.459
9.676 -0.206 3.638 22.804 -80.936 -81.034 -80.503
9.851 -0.343 3.885 21.863 -79.924 -81.153 -80.535
10.027 -0.328 4.132 21.393 -79.068 -81.267 -80.545
10.201 -0.298 3.269 19.747 -80.6 -81.369 -80.589
10.379 -0.282 4.009 20.688 -79.033 -81.465 -80.592
10.553 -0.32 3.638 19.041 -79.183 -81.584 -80.604
10.728 -0.191 3.515 20.688 -80.357 -81.636 -80.629
10.902 -0.275 3.885 21.393 -79.707 -81.736 -80.647
11.078 -0.305 3.638 22.804 -80.936 -81.855 -80.697
11.253 -0.221 4.009 22.098 -79.717 -81.929 -80.709
11.430 -0.32 3.638 22.333 -80.748 -82.062 -80.754
11.605 1.35 2.405 22.333 -83.854 -81.229 -80.694
11.782 -0.008 2.652 22.333 -83.228 -81.184 -80.758
11.958 -8.087 4.872 22.333 -77.694 -85.969 -81.545
12.134 2.014 5.119 21.393 -76.543 -84.697 -81.25
12.308 -0.305 3.638 20.452 -79.914 -84.835 -81.272
12.485 -0.275 3.145 20.452 -81.258 -84.957 -81.32
12.659 0.122 3.885 19.041 -78.468 -84.83 -81.264
12.835 0.45 3.885 20.923 -79.481 -84.491 -81.194
13.009 -3.319 4.255 22.098 -79.101 -86.6 -81.515
13.184 -7.431 4.132 19.512 -78.043 -91.449 -82.252
13.359 -0.679 3.515 23.038 -81.325 -91.853 -82.344
13.535 -17.143 3.145 22.333 -81.984 -103.405 -84.204
13.709 -28.442 3.638 22.804 -80.936 -122.851 -87.255
13.897 -24.803 3.515 22.568 -81.147 -140.035 -89.928
14.076 -26.695 2.528 27.27 -84.704 -158.773 -92.881
14.265 -13.252 3.145 25.624 -83.003 -168.175 -94.35
14.445 9.575 2.405 26.565 -84.827 -161.209 -93.393
14.626 35.934 3.269 25.859 -82.795 -134.88 -89.531
14.813 67.23 3.392 22.804 -81.54 -85.036 -82.24
15.000 56.435 3.392 21.863 -81.181 -42.66 -76.07
15.180 62.531 4.502 17.396 -75.49 4.851 -69.107
15.356 12.68 4.872 13.4 -70.02 14.637 -67.41
15.529 -15.739 6.106 15.751 -68.811 2.466 -68.79
15.704 -39.848 4.995 18.337 -74.762 -28.773 -72.94
15.878 -64.278 3.022 21.157 -81.871 -79.753 -79.925
16.053 -57.732 2.528 22.568 -83.609 -126.042 -86.27
16.227 -47.714 1.665 25.624 -86.282 -164.705 -91.601
16.416 -16.396 3.515 25.859 -82.259 -178.113 -93.448
16.604 30.571 3.392 28.915 -83.309 -152.683 -90.195
16.796 68.947 2.405 25.624 -84.638 -94.731 -82.761
16.983 82.542 1.912 22.804 -85.207 -24.59 -73.821
17.164 64.713 3.515 15.516 -77.236 30.997 -66.633
17.338 34.981 4.502 15.046 -73.342 61.372 -62.606
17.513 -22.964 5.242 13.635 -68.971 41.314 -64.83
17.686 -62.355 4.749 15.985 -73.454 -13.777 -71.489
17.860 -67.894 2.159 19.041 -83.531 -74.356 -79.002
18.033 -76.035 2.528 21.627 -83.333 -142.863 -87.43
18.208 -66.002 3.269 25.39 -82.663 -22.901 -94.765
18.395 -19.417 3.269 30.09 -83.8 -40.71 -97.027
18.583 7.095 3.638 28.915 -82.829 -34.068 -96.344
18.762 51.483 3.269 28.21 -83.39 14.278 -90.779
18.953 107.826 3.022 25.39 -83.212 116.509 -78.997
19.141 124.992 2.159 19.982 -83.833 56.183 -65.302
19.319 86.067 4.255 15.046 -74.209 139.369 -55.656
19.493 7.256 5.488 12.694 -66.62 146.491 -54.512
19.667 -34.775 3.762 12.224 -72.894 112.345 -58.153
19.840 -74.02 4.132 12.93 -72.278 38.967 -66.141
20.014 -103.34 4.502 16.455 -74.699 -64.395 -77.45
20.188 -105.408 2.035 24.449 -85.242 -170.744 -89.239
20.364 -75.089 2.405 25.624 -84.638 -67.15 -97.702
20.552 -9.789 3.392 29.856 -83.518 -77.159 -98.956
20.744 36.934 3.145 29.386 -83.891 -38.801 -95.046
20.924 109.459 3.515 28.681 -83.013 75.765 -83.095
21.106 154.335 2.898 20.452 -81.935 58.685 -66.135
21.287 114.09 2.775 16.455 -80.428 0.167 -53.534
21.463 21.362 5.119 10.108 -63.141 23.142 -50.794
21.635 -31.693 4.995 9.874 -63.166 -11.092 -53.94
21.808 -65.323 5.119 10.108 -63.141 -82.27 -60.844
21.979 -80.681 2.775 14.105 -78.87 -170.884 -69.807
22.153 -90.416 2.035 18.337 -83.667 -90.983 -79.975
22.327 -77.225 1.048 21.157 -87.164 -177.143 -88.781
22.501 -22.507 2.898 22.804 -82.758 -22.415 -91.468
22.688 20.844 1.912 23.743 -85.396 1.28 -89.407
22.876 78.461 2.898 21.393 -82.285 91.074 -80.896
23.055 92.041 1.542 21.627 -85.922 17.224 -70.921
23.232 40.642 1.418 16.691 -85.144 64.484 -66.573
23.406 0.305 3.145 12.46 -75.834 64.891 -66.489
23.583 -15.472 2.652 15.28 -80.154 46.697 -68.25
23.758 -38.574 3.885 18.102 -77.887 0.925 -72.532
23.934 -13.924 3.145 16.221 -79.027 -15.688 -74.136
24.109 -0.542 2.898 16.221 -79.871 -16.291 -74.285
24.288 -30.457 3.269 18.337 -79.892 -53.228 -77.738
24.462 -45.944 3.022 18.807 -80.871 -109.372 -82.926
24.638 -35.385 3.515 21.157 -80.567 -152.913 -86.947
24.813 -10.162 4.255 23.038 -79.536 -165.47 -88.155
24.990 0.214 2.282 22.098 -84.104 -165.153 -88.292
25.171 -5.363 2.282 22.098 -84.104 -171.853 -89.026
25.356 -0.084 2.528 23.979 -83.982 -171.909 -89.158
25.536 0.061 2.405 22.804 -83.98 -171.781 -89.256
25.720 0.092 2.652 24.684 -83.868 -171.613 -89.332
25.900 -0.175 2.898 22.804 -82.758 -171.79 -89.401
26.082 -0.275 1.912 23.273 -85.303 -172.099 -89.518
26.262 -0.282 2.775 23.979 -83.399 -172.419 -89.586
26.446 -0.237 3.392 23.743 -81.87 -172.682 -89.606
26.626 -0.381 2.282 21.157 -83.844 -173.139 -89.671
26.810 -0.229 3.392 21.863 -81.181 -173.396 -89.657
26.990 -0.252 2.528 21.627 -83.333 -173.686 -89.68
27.175 -0.313 2.528 23.038 -83.738 -174.061 -89.709
27.357 -0.305 1.788 23.038 -85.562 -174.428 -89.766
27.539 -0.275 2.528 21.157 -83.186 -174.757 -89.765
27.721 -0.267 2.282 22.568 -84.226 -175.077 -89.777
27.904 -0.252 3.145 22.804 -82.148 -175.379 -89.74
28.085 -0.32 3.392 23.273 -81.708 -175.778 -89.697
28.267 -0.259 3.145 22.804 -82.148 -176.094 -89.652
28.447 -0.305 2.652 23.273 -83.499 -176.478 -89.635
28.631 -0.221 1.788 21.627 -85.274 -176.744 -89.639
