time gyroz magX magY yaw_mag yaw_gyro yaw_cf yaw_kf
0.356 -0.29 1.058 5.398 -87.289 -0.103 -87.106
0.564 -1.77 1.454 5.978 -86.071 -1.288 -86.742
0.771 -0.13 1.058 5.784 -87.398 -1.87 -87.0
0.980 -0.305 0.793 5.784 -88.049 -0.429 -87.304
1.192 -0.267 -0.133 5.204 -90.337 -0.623 -87.937
1.404 -0.32 1.587 7.332 -86.178 -0.716 -87.709
1.609 -0.336 2.908 6.171 -83.154 -0.861 -87.132
1.817 -0.267 1.322 4.623 -86.614 -0.821 -87.118
2.028 -0.32 1.983 5.978 -84.875 -0.916 -86.925
2.236 -0.214 1.322 5.784 -86.684 -0.799 -86.945
2.445 -0.298 1.587 6.559 -86.021 -0.943 -86.91
2.656 -0.298 0.661 7.139 -88.357 -1.089 -87.078
2.866 -0.275 1.19 6.365 -86.852 -1.086 -87.107
3.074 -0.237 1.851 5.398 -85.455 -1.004 -87.032
3.283 -0.298 0.264 5.011 -89.337 -1.215 -87.233
3.494 -0.305 -0.529 5.011 -91.356 -1.364 -87.541
3.702 -0.336 1.19 6.365 -87.103 -1.549 -87.564
3.913 -0.313 1.322 5.784 -86.75 -1.561 -87.566
4.120 -0.229 1.322 4.237 -86.684 -1.256 -87.561
4.329 -0.275 1.454 5.59 -86.315 -1.419 -87.542
4.540 -0.275 1.058 4.623 -87.17 -1.524 -87.568
4.748 -0.313 2.115 5.784 -85.01 -1.761 -87.494
4.958 -0.214 1.058 5.011 -87.345 -1.374 -87.527
5.167 -0.404 0.793 5.398 -88.088 -2.301 -87.605
5.375 -2.068 1.322 5.011 -86.75 -11.52 -87.743
5.584 8.27 1.322 6.945 -86.75 44.112 -87.13
5.791 -3.754 2.512 6.751 -83.78 -13.469 -87.275
6.001 -11.07 3.173 5.398 -82.537 -70.185 -87.915
6.209 -28.709 3.702 7.332 -80.966 -9.324 -89.797
6.418 -33.47 2.38 9.654 -84.163 -63.519 -92.158
6.625 -44.472 3.966 11.975 -80.333 -148.097 -95.197
6.833 -53.841 3.173 14.297 -82.677 127.632 -99.017
7.055 -86.128 5.553 12.749 -75.457 -121.474 -104.971
7.263 -121.91 7.933 15.071 -67.891 -71.56 -113.324
7.487 -69.672 10.709 14.491 -58.411 -103.544 -117.578
7.707 -2.823 10.974 14.104 -57.783 -91.429 -116.943
7.928 5.013 11.767 12.555 -55.225 36.92 -115.68
8.149 -2.296 11.635 13.136 -55.154 -13.697 -114.979
8.364 2.968 11.37 13.136 -56.504 22.528 -113.956
8.585 29.877 9.916 14.104 -59.666 79.462 -111.064
8.800 58.723 8.858 15.264 -67.295 6.639 -106.276
9.011 97.679 9.255 15.844 -63.532 38.908 -98.515
9.218 93.285 8.065 14.877 -69.959 57.58 -91.257
9.433 85.716 7.404 14.683 -73.003 1.844 -84.64
9.655 40.627 6.875 11.588 -74.441 -62.03 -81.391
9.869 32.715 1.851 8.106 -85.455 -176.509 -79.021
10.075 2.373 0.396 6.751 -89.016 56.623 -78.982
10.282 -1.442 0.925 7.139 -87.792 -12.454 -79.19
10.489 -0.145 0.925 5.204 -87.875 -2.963 -79.304
10.697 0.74 0.925 5.978 -87.604 7.771 -79.344
10.904 -1.381 0.132 6.365 -89.651 -14.318 -79.59
11.109 3.96 1.851 7.332 -85.455 42.611 -79.337
11.318 -0.053 0.925 6.365 -87.875 3.36 -79.439
11.526 -42.885 1.454 8.299 -86.315 45.654 -82.679
11.734 -35.492 1.19 11.782 -87.413 80.652 -85.401
11.948 -69.42 0.661 10.621 -88.288 35.078 -90.661
12.169 -86.075 3.041 13.716 -80.095 143.133 -96.97
12.382 -83.435 6.081 12.362 -72.703 140.833 -102.919
12.591 -80.963 7.139 15.458 -67.979 157.16 -108.584
12.801 -18.173 11.503 13.33 -57.923 -133.596 -109.36
13.018 4.128 10.577 15.844 -59.069 35.565 -108.508
13.236 6.66 10.445 14.877 -60.356 92.28 -107.497
13.453 19.493 10.18 12.555 -60.985 88.899 -105.547
13.653 34.5 9.784 15.071 -62.241 -49.478 -102.507
13.871 50.713 10.048 15.844 -62.202 -162.06 -98.257
14.079 64.323 7.139 15.071 -69.919 56.317 -93.158
14.287 76.462 6.479 16.038 -74.598 -103.264 -87.251
14.502 83.305 7.801 13.33 -71.65 24.551 -80.767
14.723 61.05 4.495 10.815 -79.284 82.144 -76.105
14.925 35.851 6.875 8.88 -73.858 56.126 -73.211
15.129 26.558 4.363 6.365 -80.072 -102.353 -71.146
15.336 -2.983 2.115 5.784 -85.104 -19.189 -71.397
15.543 -0.763 2.908 4.237 -82.881 -14.842 -71.442
15.750 -3.166 1.983 4.431 -85.274 -50.627 -71.721
15.957 0.954 1.058 5.011 -87.45 12.057 -71.74
16.164 -0.229 1.19 6.365 -87.267 -2.748 -71.848
16.372 -0.343 1.058 5.784 -87.592 -5.845 -71.974
16.580 -0.13 1.719 4.431 -85.735 -2.498 -72.049
16.787 -0.328 1.19 6.365 -87.103 -5.636 -72.171
16.993 -0.336 0.925 5.978 -87.792 -6.038 -72.309
17.200 -0.252 0.793 5.784 -88.049 -4.67 -72.448
17.407 -0.259 1.719 4.817 -85.901 -4.76 -72.548
17.616 -0.244 1.322 4.623 -86.684 -4.557 -72.664
17.824 -0.275 0.793 4.623 -87.878 -5.146 -72.809
18.034 -0.175 0.793 5.398 -88.161 -3.431 -72.954
18.242 -0.282 1.851 4.623 -85.544 -5.319 -73.057
18.450 -0.282 0.529 5.398 -88.698 -5.485 -73.223
18.659 -0.206 1.058 5.398 -87.345 -4.126 -73.359
18.869 -0.32 2.644 5.011 -83.77 -6.244 -73.437
19.077 -0.275 1.454 5.59 -86.662 -5.566 -73.568
