time,s Volts,V  gyroz magX magY yaw_rm yaw_rg yaw_cf yaw_kf
F R 0.0 7.76 2063.9 -0.025 -0.067 -0.435 -8.33 19.2 63.03 67.82 
F R 0.24 7.59 293.05 0.096 -0.055 0.191 -7.8 17.33 63.41 92.83 
F R 0.484 7.6 407.93 0.111 -0.058 -0.13 -8.07 15.93 63.31 65.83 
F R 0.725 7.64 385.0 0.144 0.023 -0.259 -9.37 16.39 62.88 104.57 
F R 0.969 7.63 420.0 0.052 -0.083 0.084 -7.03 17.8 63.4 100.36 
F R 1.212 7.58 365.98 0.167 -0.037 -0.107 -9.11 16.24 63.29 98.58 
F R 1.457 7.59 316.95 -0.052 -0.068 -0.229 -6.24 17.64 63.39 110.66 
F R 1.701 7.61 274.02 -0.123 -0.042 0.046 -7.03 16.86 63.26 65.87 
F R 1.942 7.64 377.93 0.188 -0.048 -0.153 -6.5 16.55 62.98 66.02 
F R 2.183 7.6 290.0 0.057 -0.047 -0.191 -7.55 15.61 63.36 101.7 
F R 2.426 7.62 439.02 -0.091 -0.081 -0.198 -7.28 16.39 63.31 103.72 
F R 2.669 7.62 419.02 -0.02 -0.043 -0.023 -6.5 16.55 63.36 65.95 
F R 2.91 7.63 430.0 0.109 -0.046 -0.351 -8.85 15.46 63.33 105.68 
F R 3.154 7.56 254.02 -0.073 -0.096 -0.366 -7.55 16.86 63.43 65.98 
F R 3.394 7.59 414.02 -0.019 -0.051 -0.107 -7.8 16.08 63.3 65.91 
F R 3.635 7.64 372.93 0.04 -0.075 -0.275 -5.98 15.93 63.36 56.52 
F R 3.88 7.58 430.0 -0.033 -0.091 -0.557 -7.03 16.55 63.31 103.37 
F R 4.123 7.59 369.02 0.09 -0.097 -0.465 -7.55 15.93 63.35 65.93 
F R 4.363 7.63 360.98 -0.115 -0.088 -0.252 -7.8 16.39 63.33 101.0 
F R 4.607 7.6 425.0 0.089 -0.032 -0.42 -7.8 16.08 62.93 104.15 
F R 4.85 7.61 370.0 -0.171 -0.067 -0.244 -7.55 16.86 62.83 114.61 
F R 5.094 7.59 319.02 0.085 -0.067 -0.092 -8.33 16.08 63.0 100.11 
F R 5.337 7.6 379.02 -0.08 -0.066 -0.473 -7.8 17.33 63.43 98.97 
F R 5.58 7.6 440.0 0.095 -0.017 -0.465 -7.28 16.39 63.31 65.97 
F R 5.821 7.6 374.02 -0.153 -0.101 -0.099 -6.76 16.39 62.76 101.7 
F R 6.064 7.58 417.93 0.111 -0.022 0.214 -6.76 17.33 62.76 110.2 
F R 6.307 7.62 308.05 -0.188 -0.089 -0.687 -7.03 16.55 63.28 98.52 
F R 6.55 7.6 300.98 0.163 -0.032 -0.191 -5.46 16.24 62.95 101.4 
F R 6.793 7.6 387.93 -0.044 -0.052 -0.412 -6.76 15.14 63.31 66.02 
F R 7.034 7.59 339.02 -0.111 -0.068 0.534 -7.03 15.93 63.44 60.19 
F R 7.28 7.62 255.0 0.118 -0.061 0.076 -7.55 17.17 63.28 50.96 
F R 7.526 7.6 275.98 -0.034 -0.064 -0.031 -7.8 17.02 63.44 54.94 
F R 7.771 7.64 389.02 -0.098 -0.054 -0.702 -8.33 15.46 63.22 52.06 
F R 8.016 7.61 372.93 -0.085 -0.13 -0.053 -7.8 16.71 63.33 66.6 
F R 8.261 7.58 271.95 0.047 -0.068 0.122 -8.07 17.8 63.3 62.84 
F R 8.506 7.58 385.0 0.036 -0.025 0.084 -7.03 16.24 63.27 58.79 
F R 8.751 7.57 385.98 -0.106 -0.1 -0.328 -7.8 17.96 63.31 60.1 
F R 8.997 7.61 375.0 0.104 -0.078 -0.565 -8.58 17.17 62.83 64.05 
F R 9.242 7.61 364.02 0.164 -0.011 -0.496 -7.55 16.24 63.28 59.19 
F R 9.486 7.62 366.95 0.044 -0.058 0.107 -7.55 16.24 63.34 65.96 
F R 9.727 7.58 264.02 -0.06 -0.057 -0.519 -7.55 16.86 63.44 66.22 
F R 9.968 7.59 445.0 -0.07 -0.057 -0.206 -6.5 17.17 62.86 66.31 
F R 10.209 7.64 331.95 -0.092 -0.07 -0.641 -6.5 17.17 62.79 65.15 
F R 10.455 7.59 341.95 -0.113 -0.107 0.282 -6.5 16.86 63.37 66.4 
F R 10.695 7.61 308.05 -0.082 -0.087 -0.092 -6.76 16.39 63.3 103.91 
F R 10.938 7.59 326.95 0.028 -0.095 -0.343 -6.5 15.3 63.23 103.67 
F R 11.181 7.63 381.95 -0.099 -0.092 -0.336 -7.28 16.71 63.37 97.8 
F R 11.424 7.62 303.05 0.069 -0.105 -0.298 -8.33 17.33 63.36 104.17 
F R 11.668 7.6 404.02 0.07 -0.086 -0.237 -9.37 16.71 62.85 98.33 
F R 11.911 7.63 245.98 0.143 -0.085 -0.389 -9.11 17.17 63.36 90.42 
F R 12.154 7.57 266.95 0.102 -0.03 -0.519 -9.37 16.71 63.23 97.53 
F R 12.398 7.58 318.05 -0.106 -0.087 -0.496 -7.8 17.02 63.34 103.45 
F R 12.641 7.58 491.95 0.073 -0.048 -0.359 -7.28 17.96 63.23 106.88 
F R 12.884 7.6 331.95 0.173 -0.063 -0.237 -9.63 16.86 63.37 101.74 
F R 13.128 7.62 370.0 -0.059 -0.057 0.206 -8.58 15.93 62.76 100.55 
F R 13.371 7.58 255.0 -0.078 -0.099 -0.702 -6.5 17.49 63.24 96.75 
F R 13.614 7.59 295.98 0.027 -0.084 -0.046 -8.33 15.77 62.84 100.2 
F R 13.857 7.58 244.02 0.113 -0.076 0.259 -8.85 16.08 63.23 75.36 
F R 14.102 7.61 256.95 -0.194 -0.117 0.092 -6.24 15.77 62.96 102.18 
F R 14.346 7.63 410.0 0.052 -0.046 -0.572 -8.85 16.08 63.3 103.71 
F R 14.59 7.6 335.98 0.181 -0.003 -0.732 -9.89 15.77 62.86 72.44 
F R 14.833 7.55 365.0 -0.043 -0.051 -0.031 -9.11 17.17 63.32 87.14 
F R 15.078 7.59 305.98 -0.122 -0.111 -0.168 -8.07 16.86 63.24 96.12 
