time gyroz magX magY yaw_mag yaw_gyro yaw_cf yaw_kf
0.331 -0.237 2.405 24.684 132.769 135.728 133.327
0.513 -0.717 2.652 22.804 133.938 135.76 133.555
0.693 -0.046 3.145 25.154 132.231 135.808 133.122
0.876 -0.275 2.528 23.038 135.012 135.846 133.533
1.059 -0.305 3.515 23.979 133.866 135.88 133.559
1.242 -0.229 4.009 23.509 134.963 135.916 133.751
1.424 -0.282 3.392 24.213 132.778 135.946 133.579
1.604 -0.336 3.638 25.624 132.758 135.969 133.437
1.784 -0.282 3.145 25.624 132.236 135.994 133.267
1.969 0.038 4.132 24.213 133.32 136.048 133.255
2.150 18.448 3.638 24.213 132.778 138.081 134.521
2.334 -10.399 2.652 24.684 134.341 136.917 133.861
2.513 -22.629 3.022 24.449 133.841 134.124 132.228
2.703 -35.767 4.255 22.568 137.161 129.34 129.813
2.881 -56.664 2.405 26.565 129.597 121.228 125.234
3.070 -52.437 3.269 28.21 124.805 113.229 120.629
3.257 -40.512 7.092 28.915 122.661 106.682 116.817
3.439 -34.561 6.106 29.856 119.391 100.789 113.32
3.617 -26.192 7.462 30.561 120.942 96.102 110.625
3.798 -26.375 10.299 29.386 120.408 91.143 107.948
3.976 -30.258 11.903 30.09 120.126 85.178 105.001
4.153 -27.519 11.532 28.445 123.694 79.514 102.489
4.332 -26.199 11.162 31.031 119.366 73.889 99.919
4.514 -8.156 11.162 30.09 123.093 72.098 99.044
4.695 2.51 9.806 28.915 123.852 72.737 99.148
4.879 -1.74 9.806 28.445 123.694 72.363 98.957
5.059 -0.74 10.175 29.621 123.506 72.226 98.897
5.241 -0.412 9.682 29.621 122.925 72.168 98.891
5.420 5.569 10.545 29.386 120.408 73.727 99.351
5.602 15.297 10.422 30.09 124.227 78.062 100.851
5.781 25.764 9.682 29.621 121.737 85.559 103.236
5.957 28.328 9.559 30.326 122.601 94.046 105.945
6.134 37.025 8.819 29.856 121.234 105.452 109.441
6.313 32.631 7.092 30.796 121.042 115.802 112.601
6.490 35.309 5.982 30.09 120.735 127.31 116.038
6.669 37.437 3.022 27.74 124.056 139.843 119.816
6.851 28.969 3.392 29.386 123.425 149.816 122.825
7.036 23.041 3.022 29.151 122.749 157.972 125.274
7.211 18.906 2.898 26.095 127.819 164.839 127.487
7.391 22.133 3.392 27.504 127.514 173.068 129.976
7.570 28.13 2.898 27.976 127.599 3.765 133.019
7.759 33.47 3.269 26.329 128.441 16.8 136.585
7.947 29.198 3.145 23.273 136.027 28.452 139.947
8.136 24.33 3.885 21.863 136.778 38.399 142.838
8.316 18.936 3.022 20.218 140.775 46.323 145.283
8.498 1.381 1.912 21.393 138.934 46.96 145.927
8.675 -0.237 2.775 20.688 139.635 46.907 146.371
8.850 -0.305 2.652 22.333 138.204 46.822 146.712
9.024 -0.313 1.665 21.863 137.814 46.731 146.991
9.200 0.32 2.405 21.863 139.768 46.928 147.335
9.373 -11.856 1.172 21.393 137.92 41.422 146.378
9.548 -19.341 2.898 20.923 135.838 32.239 144.57
9.722 -20.805 1.295 22.568 138.633 22.176 142.636
9.899 -19.798 2.282 23.509 134.433 12.427 140.656
10.078 -9.377 1.912 24.213 135.399 7.752 139.72
10.258 -11.787 2.405 22.333 134.536 1.756 138.501
10.429 -14.229 3.022 23.509 131.047 -5.614 136.933
10.601 -32.242 3.145 25.154 128.242 -22.654 133.444
10.780 -33.134 3.145 25.154 127.016 -40.463 129.813
10.961 -37.163 4.872 26.565 126.732 -60.78 125.745
11.131 -39.238 5.612 29.856 120.626 -82.568 121.312
11.312 -40.81 7.339 30.796 122.202 -105.6 116.751
11.482 -36.133 7.956 29.621 121.737 -126.294 112.669
11.661 -39.253 9.312 28.915 121.436 -149.13 108.268
11.837 -31.036 9.929 30.09 120.126 -167.449 104.712
12.014 -27.756 11.779 28.445 123.694 -4.072 101.607
12.190 -30.06 11.532 28.915 121.436 -22.344 98.241
12.369 -24.857 13.753 31.267 121.811 -37.667 95.461
12.546 -23.293 13.136 31.501 119.0 -52.229 92.82
12.735 -18.539 13.876 29.621 123.506 -63.984 90.821
12.922 -4.623 13.876 29.151 121.539 -66.921 90.29
13.104 0.023 14.122 30.09 122.516 -66.856 90.321
13.285 -0.214 13.876 29.621 124.647 -66.948 90.419
13.468 -0.58 13.876 28.681 125.516 -67.289 90.538
13.648 -1.068 14.245 28.445 124.288 -67.968 90.615
13.830 -1.801 13.999 29.386 124.577 -69.163 90.652
14.010 0.664 14.986 27.976 121.011 -68.648 90.905
14.192 -0.229 15.109 29.151 124.507 -68.76 91.167
14.372 -0.633 15.726 27.035 123.811 -69.165 91.395
14.553 0.427 13.753 28.915 122.661 -68.804 91.733
14.732 0.038 14.369 29.151 122.149 -68.726 92.039
14.912 0.908 13.999 29.386 122.241 -67.999 92.458
15.091 0.763 13.382 29.621 122.925 -67.373 92.892
15.271 2.495 13.999 29.386 121.639 -65.418 93.499
15.450 3.548 14.245 28.445 123.089 -62.627 94.263
15.630 21.812 14.369 29.151 123.929 -45.531 97.029
15.809 29.083 13.876 31.031 120.558 -22.492 100.527
15.992 31.868 12.766 31.737 120.862 3.04 104.347
16.168 39.749 11.903 28.681 123.174 35.223 109.078
16.345 41.733 11.039 30.796 119.853 69.379 113.96
16.521 42.252 9.806 31.737 121.99 104.331 118.941
16.699 48.187 7.709 28.21 124.805 144.615 124.617
16.872 48.653 6.229 28.681 123.773 5.709 130.309
17.047 44.93 4.749 25.859 126.566 44.055 135.632
17.225 40.359 2.035 25.859 126.566 78.864 140.429
17.405 25.65 3.392 23.273 129.807 101.236 143.654
17.583 27.206 2.528 22.568 134.515 125.204 147.1
17.764 39.024 2.282 21.627 136.822 159.915 151.836
17.945 14.862 1.172 20.452 141.173 173.3 153.978
18.119 4.044 3.145 19.041 141.715 177.014 154.893
18.291 16.602 3.885 23.743 135.455 12.247 156.996
18.464 4.692 2.775 19.277 139.561 16.629 157.832
18.637 0.32 3.392 19.982 140.364 16.977 158.154
18.813 -0.206 2.652 20.923 137.499 16.833 158.31
18.987 -0.32 2.282 20.218 140.283 16.579 158.466
19.163 -0.359 4.379 20.923 136.403 16.285 158.497
19.336 -0.153 3.269 18.807 138.597 16.187 158.557
19.512 -0.275 4.009 20.688 137.553 15.969 158.548
19.685 -0.237 3.762 20.688 140.612 15.786 158.574
19.860 -0.252 3.392 19.982 139.857 15.586 158.553
20.035 -0.267 3.638 20.452 136.489 15.369 158.436
20.211 -0.343 4.009 20.688 137.005 15.072 158.297
20.384 -0.252 2.528 18.807 141.305 14.865 158.234
20.566 -0.214 4.379 20.923 140.535 14.695 158.138
20.741 -0.29 2.159 20.452 140.207 14.444 158.009
20.916 -0.313 2.528 18.807 139.716 14.167 157.851
21.092 -0.214 3.269 20.688 140.612 13.991 157.706
21.272 -0.259 4.625 19.512 140.013 13.766 157.532
21.451 -0.259 4.132 19.041 142.206 13.538 157.388
21.628 -0.275 2.898 20.452 139.199 13.291 157.172
21.805 -0.275 3.638 21.393 138.432 13.041 156.931
21.984 -0.229 2.775 20.688 138.616 12.839 156.69
22.159 -0.366 4.255 19.747 138.333 12.483 156.422
22.336 -0.313 3.638 20.452 139.708 12.183 156.181
22.512 -0.313 4.009 19.747 140.445 11.881 155.949
