time gyroz magX magY yaw_mag yaw_gyro yaw_cf yaw_kf
0.322 -0.214 28.562 16.966 120.711 118.47 120.281
0.495 -22.705 28.562 14.809 117.406 107.231 117.866
0.666 -0.504 29.115 19.663 124.033 106.895 119.208
0.841 0.015 28.377 19.124 123.977 106.908 119.922
1.011 -0.282 29.023 16.696 119.91 106.623 119.571
1.182 -0.893 28.654 15.618 118.593 105.567 119.077
1.352 -14.473 27.269 20.204 126.535 86.0 118.884
1.535 -1.411 28.838 18.315 122.42 83.834 118.868
1.709 -0.145 28.654 17.237 121.029 83.586 118.774
1.884 1.404 29.115 18.046 121.791 86.231 118.888
2.055 -1.77 28.562 17.505 121.503 82.594 118.753
2.233 -2.205 28.008 18.046 122.794 77.67 118.698
2.406 4.799 28.746 18.046 122.12 89.216 119.093
2.581 -5.051 28.654 16.157 119.417 76.179 118.57
2.753 -9.491 28.008 19.663 125.071 50.05 118.109
2.926 -6.615 28.838 18.855 123.178 30.695 117.706
3.097 -0.595 29.023 19.934 124.483 28.852 117.83
3.271 -0.366 29.853 18.046 121.153 27.655 117.772
3.443 -0.076 29.023 19.934 124.483 27.393 117.926
3.617 -0.076 29.392 18.855 122.68 27.118 117.981
3.789 -0.443 30.315 19.934 123.327 25.439 118.04
3.963 -3.96 29.3 19.663 123.865 9.746 117.839
4.132 3.174 29.392 21.013 125.562 22.861 118.288
4.304 -14.824 29.577 25.868 131.173 -40.941 117.498
4.475 -35.301 29.946 25.868 130.821 -18.913 114.94
4.648 -74.318 31.145 30.993 134.86 175.657 109.197
4.821 -111.916 31.33 29.374 133.154 176.11 100.063
5.001 -89.76 31.33 27.757 131.54 -92.78 92.589
5.175 -84.053 31.607 26.947 130.45 12.246 85.464
5.354 -64.285 31.976 30.183 133.348 -151.936 80.094
5.531 -71.06 32.714 29.644 132.181 -4.969 74.058
5.708 -59.669 34.652 30.454 131.311 -165.56 68.97
5.884 -32.654 34.56 30.183 131.132 -177.696 66.288
6.062 -32.234 37.236 25.598 124.507 166.901 63.471
6.231 -37.537 37.144 26.407 125.41 -66.992 60.26
6.407 5.951 37.328 26.407 125.277 -28.864 61.058
6.589 -8.43 37.328 29.105 127.944 -84.409 60.72
6.771 -15.289 37.513 25.868 124.589 -7.931 59.714
6.953 -30.502 38.159 23.98 122.146 -40.011 57.271
7.136 -50.232 38.528 24.519 122.472 141.533 53.02
7.320 -64.789 40.466 19.934 116.225 -152.722 47.22
7.510 -78.865 40.743 19.663 115.762 155.002 40.068
7.693 -78.69 42.035 13.19 107.421 89.64 32.691
7.875 -79.636 41.481 10.493 104.196 2.507 25.145
8.054 -86.823 43.234 4.827 96.371 -156.765 16.713
8.234 -80.269 41.296 -4.613 83.626 82.3 8.607
8.411 -73.631 38.436 -7.041 79.619 2.99 1.101
8.591 -74.623 36.682 -8.929 76.319 -98.096 -6.514
8.771 -74.799 36.498 -7.31 78.674 145.842 -14.006
8.952 -80.536 32.991 -5.693 80.209 -35.116 -21.949
9.129 -74.928 31.699 -5.152 80.769 -179.134 -29.244
9.308 -77.858 28.931 -3.533 83.038 -3.836 -36.691
9.485 -74.074 26.623 2.67 95.727 -166.428 -43.364
9.662 -70.084 26.439 4.827 100.347 56.42 -49.444
9.837 -67.162 26.162 5.637 102.159 -64.253 -55.105
10.013 -64.926 27.639 8.874 107.8 -174.357 -60.323
10.187 -56.458 30.5 10.762 109.436 150.505 -64.56
10.364 -29.709 28.377 20.743 126.166 -157.399 -65.581
10.536 -26.138 26.531 21.282 128.735 107.211 -66.084
10.709 -70.465 27.546 16.157 120.394 -107.399 -71.259
10.885 -76.797 29.485 26.138 131.556 -43.334 -76.783
11.061 -75.516 31.053 25.868 129.795 21.384 -82.176
11.234 -83.199 32.714 25.868 128.335 -13.274 -88.357
11.409 -79.582 32.806 25.598 127.964 -21.225 -94.127
11.580 -78.575 33.729 26.138 127.774 -31.124 -99.747
11.759 -81.978 37.328 23.71 122.423 -95.103 -105.79
11.941 -70.953 37.328 28.565 127.425 -42.353 -110.508
12.125 -68.375 38.99 25.329 123.009 28.6 -114.99
12.307 -70.724 39.266 21.823 119.064 58.2 -119.74
12.496 -77.057 40.281 18.315 114.45 -4.704 -125.191
12.680 -74.463 40.65 13.46 108.321 -48.895 -130.437
12.866 -75.722 42.404 11.032 104.583 -123.134 -135.825
13.049 -73.196 41.666 8.335 101.312 -178.269 -140.943
13.232 -71.892 41.943 2.67 93.642 130.456 -146.011
13.406 -50.293 41.389 -10.818 75.352 -3.772 -149.091
13.579 -58.167 39.359 -12.975 71.755 106.378 -152.99
13.750 -94.376 35.852 -10.818 73.209 68.708 -160.634
13.932 -41.832 33.822 -10.277 73.098 25.905 -162.587
14.117 -27.077 34.006 -9.738 74.02 -176.341 -162.838
14.304 -33.501 32.622 -13.244 67.904 -115.539 -163.809
14.489 -57.007 30.684 -12.436 67.938 -41.513 -167.216
14.676 -68.657 29.853 -8.929 73.348 -149.123 -171.69
14.860 -74.951 29.669 -6.771 77.144 -2.895 -176.699
15.045 -75.943 28.377 -5.693 78.656 114.543 -181.724
15.226 -82.878 27.085 -0.297 89.372 112.643 -187.214
15.410 -72.746 27.177 4.827 100.071 -108.373 -191.33
15.597 -72.006 27.269 9.413 109.044 28.549 -195.124
15.784 -72.09 27.454 15.348 119.207 150.68 -198.661
15.961 -73.402 29.485 18.046 121.468 -120.889 -202.244
16.138 -76.691 29.115 20.204 124.758 -98.528 -206.067
16.313 -74.257 30.407 28.296 132.94 -49.882 -209.411
16.487 -69.16 31.791 26.407 129.715 69.877 -212.221
16.658 -77.614 32.438 27.757 130.553 36.983 -215.885
16.830 -78.957 34.191 29.644 130.926 -31.863 -219.642
17.001 -79.544 35.483 25.868 126.093 -124.191 -223.518
17.181 -77.423 37.605 28.296 126.96 165.604 -227.096
17.374 -75.287 38.159 22.901 120.97 117.568 -230.516
17.548 -74.097 38.897 21.823 119.294 77.314 -233.786
17.725 -71.625 40.005 21.823 118.613 67.761 -236.748
17.902 -73.692 41.204 18.855 114.589 8.527 -239.963
18.075 -67.413 42.127 13.46 107.719 50.037 -242.578
18.255 -75.363 43.234 9.145 101.943 -65.715 -246.121
18.437 -78.484 43.512 2.401 93.158 107.275 -250.129
18.618 -74.234 43.327 -2.455 86.757 -14.814 -253.742
18.796 -71.701 41.758 -7.58 79.712 -102.506 -257.159
18.981 -69.832 37.513 -8.119 77.788 -167.987 -260.346
19.169 -69.847 34.375 -9.738 74.183 113.116 -263.542
19.359 -62.317 31.422 -11.357 70.128 166.721 -265.93
19.545 -71.747 31.053 -9.738 72.589 24.426 -269.236
19.741 -73.395 28.838 -4.883 80.39 -164.465 -272.504
19.923 -66.254 28.192 -7.85 74.44 135.557 -275.052
20.121 -72.22 27.269 -3.533 82.618 -57.582 -278.03
20.302 -65.666 27.731 4.827 99.874 -130.733 -279.887
20.506 -68.436 27.823 6.177 102.517 85.918 -281.946
20.693 -70.45 27.085 11.032 112.162 -111.904 -283.987
20.879 -67.413 28.469 18.315 122.754 100.58 -285.44
21.055 -75.027 29.023 22.091 127.277 140.887 -287.604
21.230 -69.16 30.684 24.79 128.935 -67.38 -289.055
21.408 -71.594 31.33 27.216 130.98 19.936 -290.701
21.583 -77.461 31.607 28.026 131.563 -31.905 -292.95
21.755 -79.933 34.468 27.757 128.844 -150.847 -295.496
21.930 -75.142 33.729 33.151 134.505 -178.711 -297.372
22.102 -79.063 37.328 29.105 127.944 53.839 -299.78
22.277 -71.022 37.975 27.757 126.164 91.682 -301.308
22.451 -74.051 37.513 23.71 122.295 49.163 -303.212
22.625 -68.031 39.912 22.091 118.964 129.962 -304.485
22.801 -67.406 39.912 19.934 116.54 -146.962 -305.702
22.977 -57.533 40.743 15.887 111.302 151.102 -305.899
23.151 -69.649 42.404 12.651 106.612 158.658 -307.489
23.335 -61.699 42.127 8.065 100.838 -21.088 -308.283
23.515 -71.907 43.88 1.321 91.724 -91.981 -310.349
23.695 -69.817 43.604 -4.883 83.61 -126.295 -312.31
23.873 -68.794 41.112 -6.232 81.38 -148.614 -314.166
24.056 -71.625 37.144 -8.66 76.876 108.375 -316.384
24.238 -64.407 33.083 -11.896 70.222 167.278 -317.901
24.426 -69.916 32.345 -11.357 70.653 79.51 -319.975
24.610 -64.11 30.869 -11.896 68.925 121.763 -321.403
24.798 -63.309 30.222 -9.469 72.603 171.826 -322.63
24.982 -69.565 28.838 -7.58 75.273 53.953 -324.456
25.164 -66.238 28.008 -5.152 79.577 7.14 -325.796
25.343 -67.978 27.177 -3.804 82.032 -95.626 -327.246
25.526 -70.45 27.085 4.018 98.438 86.067 -328.612
25.708 -64.499 26.716 5.637 101.914 47.927 -329.228
25.895 -65.857 27.823 13.729 116.264 -37.44 -329.685
26.080 -63.515 28.562 15.887 119.084 -73.911 -329.808
26.258 -71.167 28.469 19.934 125.0 37.386 -330.644
26.432 -68.535 30.592 22.362 126.166 -154.131 -331.153
26.607 -65.636 30.776 26.677 130.919 79.492 -331.236
26.781 -73.853 33.268 26.947 129.007 81.635 -332.254
26.957 -73.051 33.822 30.183 131.746 92.399 -333.121
27.131 -77.927 34.283 28.296 129.535 -41.838 -334.561
27.306 -74.402 35.852 26.947 126.929 -93.459 -335.655
27.478 -78.163 36.498 25.058 124.472 98.778 -337.201
27.654 -73.586 39.082 24.519 122.103 43.831 -338.276
27.827 -69.489 40.097 20.473 117.048 90.161 -338.984
28.004 -70.114 40.097 19.934 116.434 106.689 -339.755
28.179 -68.336 40.743 13.19 107.939 161.049 -340.481
28.362 -71.701 41.573 10.762 104.514 107.465 -341.628
28.545 -73.387 41.943 0.512 90.699 -7.367 -343.216
28.726 -76.164 43.788 -4.343 84.336 144.746 -345.214
28.905 -69.603 44.619 -7.31 80.696 112.871 -346.533
29.085 -68.542 39.727 -9.738 76.227 99.327 -347.795
29.262 -72.525 36.959 -11.896 72.158 -42.9 -349.55
29.445 -67.116 33.453 -13.514 68.003 -39.131 -350.76
29.630 -64.766 33.36 -10.547 72.455 21.852 -351.59
29.818 -68.298 31.699 -9.469 73.368 -34.658 -352.764
30.003 -64.384 31.33 -11.086 70.514 13.629 -353.535
30.188 -66.124 28.285 -4.883 80.205 -2.522 -354.278
30.371 -72.792 28.285 -5.422 79.149 126.712 -355.758
30.552 -70.61 28.008 -6.771 76.409 -50.565 -357.028
30.734 -70.358 26.993 4.288 99.026 127.052 -357.8
30.918 -66.734 26.716 9.413 109.409 43.77 -357.951
31.105 -73.73 28.008 18.046 122.794 90.398 -358.597
31.290 -71.793 28.931 18.585 122.716 -176.005 -359.025
31.467 -76.294 30.038 23.44 127.967 123.252 -359.84
31.643 -73.685 30.776 25.058 129.153 131.638 -360.338
31.819 -73.997 31.791 25.329 128.546 117.127 -360.878
31.998 -74.402 33.453 28.565 130.494 76.412 -361.418
32.174 -79.071 34.56 29.644 130.621 -127.618 -362.468
32.365 -72.388 36.406 28.026 127.59 -130.456 -362.834
32.544 -75.981 36.59 26.947 126.37 96.818 -363.614
32.730 -67.284 39.174 24.79 122.326 -125.387 -363.504
32.909 -75.806 39.635 22.901 120.019 79.913 -364.372
33.090 -70.564 40.097 21.552 118.258 84.95 -364.686
33.265 -70.511 40.189 11.571 106.062 79.402 -365.226
33.450 -73.082 41.112 9.413 102.896 -25.191 -366.098
33.631 -71.785 43.234 -3.265 85.681 -99.392 -367.154
33.812 -69.572 45.172 -2.994 86.208 -111.76 -367.935
33.991 -74.669 41.758 -14.054 71.399 50.166 -369.553
34.170 -72.815 38.159 -13.785 70.138 -97.923 -370.969
34.354 -74.234 35.021 -12.166 70.843 51.842 -372.503
34.543 -68.298 33.914 -12.166 70.266 32.624 -373.369
34.727 -68.611 32.253 -11.627 70.176 -10.03 -374.246
34.914 -72.327 31.976 -8.66 74.846 164.745 -375.418
35.094 -68.504 30.776 -7.85 75.691 100.666 -376.13
35.274 -69.298 29.761 -7.041 76.689 -3.752 -376.889
35.452 -72.334 29.3 -6.232 77.992 131.863 -377.938
35.631 -66.788 26.07 0.512 91.125 92.14 -378.095
35.812 -72.746 27.085 8.874 108.141 -173.04 -378.56
35.998 -70.068 28.192 14.269 116.846 4.652 -378.549
36.181 -75.409 28.1 17.776 122.317 -23.721 -379.016
36.366 -79.704 29.3 19.124 123.132 137.763 -379.94
36.540 -67.879 30.407 25.598 130.092 -2.536 -379.415
36.715 -74.303 31.053 25.868 129.795 -30.571 -379.606
36.893 -78.758 33.36 29.374 131.364 123.81 -380.258
37.069 -74.234 34.098 27.757 129.147 72.03 -380.453
37.248 -77.644 35.39 31.533 131.701 -120.054 -380.974
37.431 -74.692 36.498 27.216 126.711 144.15 -381.266
37.608 -72.975 36.867 28.835 128.03 99.706 -381.339
37.785 -73.631 39.082 22.901 120.369 17.559 -381.632
37.962 -77.156 40.281 18.855 115.084 148.563 -382.415
38.140 -73.051 40.466 19.934 116.225 62.398 -382.715
38.320 -72.884 41.389 10.223 103.874 -30.517 -383.233
38.505 -78.468 40.743 7.256 100.098 8.073 -384.433
38.686 -73.807 43.788 2.131 92.786 -147.225 -385.251
38.876 -71.968 45.264 -4.343 84.519 114.947 -386.014
39.054 -75.806 39.727 -12.975 71.913 -145.581 -387.434
39.249 -77.37 35.852 -14.054 68.595 -122.276 -389.072
39.430 -74.181 34.744 -10.818 72.705 12.767 -390.255
39.607 -75.127 33.175 -13.244 68.237 97.212 -391.609
39.782 -70.023 32.16 -9.738 73.154 11.557 -392.279
39.957 -74.509 30.684 -8.119 75.179 94.401 -393.384
40.133 -70.885 29.485 -9.469 72.196 -50.427 -394.128
40.313 -78.896 28.654 -4.883 80.329 -170.961 -395.576
40.489 -69.763 26.162 -2.455 84.639 64.405 -395.913
40.669 -69.977 24.593 4.827 101.105 -81.49 -395.931
40.848 -70.641 27.916 10.762 111.082 92.966 -395.814
41.032 -67.642 27.546 13.999 116.94 17.479 -395.242
41.213 -72.388 28.838 20.473 125.372 94.152 -395.025
41.390 -75.592 29.023 20.473 125.199 25.399 -395.166
41.564 -71.938 30.407 26.138 130.683 95.368 -394.795
41.738 -75.958 31.515 26.677 130.247 -14.967 -394.88
41.916 -79.437 32.991 32.072 134.191 75.352 -395.274
42.093 -79.193 34.929 29.644 130.321 161.881 -395.722
42.268 -75.592 36.129 27.216 126.991 26.758 -395.84
42.452 -72.83 37.236 27.757 126.702 -5.021 -395.657
42.630 -72.601 37.975 24.519 122.849 -40.002 -395.525
42.807 -71.968 38.712 20.743 118.184 -60.736 -395.412
42.985 -73.441 40.466 19.394 115.607 -157.597 -395.51
43.168 -73.761 40.466 15.618 111.104 78.288 -395.73
43.353 -69.809 40.374 9.952 103.847 111.858 -395.651
43.538 -73.944 40.281 8.604 102.057 -47.516 -396.057
43.719 -71.518 44.527 1.592 92.048 -114.211 -396.387
43.900 -74.677 42.958 -5.693 82.451 27.469 -397.246
44.078 -75.211 39.82 -9.469 76.624 132.319 -398.268
44.262 -74.417 35.852 -12.975 70.105 -101.526 -399.316
44.440 -72.311 35.667 -11.896 71.555 104.973 -400.087
44.617 -70.557 32.806 -9.469 73.9 16.931 -400.6
44.791 -72.99 32.16 -10.277 72.278 167.636 -401.399
44.964 -65.758 31.422 -11.896 69.264 -89.107 -401.442
45.139 -79.796 29.761 -9.199 72.824 88.981 -402.951
45.317 -75.317 29.485 -5.152 80.089 95.841 -403.809
45.492 -63.812 24.501 7.256 106.497 -107.095 -402.859
45.671 -69.443 27.085 11.032 112.162 141.374 -402.414
45.850 -73.357 27.546 9.145 108.366 -162.044 -402.477
46.031 -67.856 29.023 14.538 116.607 134.476 -401.767
46.213 -75.836 29.023 17.776 121.487 49.867 -401.844
46.392 -70.717 29.577 24.249 129.347 -170.836 -401.204
46.566 -76.515 31.237 24.79 128.436 46.167 -401.23
46.740 -76.08 31.976 26.947 130.122 -89.812 -401.181
46.915 -82.253 33.729 26.677 128.341 -168.711 -401.857
47.092 -82.535 35.021 30.993 131.508 84.551 -402.509
47.263 -89.104 37.144 28.026 127.035 13.229 -403.983
47.438 4.242 36.221 24.249 123.801 34.461 -395.191
47.611 32.478 35.944 27.757 127.676 -39.229 -383.181
47.787 80.185 34.56 31.802 132.62 12.572 -365.786
47.962 115.196 33.36 36.388 137.486 -42.397 -344.422
48.138 114.037 29.853 34.23 138.907 -132.884 -323.181
48.315 95.917 30.407 32.611 137.003 1.346 -304.035
48.487 68.565 30.5 29.105 133.659 -94.143 -288.062
48.659 45.517 31.053 23.171 126.729 140.669 -274.879
48.836 33.485 30.13 22.091 126.248 155.942 -263.155
49.013 18.425 30.592 22.901 126.818 159.007 -253.214
49.187 -5.341 29.946 20.473 124.359 -103.701 -246.088
49.360 3.296 30.407 19.663 122.889 58.99 -238.176
49.531 -0.877 30.13 18.855 122.038 15.551 -230.879
49.701 10.124 30.961 16.966 118.722 -21.276 -222.566
49.874 -1.358 30.684 20.473 123.712 -89.005 -215.558
50.043 -3.998 30.684 18.855 121.57 -109.077 -209.02
50.214 -1.915 31.053 18.315 120.532 -25.237 -202.405
50.386 -1.175 31.145 16.427 117.809 -84.441 -195.892
50.558 -0.046 30.776 18.046 120.386 -86.767 -189.331
50.730 -3.326 29.115 19.663 124.033 -75.495 -183.186
50.905 1.976 28.746 15.348 118.099 25.093 -176.698
51.078 -0.778 27.269 12.112 113.949 -14.646 -170.718
51.250 -0.832 27.639 11.032 111.759 -57.286 -164.906
51.423 0.008 27.269 12.651 114.888 -56.875 -159.055
51.596 1.282 27.916 10.223 110.113 9.271 -153.272
51.769 1.068 27.546 13.999 116.94 64.56 -147.489
51.944 -1.129 27.639 12.651 114.595 5.915 -142.108
52.117 -0.214 28.1 11.841 112.85 -5.238 -136.77
52.291 0.45 28.285 11.841 112.716 18.293 -131.469
52.464 -0.572 28.008 12.651 114.308 -11.716 -126.355
52.639 -0.572 28.008 11.032 111.499 -41.826 -121.401
52.810 -0.107 29.207 13.46 114.743 -47.477 -116.433
52.983 -0.412 28.1 11.841 112.85 -69.306 -111.636
53.154 -0.412 28.562 12.112 112.98 -91.205 -106.936
53.327 0.488 28.285 10.762 110.831 -65.181 -102.275
53.499 -0.748 29.115 14.269 116.109 -105.198 -97.74
53.673 0.069 29.207 11.302 111.155 -101.495 -93.307
53.846 -0.366 28.562 11.571 112.054 -121.203 -88.995
54.019 -0.381 30.315 10.762 109.545 -141.784 -84.824
54.190 -0.549 29.115 14.269 116.109 -171.534 -80.629
54.365 0.298 29.3 14.809 116.813 -155.333 -76.413
54.536 1.617 29.853 13.19 113.837 -67.148 -72.195
54.710 -1.701 29.853 11.571 111.186 -160.21 -68.481
54.881 -0.465 29.3 9.952 108.761 -5.73 -64.759
55.055 0.237 28.746 13.19 114.648 7.318 -60.922
55.226 3.448 29.669 10.493 109.477 17.737 -56.91
55.400 1.137 28.469 11.841 112.584 80.727 -53.168
55.572 0.648 27.639 13.729 116.415 116.738 -49.479
55.746 -0.145 29.946 11.302 110.677 108.655 -46.068
55.918 0.725 29.3 12.651 113.353 149.196 -42.58
56.092 -1.404 29.946 12.92 113.337 70.443 -39.4
56.264 1.724 30.869 10.223 108.324 167.442 -36.043
56.439 4.036 29.115 9.952 108.871 -144.77 -32.486
56.611 -1.595 28.377 14.809 117.559 -55.065 -29.447
56.786 1.366 28.377 12.112 113.114 22.505 -26.236
56.958 -2.899 28.469 11.841 112.584 -142.616 -23.573
57.132 -0.175 28.1 15.079 118.219 -152.614 -20.562
57.304 0.748 28.931 12.112 112.717 -109.751 -17.621
57.477 -2.373 28.285 9.684 108.9 -66.144 -15.162
57.648 0.061 28.562 12.651 113.89 -62.627 -12.393
57.821 0.778 27.823 12.112 113.525 -17.642 -9.611
57.993 -0.137 28.008 12.651 114.308 -25.587 -6.972
58.167 1.724 27.731 13.999 116.785 74.693 -4.134
58.338 -0.145 28.931 13.19 114.509 66.234 -1.603
58.511 0.298 27.731 12.92 114.981 83.67 0.931
58.682 0.298 27.639 11.032 111.759 101.157 3.349
58.857 -0.336 28.1 12.92 114.692 81.381 5.703
59.028 -0.603 27.823 12.112 113.525 45.787 7.953
59.200 0.107 26.716 12.112 114.388 52.121 10.249
59.372 -0.351 27.823 13.19 115.364 31.281 12.465
59.544 -0.61 28.192 12.112 113.25 -5.041 14.563
59.715 -0.603 27.823 12.651 114.451 -41.049 16.638
59.888 -0.473 28.377 12.651 114.028 -69.376 18.674
60.059 -0.16 28.285 12.38 113.638 -78.985 20.692
60.231 0.313 27.823 12.112 113.525 -60.133 22.717
60.402 0.633 27.916 10.762 111.082 -21.899 24.687
60.575 -0.282 27.731 13.46 115.891 -38.981 26.61
60.746 0.198 28.469 15.079 117.909 -26.953 28.585
60.921 0.061 27.731 13.46 115.891 -23.237 30.463
61.092 0.435 27.362 14.538 117.983 3.338 32.384
61.264 -0.244 27.639 14.269 117.306 -11.61 34.178
61.435 0.328 28.008 11.571 112.447 8.541 35.899
61.609 -4.807 27.546 12.92 115.128 -107.613 37.069
61.780 1.984 27.916 10.762 111.082 14.959 38.873
61.952 6.935 28.285 12.38 113.638 -95.404 41.243
62.125 1.03 27.916 14.538 117.509 -31.415 43.003
62.307 -1.068 27.916 12.38 113.916 -97.959 44.424
62.479 -4.936 27.823 14.269 117.151 133.645 45.447
62.651 0.008 27.639 10.493 110.789 134.146 46.856
62.822 0.328 27.731 11.841 113.122 154.752 48.316
62.994 -1.808 27.362 10.223 110.487 40.859 49.458
63.165 -0.168 27.639 12.651 114.595 30.247 50.832
63.345 0.275 28.285 13.999 116.332 47.667 52.261
63.516 -1.167 27.546 11.841 113.261 -26.456 53.44
63.688 0.053 28.008 13.729 116.113 -23.081 54.783
63.860 -0.793 27.639 13.19 115.512 -73.722 55.991
64.032 0.42 27.546 12.38 114.201 -46.829 57.281
64.203 0.58 27.639 14.809 118.182 -9.591 58.642
64.376 -1.03 27.823 11.032 111.629 -75.898 59.667
64.547 -0.549 27.085 12.112 114.093 -111.334 60.77
64.719 -0.954 27.362 11.841 113.401 -173.076 61.79
64.891 -0.832 28.285 12.92 114.55 -47.065 62.822
65.063 0.061 27.916 15.079 118.376 -43.096 64.005
65.235 1.465 27.916 12.92 114.836 52.473 65.249
65.409 0.32 27.731 13.46 115.891 73.404 66.365
65.581 2.609 27.454 13.19 115.661 64.505 67.707
65.757 -2.19 27.823 11.032 111.629 -79.503 68.417
65.931 1.648 27.916 11.841 112.985 29.151 69.557
66.104 0.999 27.454 11.571 112.854 95.189 70.602
66.277 -0.252 27.546 9.684 109.37 78.487 71.42
66.451 -0.214 28.1 10.223 109.992 64.266 72.235
66.623 0.328 27.823 11.571 112.581 86.118 73.143
66.798 0.771 28.469 13.46 115.305 137.619 74.135
66.971 -0.542 27.823 14.269 117.151 101.321 74.999
67.144 0.992 27.823 11.571 112.581 167.928 75.922
67.316 -0.412 27.177 13.46 116.348 140.194 76.747
67.492 1.114 27.362 13.999 117.095 35.38 77.737
67.665 0.13 27.546 14.538 117.824 44.176 78.614
67.840 0.664 27.916 12.92 114.836 89.222 79.472
68.013 0.45 28.377 12.651 114.028 119.828 80.274
68.188 0.237 28.377 13.729 115.818 135.989 81.071
68.361 0.458 27.731 11.841 113.122 167.298 81.822
68.535 0.099 27.269 12.112 113.949 174.083 82.534
68.708 0.519 27.177 13.999 117.253 29.742 83.342
