time gyroz magX magY yaw_mag yaw_gyro yaw_cf yaw_kf
0.202 -0.336 -5.036 -24.863 101.45 -0.068 30.387 80.435
0.252 -0.183 61.116 5.708 -5.336 -0.382 -1.868 42.213
0.304 -0.305 -5.036 -24.863 101.45 -0.276 30.242 60.444
0.355 -0.298 61.116 6.009 -5.615 -0.411 -1.972 44.834
0.408 -0.32 -5.036 -24.863 101.45 -0.429 30.135 55.61
0.460 -0.282 -5.036 -24.863 101.45 -0.45 30.12 62.938
0.512 -0.305 59.755 5.557 -5.313 -0.438 -1.9 53.444
0.567 -0.32 -5.036 -24.863 101.45 -0.486 30.095 59.258
0.622 -0.282 60.845 5.557 -5.218 -0.495 -1.912 52.196
0.677 -0.198 -5.036 -24.863 101.45 -0.416 30.144 57.013
0.729 -0.237 61.934 5.256 -4.851 -0.371 -1.715 51.415
0.785 -0.29 -5.036 -24.863 101.45 -0.465 30.109 55.515
0.836 -0.32 -5.036 -24.863 101.45 -0.558 30.044 58.999
0.888 -0.237 59.211 4.954 -4.783 -0.53 -1.806 54.404
0.941 -0.221 -5.036 -24.863 101.45 -0.445 30.124 57.523
0.994 -0.298 60.845 5.858 -5.499 -0.517 -2.012 53.507
1.046 -0.229 -5.036 -24.863 101.45 -0.538 30.058 56.33
1.097 -0.237 -5.036 -24.863 101.45 -0.489 30.093 58.851
1.149 -0.29 60.028 5.406 -5.146 -0.57 -1.943 55.368
1.202 -0.32 -5.036 -24.863 101.45 -0.675 29.962 57.695
1.255 -0.32 61.116 4.502 -4.213 -0.722 -1.769 54.609
1.307 -0.305 -5.036 -24.863 101.45 -0.719 29.932 56.777
1.358 -0.29 -5.036 -24.863 101.45 -0.699 29.946 58.766
1.410 -0.359 59.211 5.557 -5.362 -0.796 -2.166 55.92
1.477 -0.282 -5.036 -24.863 101.45 -0.776 29.892 57.802
1.533 -0.32 61.116 5.708 -5.336 -0.773 -2.142 55.184
1.587 -0.244 -5.036 -24.863 101.45 -0.707 29.94 56.974
1.642 -0.313 60.572 5.406 -5.1 -0.758 -2.061 54.55
1.697 -0.244 -5.036 -24.863 101.45 -0.727 29.926 56.258
1.751 -0.244 59.211 5.256 -5.073 -0.671 -1.992 53.996
1.805 -0.221 -5.036 -24.863 101.45 -0.643 29.985 55.633
1.860 -0.298 -5.036 -24.863 101.45 -0.775 29.892 57.17
1.913 -0.244 59.755 6.159 -5.885 -0.765 -2.301 55.015
1.968 -0.298 -5.036 -24.863 101.45 -0.83 29.854 56.499
2.021 -0.29 58.939 4.804 -4.66 -0.884 -2.017 54.491
2.080 -0.305 -5.036 -24.863 101.45 -0.924 29.788 55.925
2.132 -0.267 57.577 4.954 -4.918 -0.874 -2.087 54.007
2.186 -0.29 -5.036 -24.863 101.45 -0.901 29.804 55.399
2.237 -0.32 -5.036 -24.863 101.45 -1.006 29.731 56.726
2.289 -0.32 62.205 5.406 -4.967 -1.052 -2.226 54.881
2.342 -0.282 -5.036 -24.863 101.45 -0.98 29.749 56.178
2.392 -0.359 59.755 5.557 -5.313 -1.141 -2.393 54.391
2.444 -0.244 -5.036 -24.863 101.45 -0.955 29.766 55.663
2.497 -0.275 62.75 5.708 -5.198 -0.931 -2.211 53.95
2.567 -0.206 -5.036 -24.863 101.45 -0.804 29.872 55.2
2.617 -0.351 -5.036 -24.863 101.45 -1.125 29.647 56.39
2.669 -0.328 61.389 6.762 -6.286 -1.226 -2.744 54.693
2.724 -0.244 -5.036 -24.863 101.45 -0.993 29.74 55.875
2.775 -0.244 60.3 5.256 -4.982 -0.921 -2.139 54.27
2.829 -0.198 -5.036 -24.863 101.45 -0.804 29.872 55.438
2.882 -0.336 61.389 4.954 -4.614 -1.166 -2.2 53.878
2.938 -0.244 -5.036 -24.863 101.45 -1.053 29.698 55.025
2.991 -0.229 -5.036 -24.863 101.45 -0.929 29.785 56.138
3.044 -0.259 61.661 6.009 -5.566 -1.017 -2.382 54.593
3.098 -0.32 -5.036 -24.863 101.45 -1.25 29.56 55.685
3.153 -0.381 60.3 5.858 -5.549 -1.521 -2.729 54.163
3.207 -0.221 -5.036 -24.863 101.45 -1.09 29.672 55.254
3.259 -0.229 62.205 3.901 -3.588 -0.967 -1.753 53.826
3.312 -0.252 -5.036 -24.863 101.45 -1.064 29.69 54.905
3.364 -0.221 -5.036 -24.863 101.45 -0.995 29.738 55.957
3.417 -0.29 62.478 6.461 -5.904 -1.212 -2.62 54.487
3.470 -0.214 -5.036 -24.863 101.45 -1.033 29.712 55.533
3.520 -0.282 62.205 5.708 -5.243 -1.207 -2.418 54.106
3.573 -0.252 -5.036 -24.863 101.45 -1.182 29.608 55.142
3.625 -0.221 -5.036 -24.863 101.45 -1.053 29.698 56.156
3.676 -0.229 60.572 4.804 -4.535 -1.063 -2.105 54.763
