time gyroz magX magY yaw_mag yaw_gyro yaw_cf yaw_kf
0.324 -0.259 18.823 18.479 -44.732 -43.709 -44.542
0.498 -0.443 18.99 20.203 -46.742 -43.701 -45.552
0.672 0.16 19.999 19.436 -42.205 -43.69 -44.528
0.848 -0.214 19.495 18.863 -43.728 -43.682 -44.362
1.020 -0.175 18.99 17.905 -46.742 -43.674 -44.838
1.197 -0.275 18.99 17.139 -43.141 -43.667 -44.595
1.371 -0.267 19.159 20.011 -44.745 -43.661 -44.646
1.550 -0.282 19.159 18.863 -45.253 -43.655 -44.753
1.723 -0.267 19.831 18.479 -42.712 -43.65 -44.563
1.897 -0.343 18.654 17.522 -45.252 -43.647 -44.67
2.070 -0.259 20.167 18.863 -44.285 -43.642 -44.669
2.244 -0.183 21.007 17.139 -42.366 -43.636 -44.507
2.416 -0.313 18.823 17.33 -46.751 -43.634 -44.717
2.590 -0.366 19.831 18.479 -41.631 -43.633 -44.539
2.762 -0.336 19.663 17.522 -42.688 -43.632 -44.457
2.936 3.891 19.831 18.479 -41.078 -43.508 -43.964
3.108 -13.458 19.663 20.203 -42.688 -43.916 -44.915
3.283 -29.678 19.326 18.671 -43.713 -44.88 -47.212
3.454 -38.277 17.142 18.863 -45.798 -46.192 -50.343
3.637 -48.439 17.646 19.054 -39.855 -47.944 -54.014
3.816 -45.006 17.646 19.82 -42.365 -49.651 -57.613
4.013 -37.338 19.159 22.309 -38.502 -51.139 -60.459
4.200 -36.301 19.495 22.309 -36.756 -52.654 -63.184
4.384 -3.853 20.503 23.459 -34.744 -52.813 -63.188
4.561 23.911 20.167 22.692 -35.188 -51.712 -60.887
4.752 44.54 20.335 22.501 -35.285 -49.585 -56.8
4.934 41.275 18.318 21.352 -40.695 -47.538 -53.119
5.124 54.123 19.999 20.969 -40.558 -44.755 -48.258
5.331 48.058 19.159 18.863 -45.754 -42.183 -44.028
5.511 35.469 21.343 19.436 -40.357 -40.218 -40.627
5.688 -1.213 21.175 17.33 -42.89 -40.277 -40.507
5.860 -25.62 21.68 19.436 -40.959 -41.768 -42.512
6.035 -41.992 20.671 19.436 -40.726 -44.292 -46.039
6.206 -52.727 17.646 20.586 -46.842 -47.554 -50.815
6.394 -65.704 19.831 20.395 -40.513 -51.745 -56.639
6.581 -57.838 22.183 23.459 -35.087 -55.541 -61.663
6.770 -46.661 23.024 24.799 -34.952 -58.69 -65.724
6.947 -16.312 24.032 27.48 -33.808 -59.813 -66.979
7.125 30.54 24.537 27.289 -31.27 -57.627 -63.781
7.302 46.257 22.016 24.416 -36.166 -54.239 -59.181
7.480 65.353 22.688 24.416 -34.773 -49.341 -52.654
7.663 65.872 19.159 22.309 -39.73 -44.283 -46.127
7.853 63.156 17.982 20.203 -46.815 -39.313 -39.98
8.031 28.778 19.326 18.671 -44.751 -36.992 -37.017
8.203 2.762 21.007 17.522 -42.868 -36.755 -36.512
8.375 -2.403 18.823 19.246 -43.667 -36.946 -36.563
8.550 -0.595 18.823 17.33 -44.732 -36.987 -36.498
8.723 -0.122 19.495 20.395 -42.664 -36.988 -36.361
8.896 -0.244 20.671 17.905 -42.826 -37.0 -36.265
9.068 -0.32 19.159 19.628 -45.253 -37.019 -36.262
9.244 -0.343 18.654 19.436 -46.269 -37.041 -36.307
9.416 -0.275 20.839 18.096 -41.299 -37.057 -36.236
9.592 -0.275 19.831 18.096 -44.266 -37.073 -36.257
9.765 -0.298 19.663 18.671 -43.219 -37.092 -36.27
9.940 -0.298 19.663 19.82 -42.147 -37.112 -36.27
10.112 -0.229 19.495 20.011 -42.664 -37.125 -36.288
10.288 -0.29 19.159 18.863 -43.697 -37.145 -36.348
10.461 -0.237 19.159 20.011 -45.253 -37.16 -36.449
10.635 -0.298 18.99 19.436 -44.741 -37.182 -36.552
10.807 -0.313 19.495 19.628 -42.664 -37.206 -36.614
