time gyroz magX magY yaw_rm yaw_rg yaw_cf yaw_kf
0.399 -0.206 59.21 4.65 -4.49 -0.082 0.0 -4.487
0.402 0.397 60.57 6.01 -5.667 -0.046 0.0 -5.196
0.404 -0.32 60.3 4.65 -4.41 0.268 0.0 -4.843
0.407 -0.183 61.39 3.75 -3.496 -0.394 0.0 -4.154
0.410 -0.214 60.57 5.11 -4.822 -0.271 0.0 -4.379
0.414 -0.16 59.21 4.05 -3.913 -0.28 0.0 -4.13
0.417 -0.221 58.39 4.5 -4.407 -0.252 0.0 -4.176
0.419 -0.206 61.39 5.86 -5.453 -0.307 0.0 -4.608
0.422 -0.244 59.48 3.6 -3.464 -0.309 0.0 -4.215
0.426 -0.29 59.76 5.26 -5.03 -0.368 0.0 -4.446
0.429 -0.237 61.12 4.5 -4.211 -0.392 0.0 -4.366
0.433 -0.214 60.03 4.2 -4.002 -0.33 0.0 -4.246
0.436 -0.145 62.21 4.5 -4.137 -0.277 0.0 -4.191
0.439 -0.259 60.57 3.6 -3.401 -0.259 0.0 -3.956
0.441 -0.175 59.76 5.26 -5.03 -0.336 0.0 -4.184
0.448 -0.221 60.3 3.45 -3.275 -0.274 0.0 -3.942
0.450 -0.221 63.29 3.6 -3.256 -0.32 0.0 -3.738
0.452 -0.214 60.03 4.8 -4.572 -0.318 0.0 -3.882
