time gyroz magX magY yaw_mag yaw_gyro yaw_cf yaw_kf
0.340 -0.168 28.939 9.113 72.521 -0.168 72.663
0.534 1.945 29.029 13.233 65.494 0.172 69.561
0.725 -0.198 29.029 9.937 71.103 0.339 70.066
0.918 0.397 29.39 8.837 73.265 0.358 70.872
1.109 -0.29 29.57 9.386 72.39 0.369 71.172
1.301 0.114 28.759 11.31 68.532 0.352 70.775
1.492 -0.61 29.029 10.486 70.139 0.304 70.664
1.685 0.137 28.849 11.584 68.123 0.259 70.373
1.876 -0.282 29.12 9.113 72.623 0.245 70.608
2.069 -1.961 27.767 8.837 72.346 0.028 70.646
2.262 6.462 28.128 8.288 73.582 0.463 71.366
2.456 6.226 27.317 8.562 72.597 1.694 71.958
2.648 -6.012 28.038 6.364 77.212 1.714 71.992
2.842 -0.13 27.677 6.915 75.972 1.118 72.297
3.035 1.602 25.874 10.211 68.464 1.26 72.188
3.231 -2.579 26.235 12.409 64.686 1.165 71.551
3.424 -0.755 26.776 12.409 65.135 0.843 71.126
3.620 6.866 26.685 11.584 66.534 1.442 71.409
3.812 -36.331 26.685 10.486 68.547 -1.387 68.451
4.007 -7.278 29.751 20.377 55.592 -5.639 67.075
4.201 0.29 31.283 22.85 53.855 -6.317 66.286
4.399 -0.862 32.275 23.124 54.38 -6.373 65.505
4.590 -3.387 32.185 21.75 55.95 -6.779 64.654
4.787 12.566 32.365 22.299 55.434 -5.875 65.139
4.981 5.638 32.816 24.224 53.566 -4.109 65.038
5.173 -17.494 33.176 23.124 55.123 -5.247 63.114
5.371 -10.727 33.988 21.201 58.045 -8.041 61.883
5.567 -19.531 32.726 19.553 59.143 -11.006 59.952
5.765 -14.732 32.185 18.453 60.173 -14.398 58.468
5.960 12.756 31.013 17.079 61.158 -14.591 59.412
6.152 21.133 30.922 18.453 59.173 -11.338 61.065
6.346 -5.417 28.579 16.806 59.542 -9.813 60.437
6.538 -9.521 28.038 15.157 61.605 -11.247 59.517
6.734 3.578 28.669 14.333 63.437 -11.83 59.831
6.927 -5.928 27.226 20.377 53.187 -12.057 58.968
7.122 -14.526 27.948 20.926 53.176 -14.051 57.334
7.315 -0.694 27.677 22.299 51.142 -15.52 56.91
7.511 -5.905 27.317 22.85 50.088 -16.166 55.997
7.706 -22.156 28.128 24.773 48.629 -18.902 53.545
7.904 -48.744 27.948 23.674 49.733 -25.921 48.628
8.099 -69.534 28.398 27.795 45.615 -37.453 41.594
8.297 -72.159 29.751 30.817 43.992 -51.481 34.219
8.501 -77.621 31.283 31.641 44.674 -66.759 26.309
8.704 -74.623 34.619 32.466 46.838 -82.211 18.722
8.914 -83.649 34.529 30.542 48.506 -98.83 10.298
9.123 -77.728 36.151 32.19 48.317 -115.694 2.434
9.330 -75.249 37.594 27.246 54.068 -131.527 -5.025
9.539 -71.877 38.766 25.322 56.847 -146.902 -12.063
9.748 -74.593 39.577 19.553 63.708 -162.208 -19.163
9.957 -75.63 41.019 16.806 67.72 -177.906 -26.237
10.166 -74.692 41.471 9.386 77.247 -13.615 -32.948
10.373 -78.072 41.56 -0.229 90.316 -29.426 -39.641
10.573 -76.012 39.667 -4.9 97.042 -44.834 -45.937
10.772 -76.912 36.422 -7.647 101.857 -60.05 -52.18
10.972 -78.003 34.799 -7.647 102.394 -75.542 -58.492
11.169 -74.142 32.726 -7.373 102.696 -90.528 -64.371
11.362 -79.292 31.283 -7.922 104.211 -105.334 -70.699
11.558 -73.57 29.841 -5.174 99.836 -120.315 -76.504
11.756 -73.853 28.398 1.969 86.034 -134.91 -82.612
11.953 -73.753 26.866 5.54 78.348 -149.449 -88.824
12.151 -72.517 24.251 14.606 58.94 -163.93 -95.289
12.351 -77.225 27.317 17.904 56.759 -178.904 -102.207
12.548 -75.302 26.866 20.926 52.085 166.072 -108.948
12.744 -74.31 28.398 23.399 50.513 151.41 -115.533
12.938 -78.461 28.669 27.519 46.173 136.592 -122.557
13.136 -73.792 30.833 31.917 44.01 121.519 -129.05
13.334 -73.441 31.374 28.619 47.629 106.942 -135.328
13.536 -77.904 34.168 31.641 47.199 91.657 -141.989
13.742 -72.479 34.168 29.993 48.723 76.167 -147.953
13.945 -75.493 37.053 29.993 51.011 61.148 -154.09
14.149 -72.174 37.774 26.146 55.31 46.086 -159.689
14.349 -70.641 38.495 25.597 56.378 31.804 -165.011
14.557 -72.952 39.758 22.85 60.113 16.871 -170.407
14.766 -76.21 41.38 16.255 68.554 1.283 -175.879
14.974 -73.776 41.29 13.784 71.539 -14.315 -180.948
15.182 -76.218 41.741 2.518 86.548 -29.915 -185.874
15.388 -76.805 39.217 -7.373 100.648 -45.676 -190.49
15.593 -74.776 37.323 -8.747 103.19 -61.213 -194.769
15.801 -73.914 34.709 -9.571 105.416 -76.677 -198.843
16.004 -76.691 32.996 -9.845 106.613 -91.963 -203.126
16.200 -74.57 31.644 -9.02 105.91 -106.787 -207.133
16.403 -75.706 30.021 -6.823 102.804 -122.04 -211.266
16.602 -73.906 29.48 -0.778 91.512 -136.926 -215.378
16.798 -73.517 25.333 5.266 78.257 -151.374 -219.657
16.999 -70.48 22.899 8.288 70.103 -165.845 -223.706
17.198 -72.876 26.866 14.882 61.016 179.891 -228.126
17.396 -71.205 27.767 18.179 56.787 165.627 -232.375
17.591 -74.661 28.128 23.124 50.576 151.405 -237.047
17.788 -75.714 28.579 28.344 45.237 136.593 -241.866
17.982 -72.899 29.3 28.894 45.4 122.177 -246.295
18.180 -69.893 31.103 31.092 45.01 108.041 -250.324
18.379 -72.67 32.546 32.19 45.315 93.856 -254.569
18.579 -74.852 34.889 31.092 48.294 79.104 -258.912
18.788 -73.158 36.151 30.542 49.807 63.637 -262.965
18.997 -74.898 37.684 29.719 51.739 48.165 -267.093
19.198 -70.694 38.135 25.597 56.13 33.533 -270.602
19.400 -74.883 39.397 23.399 59.293 18.83 -274.432
19.607 -72.22 40.118 19.553 64.016 3.605 -277.808
19.816 -75.256 40.93 13.233 72.084 -11.807 -281.286
20.023 -73.311 42.192 11.035 75.343 -27.183 -284.426
20.224 -75.165 39.667 -3.251 94.685 -42.105 -287.316
20.424 -73.334 38.405 -6.549 99.677 -56.955 -289.854
20.631 -72.433 35.971 -10.669 106.52 -72.042 -292.106
20.829 -72.968 34.348 -9.571 105.57 -86.437 -294.39
21.025 -72.655 32.726 -8.471 104.512 -100.708 -296.617
21.218 -71.999 31.283 -9.02 106.084 -114.667 -298.697
21.412 -60.822 30.111 -7.647 104.25 -127.551 -299.545
21.601 -4.204 28.579 -2.976 95.945 -133.695 -294.305
21.799 -71.587 28.218 -4.076 98.219 -141.199 -296.354
21.992 15.03 26.054 13.508 62.595 -146.657 -289.583
22.190 -22.301 24.702 22.026 48.278 -147.376 -287.137
22.382 -86.571 24.972 8.562 71.075 -157.828 -291.248
22.577 -46.066 25.063 11.035 66.237 -170.76 -290.992
22.770 -4.654 27.497 33.29 39.556 -175.655 -286.692
22.964 -32.509 26.776 27.246 44.502 -179.259 -285.31
23.158 -48.882 28.128 19.277 55.576 172.846 -285.48
23.363 1.587 29.48 24.497 50.274 167.998 -280.19
23.560 10.605 30.562 23.399 52.561 169.199 -273.833
23.750 -16.38 30.922 16.255 62.27 168.65 -270.234
23.939 26.253 30.021 19.004 57.665 169.583 -262.034
24.132 6.63 31.374 18.179 59.911 172.756 -255.946
24.322 -10.597 31.193 17.629 60.527 172.379 -251.755
24.515 0.725 31.374 19.277 58.432 171.427 -246.382
24.706 1.678 31.374 18.179 59.911 171.656 -240.899
24.898 -0.404 31.914 18.728 59.594 171.779 -235.681
25.089 -0.374 31.553 17.079 61.574 171.704 -230.456
25.281 -0.107 31.553 17.629 60.807 171.658 -225.258
25.473 -0.618 31.553 18.728 59.309 171.589 -220.189
25.665 -1.16 31.283 18.453 59.465 171.418 -215.225
25.856 -2.083 29.841 17.904 59.037 171.108 -210.42
26.049 0.732 27.767 11.584 67.355 170.978 -205.192
26.242 -0.221 27.497 8.013 73.753 171.027 -199.999
26.435 -0.809 27.226 7.739 74.132 170.928 -194.924
26.629 -1.022 27.317 6.915 75.795 170.75 -189.904
26.823 0.183 26.956 6.364 76.716 170.669 -184.799
27.015 -0.099 27.857 9.662 70.871 170.677 -179.908
27.211 -0.854 27.407 6.09 77.472 170.583 -175.037
27.404 -0.16 27.677 11.86 66.804 170.486 -170.371
27.599 1.77 27.497 4.716 80.268 170.642 -165.291
27.793 -0.923 26.144 7.189 74.625 170.725 -160.693
27.988 0.519 27.136 8.013 73.549 170.685 -156.029
28.182 -1.373 27.317 6.915 75.795 170.602 -151.6
28.378 -1.488 27.317 9.113 71.551 170.322 -147.341
28.574 -3.143 27.587 6.64 76.467 169.868 -143.238
28.771 2.289 28.128 6.09 77.783 169.784 -138.582
28.967 -1.358 27.317 8.013 73.652 169.875 -134.482
29.164 -1.518 27.407 8.288 73.174 169.592 -130.481
29.359 -11.696 26.776 6.915 75.52 168.304 -127.629
29.556 3.448 27.677 6.364 77.051 167.491 -123.145
29.750 -2.441 28.759 8.013 74.431 167.589 -119.433
29.945 -0.008 28.579 8.013 74.338 167.35 -115.522
30.137 -0.534 28.038 8.013 74.051 167.298 -111.743
30.334 -0.023 28.128 8.837 72.559 167.243 -108.004
30.526 -0.038 28.579 6.915 76.398 167.237 -104.257
30.717 -0.702 28.308 8.837 72.663 167.167 -100.724
30.911 -0.153 27.857 6.915 76.059 167.084 -97.128
31.103 -0.343 28.398 10.211 70.223 167.036 -93.735
31.297 -0.763 28.128 7.189 75.663 166.929 -90.343
31.488 -0.519 28.128 7.189 75.663 166.806 -86.988
31.681 0.107 27.677 8.562 72.81 166.767 -83.684
31.873 -0.458 27.497 7.464 74.813 166.733 -80.463
32.066 0.412 28.759 6.915 76.48 166.729 -77.176
32.258 -0.252 29.12 9.113 72.623 166.744 -74.099
32.451 -1.015 28.128 7.739 74.617 166.622 -71.126
32.644 0.282 27.677 9.662 70.756 166.551 -68.145
32.837 -0.275 28.128 7.739 74.617 166.552 -65.206
33.033 -0.298 28.218 9.113 72.102 166.495 -62.377
33.228 -0.13 27.317 6.915 75.795 166.454 -59.512
33.419 -0.038 27.677 10.211 69.749 166.438 -56.813
33.616 -1.007 27.767 9.386 71.323 166.335 -54.242
33.807 0.031 28.579 9.662 71.321 166.242 -51.61
34.002 -0.122 28.669 6.64 76.96 166.233 -48.935
34.193 -0.732 27.497 6.915 75.884 166.151 -46.402
34.388 0.168 28.398 6.915 76.315 166.096 -43.812
34.580 -0.099 27.767 9.386 71.323 166.103 -41.402
34.775 0.252 28.308 8.288 73.681 166.118 -38.954
34.966 -0.015 27.948 7.189 75.575 166.14 -36.547
35.163 -0.603 28.759 8.013 74.431 166.079 -34.276
35.354 -0.542 27.767 7.739 74.426 165.97 -32.045
35.548 -0.305 28.308 9.386 71.656 165.888 -29.89
35.739 -0.389 28.489 7.189 75.837 165.822 -27.705
35.936 -0.015 28.308 8.837 72.663 165.782 -25.587
36.128 -0.534 28.398 6.915 76.315 165.729 -23.497
36.324 -1.579 28.038 8.562 73.019 165.522 -21.631
36.516 0.389 27.948 8.837 72.453 165.408 -19.6
36.710 -1.366 28.489 5.54 78.996 165.313 -17.675
36.901 0.618 28.579 8.562 73.322 165.242 -15.684
37.094 -0.13 28.128 7.739 74.617 165.289 -13.79
37.286 -1.236 28.308 8.288 73.681 165.158 -12.075
37.481 0.076 28.308 7.739 74.71 165.044 -10.233
37.673 -0.023 28.939 8.013 74.523 165.05 -8.443
37.866 -0.374 27.497 8.013 73.753 165.011 -6.743
38.058 0.122 28.308 8.837 72.663 164.987 -5.046
38.260 0.13 28.038 9.113 71.995 165.013 -3.396
38.454 -0.648 28.218 9.662 71.099 164.962 -1.883
38.647 -0.336 28.759 9.113 72.418 164.867 -0.343
38.840 0.092 28.038 9.113 71.995 164.844 1.204
39.032 -0.557 27.587 9.386 71.21 164.799 2.632
39.226 -0.046 27.948 8.288 73.482 164.741 4.13
39.418 -1.16 28.489 7.189 75.837 164.625 5.52
39.612 -0.229 27.497 9.662 70.639 164.49 6.879
39.804 -0.16 27.497 10.761 68.627 164.453 8.177
39.998 0.053 27.767 6.64 76.551 164.442 9.629
