time gyroz magX magY yaw_mas yaw_gyros yaw_cf yaw_kf
0.392 -0.237 61.12 5.41 -5.058 -0.093 0.0 -5.051
0.395 -0.13 61.12 6.01 -5.616 -0.288 0.0 -5.405
0.399 0.0 60.57 6.31 -5.947 -0.13 0.0 -5.74
0.403 -0.206 60.57 4.2 -3.967 -0.083 0.0 -4.905
0.405 -0.259 59.21 4.35 -4.202 -0.311 0.0 -4.509
0.407 -0.267 60.03 4.5 -4.287 -0.368 0.0 -4.311
0.410 -0.214 60.03 4.8 -4.572 -0.355 0.0 -4.31
0.412 -0.114 60.03 5.11 -4.866 -0.261 0.0 -4.428
0.415 -0.137 61.93 4.65 -4.294 -0.171 0.0 -4.318
0.417 -0.252 61.12 3.6 -3.371 -0.242 0.0 -3.942
0.420 -0.214 60.84 4.65 -4.371 -0.342 0.0 -3.977
0.424 -0.214 59.76 3.75 -3.591 -0.305 0.0 -3.784
