time gyroz magX magY yaw_mag yaw_gyro yaw_cf yaw_kf
0.390 -0.244 61.389 4.954 -4.614 -0.095 -3.484 -4.694
0.630 0.282 58.666 8.267 -8.021 -0.066 -6.032 -6.17
0.870 0.992 59.755 4.051 -3.878 1.145 -2.622 -5.406
1.113 -0.252 60.028 4.804 -4.576 0.712 -3.254 -5.207
1.361 -0.214 59.755 4.954 -4.739 -0.543 -3.69 -5.12
1.605 -0.267 61.661 6.31 -5.843 -0.643 -4.543 -5.247
1.846 -0.221 63.567 6.159 -5.534 -0.675 -4.319 -5.299
2.093 -0.206 60.3 4.954 -4.697 -0.652 -3.686 -5.24
2.333 -0.32 61.116 5.406 -5.055 -0.953 -4.029 -5.244
2.573 -0.267 60.572 7.815 -7.352 -1.007 -5.766 -5.474
2.821 -0.275 60.845 5.256 -4.937 -1.043 -3.964 -5.451
3.059 -0.206 59.755 4.653 -4.453 -0.905 -3.566 -5.39
3.299 -0.259 60.028 5.105 -4.861 -1.06 -3.911 -5.376
3.538 -0.275 60.3 4.954 -4.697 -1.232 -3.831 -5.356
3.778 -0.198 58.666 5.557 -5.411 -1.023 -4.314 -5.384
4.018 -0.305 61.389 4.352 -4.055 -1.423 -3.397 -5.332
4.265 -0.343 62.75 5.708 -5.198 -1.768 -4.341 -5.361
4.511 -0.191 61.661 4.202 -3.898 -1.205 -3.225 -5.303
4.755 -0.305 61.661 5.708 -5.289 -1.641 -4.377 -5.337
5.000 -0.32 59.755 5.256 -5.027 -1.905 -4.246 -5.358
5.241 -0.32 60.845 4.954 -4.655 -1.997 -3.99 -5.361
5.482 -0.267 60.845 4.954 -4.655 -1.784 -3.937 -5.362
5.723 -0.237 61.661 5.708 -5.289 -1.623 -4.372 -5.39
5.966 -0.336 58.666 5.858 -5.702 -2.242 -4.837 -5.444
6.212 -0.336 61.116 7.515 -7.01 -2.423 -5.863 -5.551
6.453 -0.267 59.755 5.557 -5.313 -2.059 -4.5 -5.577
6.693 -0.237 60.028 4.804 -4.576 -1.853 -3.895 -5.571
6.933 -0.313 60.572 6.009 -5.665 -2.407 -4.85 -5.615
7.173 -0.343 60.572 5.406 -5.1 -2.773 -4.518 -5.639
7.413 -0.259 60.028 5.708 -5.432 -2.263 -4.64 -5.668
