time gyroz magX magY yaw_rm yaw_rg yaw_cf yaw_kf
0.391 -0.183 63.02 6.16 -5.583 -0.072 -4.205 -5.59
1.578 -0.198 63.57 7.06 -6.337 -0.495 -4.877 -5.642
2.769 -0.229 64.38 8.42 -7.451 -0.832 -5.796 -6.542
3.962 -0.259 63.84 8.42 -7.514 -1.255 -5.949 -7.022
5.167 -0.282 64.11 6.16 -5.488 -1.716 -4.545 -6.66
6.351 -0.137 62.75 7.21 -6.555 -1.152 -5.204 -6.667
7.535 -0.16 64.66 8.87 -7.811 -1.343 -6.194 -7.126
8.718 -41.679 64.66 8.57 -7.55 176.482 38.458 -8.765
9.91 2.785 93.24 13.54 -8.263 -14.08 -9.717 -8.794
11.11 -78.781 112.57 13.69 -6.934 27.528 1.681 -12.9
12.292 -110.321 121.28 9.47 -4.465 -174.847 -47.061 -16.23
13.48 -44.296 112.84 -4.53 2.299 -167.431 -40.134 -18.981
14.659 -35.599 95.96 -6.04 3.602 -26.142 -3.834 -21.804
15.834 -10.628 99.5 1.34 -0.772 -23.883 -6.55 -23.585
17.009 -10.605 94.87 1.19 -0.719 -11.008 -3.291 -24.779
18.191 -11.734 73.91 1.04 -0.806 -44.058 -11.619 -26.14
19.37 -43.945 67.92 6.16 -5.182 37.051 5.376 -28.658
20.548 58.51 77.45 11.43 -8.395 -101.682 -31.717 -24.725
21.742 -34.18 73.1 4.5 -3.523 -144.632 -38.8 -26.81
22.93 -17.059 92.97 13.99 -8.558 114.657 22.246 -28.465
24.11 29.32 75.54 8.27 -6.248 149.846 32.776 -27.999
25.295 1.564 74.18 5.71 -4.402 68.881 13.919 -27.455
26.489 0.114 62.21 7.21 -6.611 4.584 -3.812 -25.718
27.683 -0.137 57.85 5.11 -5.048 -3.679 -4.706 -24.677
28.868 -0.16 62.75 6.01 -5.471 -4.756 -5.292 -19.655
30.059 -0.275 60.57 6.61 -6.228 -8.426 -6.777 -9.088
31.252 -0.267 61.12 4.8 -4.49 -8.619 -5.522 -7.07
