time,s Volts,V  gyroz magX magY yaw_rm yaw_rg yaw_cf yaw_kf
0.401 -0.206 3.38 18.42 -79.602 -0.034 -59.71 -79.614
0.404 -0.206 3.9 17.8 -77.642 -0.186 -58.278 -78.432
0.406 -0.519 3.9 17.8 -77.642 -0.307 -58.308 -77.907
0.408 -0.031 1.82 17.8 -84.162 -0.493 -63.245 -80.977
0.41 -0.038 2.34 17.17 -82.239 -0.237 -61.739 -81.908
0.413 -0.443 1.56 17.96 -85.036 -0.199 -63.827 -83.679
0.415 -0.542 3.12 17.33 -79.794 -0.44 -59.956 -82.643
0.417 -0.206 4.16 17.64 -76.731 -0.595 -57.697 -80.74
0.42 -0.076 3.12 18.58 -80.468 -0.422 -60.456 -80.702
0.422 0.526 3.64 17.96 -78.543 -0.129 -58.94 -80.036
0.425 -0.336 1.56 16.71 -84.666 -179.717 -108.429 -81.43
0.428 0.214 2.86 17.49 -80.713 -0.057 -60.549 -81.334
