time gyroz magX magY yaw_mag yaw_gyro yaw_cf yaw_kf
0.370 -0.237 19.7 12.555 -32.51 -0.325 -9.98 -32.559
1.458 -0.206 19.964 12.555 -32.165 -0.506 -10.004 -32.432
2.552 -0.305 19.567 11.588 -30.635 -1.083 -9.949 -31.379
3.646 -0.259 19.964 11.975 -30.957 -1.203 -10.129 -31.317
4.735 -47.813 19.832 10.427 -27.734 -94.208 -74.266 -31.112
5.819 -74.646 28.294 -2.534 5.118 30.989 23.228 -30.311
6.902 -63.08 20.757 -7.565 20.025 41.542 35.087 -27.273
7.983 -50.255 11.767 -0.6 2.919 88.559 62.867 -26.984
9.056 -37.758 13.882 12.555 -42.126 160.306 99.576 -27.774
10.121 -56.213 17.32 18.36 -46.67 -85.145 -73.602 -30.207
11.192 -53.017 26.971 20.875 -37.739 -106.383 -85.79 -30.59
12.271 -55.656 29.616 12.749 -23.291 161.389 105.985 -30.481
13.349 -56.313 30.012 -3.889 7.383 91.965 66.59 -29.8
14.449 -57.533 20.89 -7.371 19.435 11.173 13.652 -26.828
15.538 -63.95 14.543 0.754 -2.968 -157.605 -111.214 -26.845
16.609 -69.695 15.866 15.264 -43.892 32.741 9.751 -28.569
17.686 -70.686 24.856 20.294 -39.23 -60.839 -54.356 -29.245
18.775 -49.149 29.616 11.975 -22.016 -71.921 -56.95 -29.306
19.863 -32.814 28.029 -4.276 8.674 -144.598 -98.616 -28.899
20.958 -29.121 14.279 -8.726 31.429 -99.439 -60.179 -28.05
22.024 -0.237 2.115 -2.534 50.15 -5.457 11.225 -27.112
23.093 -0.336 2.644 -2.341 41.522 -8.095 6.79 -25.268
