time,s Volts,V  gyroz magX magY yaw_rm yaw_rg yaw_cf yaw_kf
0.0 -0.191 -8.85 17.02 -117.473 -0.032 -88.113 0
0.001 -1.053 -7.28 18.89 -111.076 -0.239 -83.367 0
0.002 -1.495 -8.07 17.49 -114.769 -0.666 -86.243 0
0.005 -0.198 -5.46 15.61 -109.279 -0.922 -82.19 0
0.006 0.214 -6.76 17.33 -111.31 -0.705 -83.659 0
0.01 -0.458 -7.28 16.71 -113.541 -0.318 -85.235 0
0.013 -0.076 -8.07 15.93 -116.866 -0.133 -87.683 0
0.014 -0.099 -8.07 16.55 -115.994 -0.16 -87.035 0
0.018 0.572 -7.03 15.61 -114.245 -0.041 -85.694 0
0.023 0.443 -9.11 17.8 -117.103 -179.768 -132.769 0
0.027 0.481 -8.33 17.33 -115.672 -179.586 -131.65 0
0.029 0.008 -9.37 16.71 -119.281 -179.581 -134.356 0
0.032 -0.954 -8.07 17.49 -114.769 -179.922 -131.057 0
0.033 0.198 -9.89 17.64 -119.278 -0.234 -89.517 0
0.034 0.29 -8.33 15.77 -117.844 -0.196 -88.432 0
0.038 0.031 -7.28 17.64 -112.426 -179.98 -129.315 0
0.04 -0.664 -8.58 16.55 -117.404 -179.969 -133.045 0
0.041 -0.542 -6.24 16.71 -110.477 -0.28 -82.928 0
0.042 -0.053 -8.85 15.14 -120.308 -0.428 -90.338 0
0.044 -0.343 -7.03 17.17 -112.266 -0.368 -84.291 0
0.045 0.198 -7.28 17.02 -113.158 -0.205 -84.92 0
0.046 -0.229 -8.07 17.49 -114.769 -0.086 -86.098 0
0.047 -0.557 -8.07 16.24 -116.424 -0.171 -87.361 0
0.048 -0.29 -7.8 17.96 -113.475 -0.304 -85.182 0
0.049 0.336 -8.85 17.02 -117.473 -0.279 -88.174 0
