time gyroz magX magY yaw_mag yaw_gyro yaw_cf yaw_kf
0.356 -0.29 1.322 6.171 -87.047 -0.103 -86.837
0.560 0.587 1.851 7.332 -85.265 0.039 -86.117
0.767 -0.496 0.793 5.784 -88.125 0.207 -86.758
0.977 -0.244 1.058 5.398 -87.17 -0.734 -86.874
1.185 -0.366 1.322 6.171 -86.75 -0.678 -86.88
1.392 -0.305 1.454 4.817 -86.315 -0.791 -86.819
1.601 -0.214 2.38 5.398 -84.494 -0.648 -86.523
1.808 -0.221 1.454 5.204 -86.315 -0.614 -86.524
2.019 -0.214 0.793 6.171 -88.009 -0.653 -86.713
2.227 -0.282 1.587 6.945 -85.851 -0.842 -86.661
2.434 -0.206 1.19 5.59 -87.16 -0.783 -86.734
2.641 -0.16 0.396 5.204 -89.035 -0.629 -86.949
2.847 -0.298 0.793 6.171 -88.161 -1.008 -87.077
3.054 -0.366 1.454 6.751 -86.531 -1.416 -87.078
3.260 -0.198 1.983 5.204 -85.083 -1.011 -86.974
3.476 -0.076 0.661 7.139 -88.357 -0.462 -87.082
3.683 -0.328 0.793 4.623 -88.195 -1.284 -87.186
3.892 22.339 0.661 7.139 -88.422 86.615 -85.668
4.100 -21.614 1.058 2.689 -87.231 -66.278 -87.232
4.308 -43.175 3.041 6.365 -82.484 -27.612 -90.112
4.516 -71.625 4.627 8.687 -79.082 173.366 -94.912
4.725 -97.71 3.306 12.943 -81.495 6.695 -101.762
4.945 -58.174 6.479 15.652 -72.621 154.62 -105.381
5.154 -66.139 10.577 21.261 -60.971 140.946 -109.122
5.362 -37.689 12.031 17.586 -56.755 -88.227 -110.701
5.570 -40.543 16.923 18.553 -48.397 -83.514 -112.228
5.778 -11.192 17.32 18.747 -44.375 -105.21 -111.551
5.990 -6.264 16.262 16.811 -48.458 -48.713 -110.759
6.195 5.18 15.997 17.972 -45.018 25.826 -109.07
6.405 24.147 14.543 18.166 -48.97 159.842 -106.205
6.616 43.19 10.577 17.392 -56.155 129.892 -102.248
6.831 73.448 9.123 19.133 -64.692 4.913 -96.396
7.038 76.096 6.743 15.652 -72.693 69.012 -90.624
7.249 86.723 1.322 15.071 -86.614 164.751 -84.52
7.461 54.283 -1.983 11.008 -94.819 -48.272 -81.03
7.680 17.83 -2.248 9.46 -95.571 11.217 -80.206
7.894 -5.745 -1.851 8.106 -94.837 -27.521 -81.067
8.096 -1.778 -0.925 6.751 -92.298 -20.14 -81.541
8.300 -12.039 -2.777 9.46 -96.604 -101.702 -82.881
8.507 -50.934 -0.133 11.008 -90.331 94.665 -86.884
8.718 -87.761 0.396 12.555 -89.035 83.966 -93.556
8.937 -84.984 1.587 15.458 -85.938 52.737 -99.935
9.146 -93.842 5.818 18.94 -75.106 -43.263 -106.668
9.354 -94.025 12.031 18.747 -57.416 -73.352 -112.944
9.556 -40.565 12.693 17.005 -56.337 58.336 -115.267
9.767 15.167 13.089 16.038 -56.482 107.571 -113.491
9.977 3.769 13.618 15.264 -57.818 52.77 -112.599
10.182 -0.351 12.693 16.619 -57.596 0.195 -112.013
10.391 7.454 12.56 16.425 -59.869 77.104 -110.914
10.596 6.248 13.75 17.005 -55.489 73.658 -109.799
10.798 87.219 13.353 16.425 -57.176 48.039 -102.738
11.000 124.275 8.462 16.232 -66.572 -165.756 -93.158
11.208 97.099 5.421 18.747 -75.936 -47.439 -85.811
11.434 78.331 3.702 13.136 -81.927 92.736 -79.991
11.644 29.663 2.248 8.687 -84.54 -116.273 -77.837
11.851 -2.708 1.719 9.847 -85.82 -2.43 -78.113
12.058 0.641 4.892 8.687 -78.897 5.021 -77.982
12.266 22.766 2.777 7.526 -82.988 99.889 -76.304
12.473 -0.229 0.925 7.526 -87.702 19.91 -76.442
12.675 -0.244 1.587 7.719 -86.101 -3.322 -76.545
12.877 -0.275 0.793 8.106 -88.195 -3.785 -76.697
13.078 -0.267 2.115 6.945 -85.283 -3.767 -76.783
13.281 -0.237 0.925 9.073 -87.792 -3.415 -76.923
13.482 0.031 1.19 6.751 -87.16 0.181 -77.029
13.686 -1.862 1.058 8.493 -87.679 -25.452 -77.287
13.893 -7.37 3.306 9.46 -82.301 -104.253 -77.839
14.098 0.832 3.306 6.365 -81.125 4.36 -77.758
14.300 -0.183 1.322 3.462 -86.684 -1.785 -77.872
14.502 6.477 -0.264 -3.502 -90.663 93.746 -77.573
14.708 5.554 -0.133 -1.761 -90.318 88.165 -77.332
14.915 3.761 4.098 6.751 -79.918 61.649 -77.007
15.122 16.617 3.173 6.171 -82.677 75.043 -75.782
15.330 -0.969 0.793 6.559 -88.161 1.762 -75.985
15.537 -0.282 1.454 6.365 -86.315 -5.35 -76.098
15.745 -0.275 1.454 6.365 -86.462 -4.612 -76.215
15.951 -0.252 1.983 8.299 -85.616 -4.295 -76.314
16.160 -0.244 1.454 5.204 -86.662 -4.195 -76.433
16.369 -0.313 1.322 6.945 -86.935 -5.367 -76.564
16.577 -0.206 1.983 5.978 -85.181 -3.728 -76.653
16.786 -0.29 1.322 8.106 -86.876 -5.074 -76.782
16.993 -0.359 1.058 6.945 -87.546 -6.39 -76.929
17.201 -0.191 0.529 7.332 -88.818 -3.644 -77.089
17.410 -0.214 1.851 6.559 -85.63 -3.917 -77.188
17.618 -0.313 1.587 7.332 -85.851 -5.728 -77.298
17.826 -0.351 1.322 6.945 -86.876 -6.57 -77.432
18.034 -0.259 2.512 5.59 -83.78 -5.022 -77.499
18.243 -0.252 2.512 7.139 -84.135 -4.856 -77.573
18.452 -0.29 2.115 6.559 -84.912 -5.603 -77.666
18.666 -0.229 1.587 6.559 -86.251 -4.565 -77.78
18.874 -0.267 2.115 6.171 -85.104 -5.268 -77.875
19.084 -0.214 0.661 5.978 -88.25 -4.351 -78.027
19.290 -0.275 1.587 5.784 -86.582 -5.519 -78.15
19.499 -0.267 0.132 7.912 -89.658 -5.481 -78.332
19.707 -0.282 0.396 6.365 -89.123 -5.824 -78.503
19.914 -0.198 1.19 7.139 -87.267 -4.225 -78.632
