time gyroz magX magY yaw_mag yaw_gyro yaw_cf yaw_kf
0.310 -0.191 26.235 5.266 101.35 -0.191 101.116
0.474 -2.708 25.604 10.486 112.271 -0.238 105.944
0.634 2.754 27.497 1.969 94.096 -0.234 102.383
0.797 0.191 26.685 2.793 95.975 0.006 100.881
0.957 -0.511 26.956 4.716 99.924 -0.02 100.666
1.118 -0.717 27.317 5.266 100.911 -0.118 100.652
1.278 -0.183 26.595 6.915 104.575 -0.19 101.17
1.440 0.717 26.685 2.793 95.975 -0.147 100.574
1.601 -0.954 27.407 4.442 99.206 -0.166 100.353
1.762 -0.175 26.866 4.991 100.524 -0.257 100.345
1.922 0.008 27.767 3.893 97.981 -0.271 100.121
2.083 -0.557 26.956 3.068 96.493 -0.315 99.769
2.244 -0.206 27.046 1.693 93.582 -0.376 99.265
2.406 0.221 26.235 3.068 96.67 -0.375 99.081
2.566 -0.443 27.046 2.793 95.896 -0.393 98.822
2.727 0.412 27.497 3.068 96.366 -0.395 98.685
2.887 -0.542 26.685 5.54 101.728 -0.406 98.814
3.049 -0.618 27.226 5.54 101.502 -0.5 98.906
3.209 0.252 26.776 5.815 102.253 -0.529 99.092
3.371 0.854 27.046 2.793 95.896 -0.439 98.984
3.531 -0.862 27.136 3.617 97.592 -0.44 98.84
3.695 -0.229 26.866 1.144 92.438 -0.529 98.509
3.855 0.13 27.767 4.442 99.089 -0.537 98.535
4.019 -0.305 26.776 5.815 102.253 -0.552 98.663
4.179 0.122 26.415 3.617 97.797 -0.566 98.627
4.343 0.183 26.595 3.617 97.745 -0.541 98.598
4.503 -0.885 26.685 3.342 97.138 -0.597 98.458
4.670 0.084 27.497 6.364 103.031 -0.664 98.631
4.831 0.046 27.677 3.068 96.325 -0.654 98.54
4.997 -0.542 27.407 2.793 95.819 -0.695 98.386
5.158 -0.313 26.956 4.166 98.785 -0.764 98.363
5.324 0.671 27.317 3.617 97.543 -0.734 98.384
5.485 -0.969 27.317 4.166 98.671 -0.758 98.3
5.651 0.053 26.505 3.893 98.356 -0.834 98.297
5.812 -3.693 27.226 4.991 100.388 -1.127 98.02
5.977 -0.298 27.677 5.815 101.865 -1.456 98.093
6.138 -0.198 26.685 6.09 102.856 -1.496 98.201
6.302 0.053 26.595 6.364 103.457 -1.508 98.346
6.463 -8.652 27.046 8.837 108.094 -2.2 97.813
6.627 -0.336 27.226 4.991 100.388 -2.937 97.812
6.789 -3.059 27.226 6.09 102.609 -3.212 97.619
6.954 4.677 26.685 6.09 102.856 -3.079 98.163
7.125 -0.832 26.685 7.189 105.078 -2.75 98.247
7.287 -1.724 26.054 5.815 102.582 -2.957 98.172
7.447 -0.839 27.767 7.189 104.515 -3.162 98.231
7.619 -3.174 26.415 7.464 105.779 -3.507 98.092
7.779 -5.028 27.497 6.364 103.031 -4.164 97.693
7.943 -2.991 27.407 3.893 98.084 -4.821 97.358
8.103 7.538 28.669 17.079 120.784 -4.457 98.649
8.265 -5.447 29.661 15.157 117.067 -4.288 98.552
8.425 2.289 29.48 17.904 121.271 -4.541 99.312
8.601 0.221 29.48 16.806 119.687 -4.32 99.815
8.761 0.092 29.931 18.179 121.273 -4.295 100.331
8.929 -0.763 30.922 15.157 116.113 -4.351 100.621
9.092 -0.343 31.013 17.629 119.616 -4.441 101.028
9.252 -0.397 31.283 17.904 119.784 -4.5 101.422
9.415 0.198 31.553 17.079 118.426 -4.517 101.832
9.575 0.488 31.644 16.806 117.973 -4.462 102.252
9.751 3.372 31.734 17.079 118.289 -4.122 102.966
9.910 0.992 31.283 20.102 122.724 -3.775 103.532
10.080 0.053 31.103 17.355 119.161 -3.686 103.907
10.240 -0.275 31.103 16.255 117.592 -3.704 104.201
10.398 -3.014 31.374 18.179 120.089 -3.964 104.26
10.560 35.126 31.553 16.53 117.649 -1.363 108.221
10.719 -4.73 30.201 17.355 119.884 1.054 108.09
10.880 -1.106 30.472 15.431 116.858 0.584 108.251
11.038 -7.401 31.283 14.057 114.197 -0.088 107.679
11.199 -0.404 31.013 19.277 121.864 -0.717 107.999
11.357 6.454 30.652 14.882 115.897 -0.239 108.897
11.531 0.771 31.193 17.629 119.473 0.39 109.27
11.689 -7.637 29.39 14.333 115.998 -0.152 108.667
11.848 -50.888 28.038 16.806 120.939 -4.805 103.576
12.006 -79.514 28.579 18.453 122.85 -15.107 95.45
12.169 -47.012 28.038 28.344 135.311 -25.419 91.008
12.331 -66.475 27.226 25.322 132.925 -34.611 84.426
12.496 -97.878 27.767 17.629 122.411 -48.17 74.251
12.658 -52.429 26.505 20.926 128.291 -60.345 69.044
12.823 -49.568 27.407 34.114 141.222 -68.76 64.438
12.984 -53.81 28.218 38.785 143.962 -77.082 59.457
13.153 -46.837 31.103 31.641 135.491 -85.587 55.067
13.316 -51.727 30.833 29.168 133.41 -93.62 50.142
13.493 -73.029 31.553 34.663 137.689 -104.66 43.05
13.667 -41.466 34.348 31.641 132.651 -114.621 39.282
13.855 -66.246 35.971 28.344 128.237 -124.746 32.801
14.019 -77.728 37.864 27.519 126.009 -136.552 25.077
14.191 -79.697 37.864 23.674 122.015 -150.091 17.102
14.361 -77.721 38.676 26.697 124.616 -163.471 9.448
14.537 -85.991 41.38 16.806 112.104 -177.878 0.699
14.707 -85.945 41.831 15.981 110.909 -12.493 -8.004
14.885 -81.703 41.921 9.662 102.979 -27.413 -16.337
15.052 -81.734 40.118 -1.878 87.32 -41.06 -24.912
15.220 -81.879 37.955 -4.625 83.052 -54.804 -33.497
15.385 -77.637 37.323 -8.198 77.612 -67.964 -41.633
15.554 -82.97 34.438 -9.845 74.046 -81.535 -50.317
15.725 -82.993 33.988 -8.471 76.005 -95.725 -58.855
15.891 -85.861 33.447 -6.274 79.376 -109.74 -67.527
16.053 -83.618 29.841 -4.625 81.19 -123.468 -75.807
16.216 -77.324 27.948 1.693 93.467 -136.584 -83.037
16.382 -75.912 26.235 5.815 102.498 -149.303 -89.817
16.550 -75.584 24.341 14.882 121.441 -162.029 -96.067
16.715 -78.705 24.432 17.904 126.234 -174.757 -102.458
16.886 -77.896 26.505 23.124 131.103 171.853 -108.563
17.054 -75.737 29.209 17.629 121.113 158.948 -114.537
17.223 -75.813 28.128 19.828 125.181 146.142 -120.335
17.388 -81.306 27.767 24.224 131.102 133.18 -126.516
17.556 -85.999 30.111 31.917 136.668 119.126 -133.003
17.722 -84.923 31.283 31.641 135.326 104.94 -139.306
17.892 -80.406 31.914 30.268 133.484 90.887 -145.058
18.062 -76.828 34.529 29.443 130.454 77.522 -150.382
18.237 -79.277 35.34 31.917 132.086 63.862 -155.845
18.409 -81.062 35.701 31.917 131.797 50.073 -161.413
18.586 -79.46 37.594 26.697 125.38 35.867 -166.841
18.758 -74.333 39.127 23.674 121.176 22.641 -171.694
18.933 -81.978 39.036 21.201 118.507 8.964 -177.343
19.106 -82.199 40.749 14.333 109.379 -5.238 -183.104
19.283 -85.335 40.84 10.211 104.038 -20.064 -189.22
19.453 -84.145 40.93 1.144 91.601 -34.47 -195.356
19.623 -85.014 39.848 -5.449 82.213 -48.849 -201.674
19.790 -77.95 38.225 -7.098 79.481 -62.456 -207.163
19.963 -83.16 35.971 -9.02 75.923 -76.392 -213.19
20.130 -76.523 34.258 -9.845 73.967 -89.726 -218.42
20.297 -83.527 33.807 -9.571 74.193 -103.09 -224.31
20.460 -81.23 31.914 -7.647 76.525 -116.518 -229.797
20.625 -80.734 29.209 -6.549 77.363 -129.88 -235.11
20.787 -79.269 27.046 2.244 94.743 -142.84 -239.814
20.956 -75.89 26.054 7.464 105.986 -155.951 -243.827
21.123 -77.881 24.071 16.806 124.922 -168.791 -247.592
21.314 -77.766 26.325 19.828 126.987 176.345 -251.223
21.482 -77.461 29.029 17.079 120.47 163.306 -254.872
21.663 -74.402 27.948 20.377 126.096 149.562 -257.994
21.828 -83.611 27.677 21.201 127.453 136.526 -262.029
21.997 -81.894 30.292 29.168 133.917 122.541 -265.674
22.163 -82.298 30.652 29.168 133.579 108.913 -269.303
22.332 -79.437 31.644 31.641 134.997 95.247 -272.52
22.502 -80.666 33.086 31.641 133.721 81.638 -275.831
22.677 -81.589 35.16 28.07 128.602 67.441 -279.281
22.849 -78.056 36.061 29.719 129.493 53.711 -282.256
23.023 -77.942 37.955 27.246 125.673 40.139 -285.23
23.195 -79.01 38.495 25.597 123.622 26.641 -288.297
23.374 -76.92 40.118 24.497 121.409 12.686 -291.113
23.549 -79.956 40.389 19.828 116.148 -1.041 -294.305
23.723 -81.482 40.659 13.508 108.378 -15.086 -297.757
23.894 -78.285 41.471 5.54 97.609 -28.746 -301.005
24.067 -86.098 41.11 -3.8 84.719 -42.965 -305.305
24.235 -78.575 39.307 -7.098 79.764 -56.798 -308.803
24.404 -81.65 36.242 -9.845 74.803 -70.337 -312.668
24.572 -77.759 34.799 -11.493 71.723 -83.727 -316.092
24.739 -79.041 34.438 -13.142 69.112 -96.82 -319.636
24.904 -78.545 32.455 -10.395 72.24 -109.821 -322.993
25.069 -79.536 30.562 -5.724 79.392 -122.863 -326.247
25.232 -79.041 29.3 -3.527 83.136 -135.787 -329.307
25.397 -76.767 25.964 7.739 106.598 -148.641 -331.586
25.562 -77.255 24.341 12.135 116.498 -161.348 -333.668
25.729 -75.851 24.882 15.981 122.711 -174.132 -335.42
25.896 -80.429 28.939 17.355 120.952 172.819 -337.667
26.064 -72.609 27.857 17.904 122.729 159.963 -338.969
26.229 -75.508 26.956 19.553 125.956 147.744 -340.483
26.394 -82.474 27.767 23.674 130.451 134.71 -342.636
26.558 -81.94 29.751 27.519 132.768 121.228 -344.647
26.724 -82.718 31.103 28.344 132.343 107.562 -346.715
26.890 -76.447 33.266 30.542 132.555 94.351 -348.05
27.078 -79.323 34.438 28.07 129.183 79.709 -349.734
27.249 -75.348 35.16 30.817 131.234 66.484 -350.9
27.436 -81.146 37.233 27.246 126.196 51.852 -352.773
27.605 -77.232 37.233 26.697 125.641 38.469 -354.189
27.779 -81.451 38.586 27.519 125.496 24.664 -356.04
27.955 -78.773 40.299 20.102 116.511 10.564 -357.739
28.129 -79.361 40.208 17.629 113.675 -3.194 -359.524
28.300 -82.031 41.921 12.959 107.178 -16.993 -361.697
28.471 -84.373 41.2 4.166 95.774 -31.22 -364.317
28.639 -84.48 41.019 0.32 90.447 -45.404 -367.015
28.810 -83.13 37.594 -7.922 78.1 -59.734 -369.766
28.980 -79.498 36.963 -11.493 72.728 -73.558 -372.175
29.151 -78.857 34.979 -10.944 72.626 -87.097 -374.467
29.316 -77.873 33.717 -10.944 72.017 -100.027 -376.615
29.485 -78.667 32.635 -9.296 74.101 -113.255 -378.762
29.647 -85.335 31.914 -9.845 72.856 -126.539 -381.626
29.827 -80.956 28.489 1.144 92.3 -141.505 -383.576
29.995 -80.292 26.415 9.662 110.091 -155.05 -385.063
30.171 -76.149 23.891 11.31 115.333 -168.817 -385.955
30.337 -77.179 27.046 16.53 121.432 178.457 -386.809
30.507 -77.515 28.489 17.079 120.942 165.308 -387.683
30.673 -76.5 27.587 17.629 122.58 152.524 -388.387
30.842 -82.741 27.857 22.299 128.677 139.069 -389.635
31.005 -82.52 28.939 26.697 132.692 125.6 -390.76
31.170 -81.093 30.742 30.542 134.813 112.102 -391.665
31.333 -76.202 32.185 30.542 133.5 99.282 -392.036
31.501 -78.598 32.546 28.344 131.052 86.279 -392.701
31.673 -76.225 33.266 31.641 133.566 72.964 -393.035
31.865 -77.675 35.881 27.519 127.486 58.19 -393.632
32.038 -75.729 36.783 29.719 128.937 44.92 -393.966
32.210 -80.139 38.225 26.421 124.652 31.516 -394.856
32.380 -83.008 40.118 23.948 120.835 17.648 -396.122
32.556 -76.881 40.389 19.277 115.514 3.578 -396.798
32.729 -83.206 41.29 16.53 111.818 -10.269 -398.227
32.903 -82.222 41.2 11.31 105.35 -24.662 -399.655
33.075 -84.808 41.831 5.54 97.544 -39.026 -401.502
33.264 -81.245 39.848 -5.998 81.44 -54.718 -403.249
33.432 -84.259 37.864 -9.845 75.425 -68.621 -405.418
33.615 -75.935 35.791 -10.12 74.212 -83.278 -406.658
33.783 -80.559 34.168 -12.867 69.365 -96.424 -408.472
33.951 -82.199 33.176 -9.845 73.472 -110.096 -410.354
34.116 -83.397 30.562 -12.867 67.168 -123.757 -412.461
34.284 -82.809 30.021 -5.724 79.205 -137.719 -414.232
34.450 -79.254 27.497 -0.229 89.523 -151.17 -415.375
34.617 -74.753 23.71 10.211 113.3 -164.029 -415.524
34.783 -77.293 25.694 12.409 115.778 -176.649 -415.885
34.954 -80.62 26.144 17.629 123.992 169.849 -416.434
35.120 -76.958 28.038 15.157 118.395 156.77 -416.677
35.286 -85.266 27.136 19.004 125.004 143.306 -417.695
35.449 -80.063 28.669 25.322 131.453 129.831 -417.998
35.616 -83.664 29.3 26.146 131.744 116.16 -418.685
35.780 -80.498 30.833 29.168 133.41 102.699 -418.98
35.948 -80.284 31.914 32.466 135.491 89.193 -419.201
36.115 -77.667 34.078 30.268 131.611 76.004 -419.202
36.290 -74.127 34.799 30.817 131.527 62.722 -418.804
36.462 -76.653 36.061 28.619 128.436 49.755 -418.737
36.634 -77.56 37.143 27.519 126.534 36.493 -418.8
36.802 -77.179 37.955 22.85 121.049 23.495 -418.922
36.974 -82.214 38.946 19.828 116.981 9.787 -419.673
37.148 -81.215 40.84 16.255 111.703 -4.431 -420.409
37.323 -80.505 41.019 13.508 108.227 -18.582 -421.124
37.494 -84.602 40.84 8.562 101.84 -32.698 -422.407
37.675 -80.284 40.208 -1.603 87.717 -47.621 -423.478
37.843 -82.787 39.036 -6.274 80.869 -61.319 -424.943
38.012 -78.514 37.774 -8.471 77.36 -74.948 -425.983
38.179 -79.529 35.61 -11.769 71.711 -88.145 -427.224
38.348 -79.437 34.438 -11.493 71.545 -101.578 -428.434
38.512 -79.697 31.824 -10.12 72.359 -114.627 -429.634
38.700 -79.491 30.652 -8.747 74.073 -129.59 -430.753
38.862 -79.033 29.841 -4.076 82.222 -142.431 -431.638
39.036 -77.293 28.489 0.046 90.093 -156.031 -432.156
39.202 -76.721 23.8 8.837 110.37 -168.814 -432.192
39.372 -78.789 25.694 14.057 118.683 177.967 -432.283
39.539 -75.218 27.136 16.255 120.922 165.108 -431.928
39.707 -77.545 27.677 15.706 119.574 152.276 -431.852
39.872 -80.971 27.497 23.399 130.397 139.198 -431.936
40.038 -80.46 29.48 24.497 129.726 125.799 -431.977
40.204 -79.659 30.562 28.894 133.393 112.509 -431.857
40.370 -80.2 31.824 29.993 133.303 99.241 -431.798
40.540 -77.507 32.455 30.268 133.003 85.836 -431.448
40.718 -75.943 34.709 30.542 131.346 72.179 -430.958
40.889 -82.443 35.881 30.268 130.15 58.637 -431.211
41.081 -79.132 36.692 26.146 125.473 43.126 -431.191
41.251 -78.369 37.504 26.97 125.721 29.738 -431.081
41.438 -78.27 39.487 20.926 117.921 15.092 -431.113
41.613 -85.159 39.307 15.431 111.434 0.792 -432.033
41.783 -91.728 40.118 15.706 111.38 -14.243 -433.677
41.949 -69.298 40.84 9.662 103.31 -27.608 -432.993
42.116 -92.094 40.84 6.915 99.61 -41.084 -434.895
42.280 -112.717 40.208 -1.603 87.717 -57.879 -439.308
42.446 -117.584 37.864 -5.449 81.811 -76.994 -444.367
42.612 -120.094 33.898 -5.998 79.966 -96.721 -449.725
42.780 -135.048 32.275 -3.251 84.248 -118.153 -456.632
42.944 -124.802 30.652 -4.9 80.918 -139.461 -462.448
43.111 -96.252 28.038 -4.625 80.633 -157.919 -465.076
43.275 -49.026 27.226 -1.054 87.783 -169.832 -462.29
43.441 -13.527 27.767 -1.603 86.696 -175.023 -455.546
43.604 -21.858 26.776 3.068 96.536 -177.907 -449.481
43.769 -21.111 28.308 9.386 108.344 178.548 -443.07
43.931 -21.057 28.669 13.233 114.777 175.132 -436.509
44.095 17.96 28.849 18.179 122.217 174.878 -425.478
44.255 -5.455 28.489 18.728 123.32 175.879 -417.018
44.418 -26.299 28.489 18.179 122.542 173.291 -410.902
44.578 10.307 30.111 22.026 126.185 172.011 -400.695
44.741 13.405 28.128 17.629 122.077 173.944 -390.26
44.901 -0.404 28.849 18.179 122.217 174.984 -381.395
45.063 -2.907 29.12 19.553 123.88 174.716 -372.83
45.223 -1.404 27.317 23.399 130.582 174.371 -364.031
45.388 -14.214 29.39 16.53 119.355 173.082 -356.946
45.548 -5.211 28.939 17.904 121.744 171.528 -348.894
45.712 -7.507 29.48 16.806 119.687 170.485 -341.216
45.871 -1.122 30.292 18.179 120.969 169.799 -332.891
46.036 2.09 29.751 17.079 119.859 169.879 -324.318
46.196 0.107 28.398 17.904 122.23 170.055 -316.007
46.360 -1.961 28.489 16.53 120.123 169.903 -308.062
46.520 -0.046 26.054 15.157 120.189 169.742 -300.001
46.683 -0.618 26.415 12.959 116.132 169.688 -292.184
46.844 0.412 26.325 11.584 113.751 169.672 -284.401
47.023 0.496 25.153 10.211 112.095 169.753 -276.745
47.185 -1.076 24.522 12.135 116.329 169.706 -269.283
47.353 -1.282 25.063 9.937 111.627 169.508 -262.043
47.515 1.64 25.243 11.584 114.65 169.537 -254.528
47.679 13.168 25.333 12.409 116.097 170.751 -245.816
47.842 0.519 23.44 7.189 107.051 171.867 -238.791
48.006 -0.71 23.62 7.739 108.141 171.851 -231.99
48.168 -0.74 24.612 6.915 105.693 171.734 -225.351
48.346 -0.786 24.071 5.815 103.581 171.598 -218.869
48.508 0.046 23.981 8.288 109.066 171.538 -212.296
48.675 -1.129 24.882 8.288 108.423 171.447 -205.975
48.837 -0.191 24.161 8.288 108.934 171.34 -199.651
49.003 -0.13 23.71 8.013 108.673 171.314 -193.433
49.165 0.015 24.702 8.837 109.684 171.305 -187.288
49.346 -0.435 23.981 8.288 109.066 171.267 -181.313
49.508 0.069 24.251 10.211 112.834 171.237 -175.315
49.675 -0.893 24.432 8.562 109.313 171.168 -169.6
49.837 -0.473 24.251 9.113 110.595 171.057 -163.918
50.004 0.168 24.071 7.464 107.228 171.032 -158.337
50.166 1.694 23.62 7.189 106.928 171.183 -152.695
50.330 5.501 24.071 9.113 110.736 171.773 -146.657
50.493 -1.083 24.882 6.64 104.942 172.133 -141.563
50.657 0.9 24.432 7.464 106.988 172.118 -136.308
50.819 -0.778 24.612 4.166 99.607 172.128 -131.484
50.983 -3.242 25.513 4.716 100.473 171.798 -127.01
51.145 -5.104 25.063 6.64 104.839 171.122 -122.751
51.324 -8.743 24.882 6.09 103.753 169.883 -119.01
51.486 -1.381 26.505 8.837 108.439 169.063 -114.454
51.650 0.153 27.767 8.837 107.654 168.962 -109.833
51.813 0.381 27.407 9.937 109.929 169.006 -105.229
51.978 0.32 26.956 5.815 102.173 169.063 -100.874
52.140 -1.152 27.407 7.739 105.768 168.996 -96.693
52.320 0.473 27.497 9.113 108.336 168.935 -92.367
52.482 0.374 27.046 6.64 103.794 169.003 -88.224
52.647 -7.111 27.407 8.837 107.871 168.448 -84.909
52.809 0.549 27.226 15.431 119.543 167.916 -80.597
52.975 3.601 27.948 8.288 106.518 168.261 -76.288
53.137 0.854 27.857 7.464 104.999 168.621 -72.388
53.319 -0.298 27.407 10.486 110.937 168.672 -68.574
53.481 -1.076 27.407 6.64 103.619 168.561 -65.068
53.648 -1.35 27.677 6.915 104.028 168.358 -61.657
53.810 -0.29 27.587 8.837 107.762 168.225 -58.126
53.977 0.221 28.308 6.64 103.201 168.22 -54.701
54.139 -0.755 27.046 8.288 107.037 168.176 -51.376
54.303 0.038 27.226 8.837 107.982 168.118 -48.014
54.465 0.107 27.767 9.937 109.691 168.129 -44.677
54.629 0.099 27.317 8.013 106.348 168.146 -41.475
54.791 0.916 27.497 7.464 105.187 168.228 -38.271
54.978 0.0 27.677 8.013 106.147 168.314 -35.212
55.140 -0.717 27.226 8.288 106.931 168.256 -32.279
55.326 0.031 27.587 8.837 107.762 168.192 -29.309
55.487 0.336 26.866 6.64 103.883 168.222 -26.443
55.663 -0.008 28.038 6.915 103.854 168.251 -23.675
55.825 -0.381 27.407 8.837 107.871 168.219 -20.925
55.989 -0.366 27.046 8.288 107.037 168.158 -18.248
56.151 0.557 27.226 7.189 104.791 168.173 -15.569
56.316 -0.32 27.046 9.937 110.174 168.193 -12.935
56.478 -0.481 27.587 10.486 110.812 168.128 -10.361
56.643 0.183 28.398 10.211 109.777 168.103 -7.789
56.805 -0.542 27.857 8.013 106.048 168.074 -5.423
56.985 -1.083 27.677 8.562 107.19 167.928 -3.146
57.148 0.008 28.038 8.562 106.981 167.84 -0.802
57.326 -0.458 27.587 8.837 107.762 167.8 1.457
57.488 0.008 27.497 6.364 103.031 167.764 3.626
57.652 0.069 27.226 8.288 106.931 167.77 5.834
57.814 -1.099 27.677 9.662 109.244 167.687 7.912
57.978 -0.58 27.407 9.937 109.929 167.549 10.015
58.140 -1.16 27.317 8.562 107.403 167.408 11.959
58.305 1.03 27.677 8.013 106.147 167.397 14.078
58.467 -0.847 27.407 9.386 108.905 167.412 16.001
58.631 -0.069 27.407 7.739 105.768 167.337 17.907
58.793 0.008 27.767 7.189 104.515 167.332 19.756
58.986 -0.931 26.776 9.662 109.842 167.243 21.568
59.148 -0.397 28.218 11.31 111.841 167.136 23.439
59.311 0.267 27.317 8.013 106.348 167.125 25.236
59.472 -1.015 27.948 7.739 105.478 167.065 26.836
59.639 -0.893 27.136 8.013 106.451 166.905 28.433
59.802 1.022 27.046 9.386 109.139 166.916 30.259
59.967 -0.877 27.497 7.464 105.187 166.928 31.762
60.130 -0.29 27.407 8.837 107.871 166.833 33.349
60.295 0.046 27.587 6.64 103.533 166.813 34.854
60.457 -0.427 28.398 9.662 108.79 166.782 36.379
