time gyroz magX magY yaw_mag yaw_gyro yaw_cf yaw_kf
0.391 -0.275 60.03 4.8 -4.572 -0.108 -3.456 -4.574
0.395 -0.114 59.48 4.5 -4.327 -0.32 -3.325 -4.436
0.399 2.823 62.21 5.41 -4.97 1.012 -3.474 -4.643
0.403 -0.137 62.21 5.11 -4.696 2.768 -2.83 -4.68
0.410 0.435 60.57 5.11 -4.822 0.041 -3.606 -4.75
0.417 -0.015 58.39 5.41 -5.294 0.429 -3.863 -5.007
0.421 -0.984 60.03 5.41 -5.15 -0.429 -3.97 -5.124
0.423 -12.703 63.57 4.35 -3.915 -6.357 -4.526 -4.84
0.427 -60.143 65.74 4.95 -4.306 -38.384 -12.826 -5.145
0.431 -77.339 66.29 7.36 -6.335 -93.476 -28.12 -6.138
0.436 -70.961 70.37 9.92 -8.024 -108.278 -33.088 -7.351
0.441 -48.653 71.19 12.79 -10.185 -92.417 -30.743 -8.772
0.446 -60.555 77.45 12.03 -8.829 -75.661 -25.537 -9.537
0.448 -78.171 89.43 12.94 -8.233 -95.576 -30.069 -10.039
0.452 -79.041 97.6 13.54 -7.898 -113.898 -34.398 -10.341
0.457 -97.519 103.58 10.53 -5.805 -123.607 -35.256 -10.123
0.460 -69.443 107.4 7.21 -3.841 -129.463 -35.246 -9.349
0.462 -86.021 109.85 3.45 -1.799 -109.185 -28.646 -8.261
0.464 -104.5 112.3 0.89 -0.454 -134.509 -33.968 -7.093
0.467 -105.598 110.12 -1.22 0.635 -153.814 -37.977 -5.866
0.471 -96.542 102.22 -2.58 1.446 -151.069 -36.683 -4.622
0.474 -94.719 93.78 -3.63 2.217 -141.439 -33.697 -3.402
0.478 -65.254 93.78 -1.82 1.112 -125.91 -30.644 -2.53
0.482 -113.548 88.34 -2.12 1.375 -119.984 -28.965 -1.924
0.486 -78.293 85.89 0.74 -0.494 -151.598 -38.27 -1.752
0.490 -70.724 82.35 4.5 -3.128 -112.948 -30.583 -2.21
0.495 -20.126 83.98 6.01 -4.093 -80.686 -23.241 -2.685
0.501 -16.884 74.18 5.71 -4.402 -28.585 -10.448 -3.167
0.505 21.454 78.27 5.56 -4.063 -6.05 -4.56 -3.377
0.507 34.134 80.99 3.75 -2.651 38.76 7.702 -3.182
0.509 -3.029 80.45 3.45 -2.456 32.592 6.306 -3.076
0.512 2.151 83.17 4.35 -2.994 -1.928 -2.728 -3.08
0.516 9.102 83.17 2.55 -1.756 6.848 0.395 -2.778
0.520 -4.616 81.26 2.39 -1.685 6.702 0.412 -2.541
0.522 -24.193 82.62 4.95 -3.429 -17.245 -6.883 -2.795
0.525 -38.635 79.36 5.26 -3.792 -44.476 -13.963 -3.162
0.529 -24.307 72.01 4.8 -3.814 -51.493 -15.734 -3.451
0.531 6.104 73.1 6.01 -4.7 -21.066 -8.792 -3.793
0.536 -7.195 71.73 6.16 -4.908 2.247 -3.119 -4.173
0.542 5.531 66.56 6.91 -5.927 -4.197 -5.494 -4.674
0.546 2.678 61.39 5.56 -5.175 6.993 -2.133 -4.936
0.550 -0.298 59.48 6.61 -6.341 2.514 -4.127 -5.412
0.553 -0.229 62.21 6.01 -5.518 -0.425 -4.245 -5.624
0.556 -0.145 61.66 4.2 -3.897 -0.31 -3.0 -5.425
0.560 -0.183 61.12 4.5 -4.211 -0.247 -3.22 -5.297
0.563 -0.237 59.48 5.71 -5.484 -0.316 -4.192 -5.449
0.566 -0.183 64.66 5.56 -4.915 -0.341 -3.772 -5.442
0.569 -0.206 60.84 6.46 -6.061 -0.3 -4.621 -5.675
0.573 -0.252 61.93 6.46 -5.955 -0.35 -4.554 -5.844
0.578 -0.191 59.21 5.26 -5.077 -0.362 -3.898 -5.782
0.585 -0.16 64.93 4.8 -4.228 -0.285 -3.242 -5.526
