time gyroz magX magY yaw_mag yaw_gyro yaw_cf yaw_kf
0.321 -0.183 38.343 16.966 113.868 -0.183 113.652
0.493 -1.648 38.528 18.046 115.098 -0.157 114.208
0.665 4.265 38.159 18.046 115.31 0.068 114.751
0.838 -0.488 38.251 17.776 114.925 0.394 114.805
1.009 -0.237 38.805 15.618 111.923 0.332 114.268
1.183 -0.664 38.528 18.046 115.098 0.254 114.377
1.354 -0.633 38.067 18.855 116.35 0.143 114.618
1.528 -1.282 38.528 17.505 114.434 -0.024 114.51
1.700 0.244 39.543 17.237 113.553 -0.113 114.414
1.873 -0.435 38.251 17.776 114.925 -0.129 114.428
2.044 0.298 37.882 18.855 116.461 -0.141 114.624
2.220 -0.16 38.805 16.696 113.28 -0.129 114.496
2.392 0.16 38.99 18.855 115.808 -0.129 114.603
2.567 -0.275 38.528 14.809 111.025 -0.139 114.322
2.740 0.496 38.62 18.855 116.022 -0.12 114.468
2.916 -0.175 39.266 16.966 113.368 -0.092 114.383
3.088 0.519 38.897 19.663 116.817 -0.062 114.565
3.265 -0.923 38.712 19.663 116.927 -0.098 114.627
3.438 -0.298 39.266 19.663 116.6 -0.203 114.706
3.629 0.16 38.343 19.124 116.508 -0.217 114.806
3.817 2.396 38.343 17.505 114.538 0.024 114.98
3.993 -2.892 38.159 19.663 117.262 -0.02 114.862
4.165 -3.609 38.712 18.585 115.645 -0.579 114.597
4.343 0.488 39.635 16.966 113.174 -0.857 114.554
4.515 3.441 38.712 18.585 115.645 -0.519 114.869
4.691 -3.082 37.697 20.473 118.506 -0.487 114.757
4.863 -12.146 38.897 19.124 116.181 -1.797 113.77
5.039 2.38 39.912 22.091 118.964 -2.656 114.111
5.212 -4.242 40.558 21.823 118.283 -2.817 113.853
5.387 -4.486 40.743 23.98 120.48 -3.581 113.643
5.559 -0.221 40.927 25.598 122.024 -3.986 113.848
5.737 0.71 41.02 22.63 118.885 -3.942 114.018
5.909 1.564 40.743 24.519 121.039 -3.747 114.335
6.083 -1.724 41.296 22.901 119.011 -3.761 114.287
6.256 -1.472 41.02 24.249 120.589 -4.037 114.307
6.430 -0.465 41.389 24.249 120.365 -4.206 114.405
6.602 1.854 41.296 23.98 120.143 -4.086 114.705
6.778 -0.16 40.835 24.249 120.703 -3.937 114.835
6.951 0.504 41.204 22.63 118.776 -3.907 114.966
7.125 -1.427 40.835 22.091 118.413 -3.988 114.903
7.298 0.237 41.02 23.171 119.461 -4.091 115.025
7.473 -1.076 41.573 23.71 119.697 -4.164 115.027
7.646 -0.053 41.204 23.171 119.351 -4.262 115.114
7.820 -0.763 41.112 22.901 119.12 -4.333 115.124
7.993 -0.763 41.389 24.79 120.92 -4.465 115.181
8.167 -0.381 40.558 25.598 122.258 -4.564 115.306
8.352 -1.114 40.835 24.79 121.261 -4.703 115.33
8.526 -0.633 41.85 23.98 119.813 -4.855 115.358
8.699 0.504 41.02 24.249 120.589 -4.866 115.517
8.874 0.168 41.758 23.171 119.025 -4.807 115.601
9.047 -0.214 41.389 24.249 120.365 -4.811 115.68
9.229 -0.16 40.65 21.013 117.336 -4.845 115.687
9.402 -0.504 40.927 22.901 119.23 -4.902 115.707
9.577 -0.42 41.296 20.743 116.67 -4.983 115.671
9.750 -0.526 40.558 21.823 118.283 -5.065 115.664
9.925 -0.565 40.65 24.249 120.817 -5.161 115.713
10.098 1.106 41.02 23.171 119.461 -5.114 115.898
10.273 -0.557 41.481 21.282 117.16 -5.066 115.859
10.445 5.043 40.281 24.79 121.609 -4.68 116.498
10.617 11.032 40.281 24.79 121.609 -3.297 117.756
10.787 14.74 39.82 22.362 119.318 -1.107 119.348
10.962 34.172 39.266 26.138 123.65 3.173 123.059
11.132 53.146 36.221 29.644 129.298 10.595 128.885
11.304 74.493 34.283 29.915 131.108 21.572 136.992
11.476 76.988 31.607 26.947 130.45 34.599 145.367
11.655 61.729 29.577 23.71 128.717 47.015 152.114
11.843 28.29 28.1 21.552 127.487 55.476 155.315
12.025 1.114 27.454 20.204 126.35 58.152 155.591
12.203 -3.288 25.885 16.696 122.822 57.959 155.267
12.384 -22.606 26.623 22.63 130.365 55.615 153.015
12.562 -22.873 25.885 25.868 134.981 51.568 150.773
12.744 -46.494 27.085 33.151 140.751 45.255 146.097
12.922 -37.43 27.916 30.183 137.235 37.786 142.243
13.105 -34.607 28.931 32.072 137.948 31.195 138.66
13.293 -93.552 32.438 27.757 130.553 19.148 128.605
13.470 -89.233 33.36 29.915 131.884 2.971 118.987
13.644 -69.489 36.037 32.882 132.379 -10.838 111.461
13.824 -51.697 36.498 30.454 129.842 -21.744 105.78
13.998 -36.568 36.774 29.644 128.873 -29.423 101.716
14.175 -17.952 38.528 26.677 124.699 -34.249 99.593
14.358 -30.724 38.159 25.058 123.292 -38.702 96.111
14.536 -34.813 39.359 26.407 123.859 -44.535 92.238
14.719 -68.436 39.266 24.519 121.982 -53.982 84.741
14.896 -76.965 40.743 18.585 114.52 -66.85 76.194
15.078 -84.16 40.466 17.776 113.715 -81.513 66.887
15.260 -82.535 42.681 15.618 110.099 -96.682 57.722
15.442 -77.728 45.264 4.288 95.412 -111.266 48.823
15.620 -75.76 42.865 -7.041 80.672 -124.926 39.9
15.803 -81.001 38.159 -10.547 74.549 -139.27 30.364
15.985 -74.829 36.682 -10.008 74.739 -153.451 21.589
16.171 -79.346 33.914 -10.008 73.559 -167.789 12.394
16.354 -79.025 33.637 -6.501 79.061 -2.28 3.446
16.539 -85.571 31.053 -8.119 75.348 -17.505 -6.189
16.716 -80.711 30.315 -4.883 80.85 -32.221 -15.08
16.897 -76.82 30.038 -3.533 83.292 -46.477 -23.388
17.072 -77.919 28.192 2.401 94.868 -60.017 -31.469
17.253 -75.142 27.177 6.985 104.414 -73.869 -38.944
17.433 -75.951 23.855 12.38 117.428 -87.468 -46.134
17.613 -75.867 26.808 17.237 122.74 -101.131 -53.103
17.788 -74.417 28.1 17.237 121.526 -114.281 -59.836
17.962 -78.362 29.485 22.901 127.836 -127.573 -66.769
18.133 -81.932 30.684 25.329 129.539 -141.278 -73.957
18.308 -82.748 31.422 26.947 130.616 -155.687 -81.113
18.487 -74.57 33.083 31.263 133.38 -169.767 -87.217
18.674 -72.96 34.744 28.026 128.891 176.439 -93.133
18.855 -72.952 35.575 26.677 126.866 163.234 -98.985
19.035 -76.988 36.59 25.868 125.259 149.739 -105.207
19.214 -77.4 39.266 22.362 119.662 135.921 -111.486
19.397 -75.844 39.543 20.473 117.372 121.899 -117.536
19.575 -79.704 40.65 18.855 114.884 108.056 -123.955
19.757 -81.734 41.02 16.157 111.499 93.365 -130.562
19.939 -79.529 43.419 15.618 109.784 78.69 -136.856
20.121 -74.966 45.449 1.051 91.325 64.631 -142.915
20.299 -79.567 42.681 -5.961 82.049 50.877 -149.554
20.479 -78.468 37.328 -11.357 73.078 36.654 -156.139
20.661 -71.518 35.852 -11.357 72.423 23.005 -161.857
20.846 -79.498 34.375 -8.66 75.86 9.037 -168.268
21.021 -78.629 33.453 -7.041 78.114 -4.8 -174.426
21.199 -78.049 32.345 -8.66 75.011 -18.744 -180.472
21.372 -79.796 29.946 -6.501 77.752 -32.398 -186.546
21.545 -79.781 29.669 -5.693 79.138 -46.201 -192.482
21.718 -73.868 27.916 -1.107 87.729 -59.492 -197.49
21.899 -74.249 27.269 8.335 106.996 -72.896 -202.05
22.080 -75.554 23.578 9.952 112.884 -86.453 -206.54
22.262 -75.584 27.362 15.618 119.717 -100.207 -210.807
22.440 -76.469 27.639 18.585 123.918 -113.74 -215.0
22.620 -81.589 29.853 21.823 126.167 -127.965 -219.63
22.796 -80.048 29.669 26.677 131.96 -142.189 -223.893
22.974 -78.896 31.33 27.757 131.54 -156.335 -227.959
23.151 -78.156 32.899 27.487 129.879 -170.234 -231.899
23.333 -79.239 34.652 30.993 131.81 175.443 -235.843
23.514 -79.59 35.483 31.263 131.382 161.069 -239.759
23.695 -79.399 37.052 28.296 127.368 146.681 -243.659
23.873 -81.596 38.897 23.98 121.654 132.352 -247.842
24.054 -78.369 39.451 22.362 119.546 117.875 -251.635
24.233 -89.424 40.005 20.204 116.795 102.858 -256.628
24.417 -79.948 41.573 15.079 109.936 87.275 -260.638
24.601 -80.307 42.496 11.841 105.57 72.532 -264.698
24.784 -82.756 45.08 -0.027 89.966 57.612 -269.26
24.963 -85.754 42.773 -5.693 82.419 42.53 -274.223
25.143 -76.004 37.79 -12.705 71.417 27.972 -278.245
25.326 -77.057 36.406 -9.738 75.025 13.967 -282.224
25.513 -73.837 34.56 -10.818 72.619 -0.142 -285.811
25.695 -76.523 33.822 -10.277 73.098 -13.825 -289.602
25.878 -79.262 32.345 -10.818 71.507 -28.079 -293.645
26.057 -77.759 30.776 -6.771 77.592 -42.132 -297.323
26.244 -77.972 28.562 -5.152 79.775 -56.693 -300.905
26.423 -81.108 28.008 6.177 102.437 -70.931 -304.309
26.605 -77.957 25.7 10.762 112.722 -85.406 -307.096
26.786 -76.103 26.808 17.237 122.74 -99.348 -309.418
26.966 -72.258 27.916 15.079 118.376 -112.701 -311.345
27.143 -74.348 28.746 18.585 122.884 -125.675 -313.356
27.319 -77.225 30.038 25.058 129.835 -139.014 -315.494
27.492 -82.573 29.946 26.407 131.407 -152.836 -318.144
27.667 -80.116 32.991 28.296 130.619 -167.072 -320.492
27.846 -80.032 33.453 29.644 131.545 178.595 -322.766
28.027 -73.837 34.468 29.915 130.955 164.67 -324.321
28.208 -77.942 36.129 27.216 126.991 150.934 -326.363
28.391 -76.767 37.236 27.216 126.163 136.778 -328.247
28.569 -80.887 39.266 23.98 121.413 122.747 -330.638
28.756 -77.721 40.558 21.282 117.687 107.917 -332.708
28.935 -80.719 41.481 17.505 112.88 93.737 -335.16
29.123 -80.956 40.558 14.809 110.059 78.539 -337.65
29.308 -75.966 44.249 4.018 95.188 64.024 -339.838
29.503 -79.788 43.788 -5.422 82.941 48.838 -342.64
29.683 -81.604 41.204 -8.119 78.853 34.313 -345.673
29.865 -77.492 36.221 -12.436 71.051 19.835 -348.352
30.047 -75.6 35.483 -10.277 73.847 5.904 -350.712
30.238 -77.377 33.637 -11.357 71.344 -8.706 -353.263
30.419 -82.428 33.36 -10.008 73.301 -23.168 -356.282
30.619 -79.422 31.053 -9.199 73.499 -39.353 -358.914
30.806 -79.742 30.315 -5.961 78.876 -54.235 -361.424
30.986 -81.49 27.916 2.131 94.365 -68.746 -363.772
31.165 -74.089 24.224 4.827 101.269 -82.67 -365.122
31.348 -74.661 26.07 15.079 120.045 -96.281 -366.123
31.522 -73.326 28.008 15.887 119.563 -109.156 -366.952
31.698 -83.084 28.1 17.237 121.526 -122.92 -368.789
31.872 -83.168 29.669 24.519 129.571 -137.384 -370.448
32.047 -82.916 31.053 23.171 126.729 -151.916 -372.11
32.221 -87.723 32.714 31.802 134.19 -166.761 -374.129
32.403 -81.223 33.36 30.454 132.393 177.864 -375.441
32.582 -76.523 34.006 28.565 130.03 163.746 -376.254
32.768 -77.08 36.037 28.565 128.402 149.461 -377.133
32.948 -78.362 35.759 27.216 127.275 135.471 -378.15
33.129 -79.529 39.451 24.519 121.861 121.182 -379.378
33.310 -80.872 39.174 22.63 120.014 106.666 -380.765
33.491 -77.927 40.835 16.157 111.587 92.295 -381.967
33.677 -85.297 41.296 14.269 109.062 77.115 -384.006
33.861 -81.772 44.619 6.716 98.56 61.744 -385.835
34.041 -83.786 44.342 1.592 92.056 46.844 -387.984
34.242 -79.514 39.082 -11.627 73.432 30.433 -389.995
34.421 -79.071 36.959 -11.357 72.919 16.239 -391.928
34.605 -75.294 35.114 -9.738 74.5 2.038 -393.371
34.789 -74.165 33.545 -10.547 72.546 -11.713 -394.689
34.972 -77.492 33.914 -10.547 72.725 -25.589 -396.333
35.152 -75.645 30.222 -10.008 71.678 -39.372 -397.757
35.331 -80.063 29.577 -5.961 78.605 -53.307 -399.496
35.502 -30.113 28.008 4.018 98.164 -62.728 -395.287
35.678 -82.741 26.162 8.874 108.737 -72.659 -396.66
35.848 -8.629 26.162 11.571 113.859 -80.425 -389.714
36.027 -0.748 26.901 8.874 108.256 -81.264 -381.982
36.198 -2.235 26.808 9.684 109.862 -81.519 -374.365
36.377 -8.171 26.439 8.604 108.026 -82.451 -367.438
36.547 -39.185 28.469 26.407 132.848 -86.476 -363.459
36.718 -39.062 29.115 17.505 121.016 -93.166 -359.73
36.889 -41.603 27.731 19.934 125.71 -100.063 -356.219
37.061 -19.638 28.562 26.138 132.463 -105.33 -350.176
37.236 -20.042 27.916 25.329 132.218 -108.802 -344.215
37.412 -22.003 28.931 20.204 124.929 -112.502 -338.655
37.582 -18.715 29.3 27.216 132.888 -115.963 -332.616
37.754 4.784 31.053 24.249 127.986 -117.161 -324.119
37.927 4.868 32.806 25.058 127.373 -116.326 -315.672
38.101 10.551 33.083 23.71 125.628 -114.984 -306.685
38.271 13.603 32.068 23.44 126.165 -112.931 -297.408
38.442 6.348 31.607 18.855 120.818 -111.225 -289.106
38.615 29.617 32.068 13.19 112.358 -108.115 -278.468
38.790 -3.319 31.884 12.112 110.801 -105.813 -271.579
38.965 0.832 31.422 16.157 117.212 -106.031 -264.188
39.143 15.846 32.068 14.809 114.787 -104.547 -255.272
39.318 -4.73 32.068 16.427 117.124 -103.574 -248.675
39.495 6.79 33.083 14.538 113.723 -103.392 -240.967
39.668 -4.532 32.899 16.157 116.156 -103.196 -234.559
39.845 -10.963 32.16 14.538 114.325 -104.568 -228.999
40.018 -10.025 31.145 17.505 119.338 -106.383 -223.337
40.194 20.34 33.637 17.776 117.855 -105.475 -214.444
40.369 29.846 30.038 13.729 114.563 -101.084 -204.658
40.544 0.549 28.285 8.604 106.919 -98.425 -198.363
40.719 3.288 28.192 20.743 126.345 -98.089 -191.484
40.894 -6.729 28.469 16.157 119.576 -98.39 -185.957
41.067 -2.38 29.207 11.841 112.068 -99.178 -180.206
41.244 0.732 29.023 15.618 118.286 -99.324 -174.093
41.418 0.809 28.746 14.809 117.256 -99.19 -168.095
41.602 -34.859 29.207 15.079 117.306 -102.322 -166.149
41.785 -10.063 31.053 11.302 109.999 -106.433 -161.713
41.969 9.674 30.592 21.823 125.502 -106.468 -154.881
42.142 19.737 30.038 14.269 115.409 -103.924 -147.23
42.318 -3.616 30.869 19.934 122.853 -102.506 -142.108
42.492 -3.952 30.961 17.505 119.483 -103.164 -137.192
42.666 -3.288 31.237 16.157 117.35 -103.794 -132.342
42.841 2.258 32.899 14.538 113.841 -103.884 -127.044
43.015 0.206 31.791 17.237 118.466 -103.67 -121.973
43.187 0.389 31.699 18.046 119.653 -103.619 -116.953
43.361 -1.19 31.976 17.237 118.327 -103.688 -112.226
43.531 -0.725 32.345 17.776 118.792 -103.851 -107.53
43.707 0.443 31.699 20.204 122.512 -103.876 -102.722
43.881 -0.702 31.422 17.237 118.748 -103.898 -98.205
44.059 -1.007 31.791 17.776 119.212 -104.051 -93.801
44.233 -1.366 31.791 16.696 117.708 -104.257 -89.553
44.409 -0.366 32.53 18.315 119.38 -104.409 -85.246
44.583 0.427 31.884 18.585 120.238 -104.404 -80.919
44.758 0.626 31.515 16.966 118.296 -104.312 -76.691
44.931 -1.053 32.16 17.776 118.931 -104.349 -72.718
45.107 -0.954 32.899 17.237 117.652 -104.526 -68.839
45.283 -1.03 30.961 15.887 117.164 -104.7 -65.057
45.459 -0.488 31.145 14.809 115.43 -104.834 -61.327
45.631 0.801 31.33 13.729 113.663 -104.807 -57.564
45.807 0.412 30.5 16.696 118.697 -104.7 -53.818
45.981 -0.29 30.222 15.887 117.73 -104.689 -50.242
46.157 0.687 29.023 11.841 112.195 -104.654 -46.74
46.331 -0.824 29.3 12.651 113.353 -104.666 -43.451
46.507 0.282 29.946 13.999 115.055 -104.714 -40.075
46.681 -0.809 29.946 13.999 115.055 -104.76 -36.887
46.857 -0.793 30.13 15.079 116.586 -104.901 -33.734
47.030 -0.488 30.961 13.729 113.914 -105.012 -30.666
47.206 -1.472 30.038 11.571 111.067 -105.184 -27.827
47.380 -1.74 29.392 10.762 110.11 -105.464 -25.099
47.556 -1.579 29.207 9.684 108.344 -105.756 -22.447
47.732 -0.504 29.392 13.46 114.605 -105.939 -19.611
47.908 0.023 30.038 11.571 111.067 -105.981 -16.846
48.082 -4.356 28.746 14.809 117.256 -106.358 -14.498
48.259 -0.992 29.761 11.302 110.795 -106.832 -11.965
48.435 -11.467 28.746 13.19 114.648 -107.928 -10.568
48.613 -0.198 29.485 14.269 115.824 -108.966 -7.956
48.791 18.211 28.469 12.38 113.502 -107.363 -3.404
48.970 -3.685 28.931 12.112 112.717 -106.063 -1.337
49.147 -1.595 28.838 12.92 114.133 -106.53 0.936
49.322 0.458 29.853 11.571 111.186 -106.63 3.328
49.494 -0.961 29.392 10.762 110.11 -106.673 5.494
49.670 0.038 29.853 9.952 108.437 -106.754 7.689
49.844 -0.252 29.853 11.032 110.281 -106.773 9.843
50.020 0.298 28.838 11.841 112.323 -106.769 12.053
50.195 -0.313 29.023 12.38 113.101 -106.77 14.166
50.371 -0.298 29.485 12.651 113.223 -106.824 16.238
50.545 -0.496 29.946 11.302 110.677 -106.893 18.195
50.718 0.381 30.222 9.413 107.3 -106.903 20.139
50.892 -1.274 29.3 12.651 113.353 -106.981 21.981
51.066 -0.42 28.285 10.762 110.831 -107.128 23.825
51.240 -0.496 28.285 11.302 111.78 -107.208 25.641
51.413 -0.229 28.838 10.223 109.519 -107.27 27.402
51.585 -0.252 29.3 12.651 113.353 -107.312 29.2
51.760 -0.404 30.038 11.571 111.067 -107.369 30.897
51.932 -0.679 28.931 10.493 109.935 -107.462 32.506
52.107 0.793 29.761 10.762 109.881 -107.452 34.241
52.281 -1.495 29.853 11.032 110.281 -107.513 35.697
52.456 0.008 29.577 8.604 106.22 -107.643 37.204
52.628 -0.58 30.315 11.841 111.336 -107.693 38.716
52.801 0.259 29.392 10.762 110.11 -107.72 40.264
52.973 0.465 29.669 11.032 110.397 -107.658 41.808
53.149 -0.87 28.838 11.841 112.323 -107.694 43.212
53.324 -0.549 29.3 11.032 110.632 -107.818 44.587
53.499 0.107 29.669 9.413 107.603 -107.857 45.944
53.671 -0.58 29.853 11.571 111.186 -107.897 47.268
53.846 0.481 28.931 8.874 107.052 -107.906 48.599
54.018 -0.938 29.669 13.19 113.969 -107.945 49.883
54.192 -0.076 29.3 12.112 112.459 -108.034 51.203
54.365 0.168 29.3 8.335 105.88 -108.026 52.393
54.538 -0.191 29.669 11.571 111.306 -108.028 53.626
54.711 0.671 29.669 11.571 111.306 -107.986 54.927
54.886 -0.13 30.13 12.38 112.337 -107.939 56.136
55.059 -0.526 29.577 11.302 110.913 -107.995 57.246
55.237 0.214 29.485 9.952 108.651 -108.023 58.37
55.409 0.32 29.485 12.112 112.332 -107.977 59.554
55.584 0.214 29.207 12.92 113.863 -107.931 60.734
55.757 0.206 29.946 13.46 114.203 -107.894 61.895
55.931 0.114 30.222 13.729 114.431 -107.866 63.027
56.104 -1.16 29.392 11.841 111.943 -107.957 63.945
56.281 -0.801 29.853 11.571 111.186 -108.13 64.865
56.455 -0.786 29.946 10.762 109.767 -108.268 65.738
56.631 -0.595 29.669 10.493 109.477 -108.39 66.606
56.806 0.732 29.3 11.571 111.55 -108.378 67.642
56.982 -0.839 29.853 11.571 111.186 -108.387 68.477
57.154 0.969 29.946 12.92 113.337 -108.376 69.536
57.328 -1.099 29.392 10.762 110.11 -108.388 70.282
57.500 -0.107 29.761 11.302 110.795 -108.491 71.133
57.676 -1.114 29.853 11.032 110.281 -108.599 71.845
57.849 -0.023 30.13 9.145 106.884 -108.697 72.592
58.025 0.252 29.207 10.762 110.227 -108.677 73.42
58.197 -0.29 28.838 12.38 113.234 -108.68 74.231
58.373 0.145 29.853 11.032 110.281 -108.693 75.015
58.546 -0.618 29.485 11.032 110.514 -108.734 75.702
58.723 -0.183 29.761 12.92 113.467 -108.805 76.481
58.897 -0.435 29.669 9.952 108.543 -108.859 77.117
59.076 0.458 29.207 9.684 108.344 -108.856 77.834
59.252 0.069 29.577 12.38 112.713 -108.81 78.581
59.430 -0.587 30.038 11.571 111.067 -108.856 79.207
59.605 -0.359 29.669 12.112 112.207 -108.939 79.867
59.781 -0.267 29.853 12.651 112.966 -108.994 80.537
59.956 -1.373 30.592 9.952 108.02 -109.138 80.973
60.132 0.618 30.222 9.952 108.227 -109.204 81.621
