time gyroz magX magY yaw_mag yaw_gyro yaw_cf yaw_kf
0.365 -0.168 20.842 20.711 -44.819 -0.229 -13.606 -44.94
1.431 -0.32 21.326 19.97 -43.119 -0.778 -13.48 -44.376
2.494 -0.229 20.52 20.341 -44.749 -0.8 -13.985 -44.518
3.558 -0.244 20.358 21.081 -46.0 -1.112 -14.578 -44.749
4.622 -0.229 20.52 20.525 -45.007 -1.287 -14.403 -44.841
5.686 -0.191 20.358 21.267 -46.251 -1.277 -14.769 -45.054
6.750 -0.29 21.164 20.341 -43.864 -2.247 -14.732 -44.768
7.814 -0.183 20.842 21.267 -45.578 -1.613 -14.802 -44.947
8.879 -0.16 20.681 21.267 -45.8 -1.581 -14.847 -45.055
9.949 -0.282 20.358 20.711 -45.492 -3.088 -15.809 -45.133
11.015 -0.259 20.358 21.637 -46.744 -3.112 -16.202 -45.307
