time gyroz magX magY yaw_mag yaw_gyro yaw_cf yaw_kf
0.241 -0.183 64.112 3.148 -2.811 -0.044 -0.874 -2.5
0.332 -0.061 66.289 3.148 -2.719 -0.203 -0.958 -2.607
0.424 -0.153 -5.036 -24.863 101.45 -0.126 30.347 29.459
0.515 -0.298 67.106 3.298 -2.814 -0.306 -1.058 21.829
0.609 -0.267 63.839 2.696 -2.418 -0.461 -1.048 17.173
0.703 -0.313 67.922 1.641 -1.384 -0.487 -0.756 14.16
0.796 -0.267 -5.036 -24.863 101.45 -0.526 30.067 26.228
0.887 -0.191 66.562 3.298 -2.837 -0.436 -1.156 22.661
0.980 -0.145 67.106 3.298 -2.814 -0.333 -1.077 19.864
1.071 -0.229 -5.036 -24.863 101.45 -0.39 30.162 27.873
1.161 -0.229 64.657 2.545 -2.254 -0.495 -1.023 25.141
1.254 -0.29 63.023 2.846 -2.586 -0.593 -1.191 22.814
1.345 -0.32 64.657 4.653 -4.116 -0.72 -1.739 20.711
1.436 -0.259 -5.036 -24.863 101.45 -0.692 29.951 26.452
1.526 -0.191 64.384 2.997 -2.665 -0.55 -1.184 24.476
1.617 -0.191 64.657 2.846 -2.52 -0.5 -1.106 22.746
1.709 -0.252 -5.036 -24.863 101.45 -0.622 30.0 27.409
1.799 -0.183 64.112 4.653 -4.151 -0.581 -1.652 25.601
1.891 -0.191 65.473 2.696 -2.358 -0.544 -1.088 24.069
1.983 -0.252 64.928 2.997 -2.643 -0.691 -1.277 22.662
2.074 -0.175 -5.036 -24.863 101.45 -0.615 30.004 26.511
2.164 -0.259 64.657 3.148 -2.787 -0.735 -1.351 25.098
2.255 -0.237 64.657 2.846 -2.52 -0.793 -1.311 23.814
2.346 -0.244 64.112 3.148 -2.811 -0.809 -1.41 22.615
2.437 -0.237 -5.036 -24.863 101.45 -0.822 29.86 25.909
2.527 -0.328 66.833 4.051 -3.469 -1.066 -1.787 24.673
2.619 -0.221 65.473 3.298 -2.884 -0.907 -1.5 23.552
2.711 -0.183 -5.036 -24.863 101.45 -0.717 29.933 26.511
2.801 -0.229 64.384 2.696 -2.398 -0.824 -1.296 25.407
2.892 -0.267 63.023 3.449 -3.132 -1.001 -1.64 24.338
2.983 -0.153 67.922 2.244 -1.892 -0.723 -1.074 23.385
3.074 -0.206 -5.036 -24.863 101.45 -0.786 29.885 26.043
3.164 -0.175 64.928 2.997 -2.643 -0.76 -1.325 25.054
3.255 -0.198 67.378 4.352 -3.696 -0.819 -1.682 24.081
3.346 -0.229 -5.036 -24.863 101.45 -0.964 29.76 26.538
3.436 -0.221 66.017 2.093 -1.816 -0.988 -1.236 25.619
3.527 -0.244 65.2 2.846 -2.499 -1.082 -1.507 24.719
3.619 -0.259 66.017 3.6 -3.121 -1.181 -1.763 23.84
3.711 -0.244 -5.036 -24.863 101.45 -1.164 29.62 26.114
3.801 -0.267 65.473 2.696 -2.358 -1.259 -1.589 25.25
3.892 -0.168 66.833 2.545 -2.181 -0.921 -1.299 24.435
3.983 -0.32 -5.036 -24.863 101.45 -1.443 29.425 26.574
4.073 -0.259 64.657 1.34 -1.187 -1.375 -1.319 25.77
4.167 -0.259 62.75 3.298 -3.009 -1.338 -1.839 24.946
4.260 -0.313 63.023 1.943 -1.766 -1.592 -1.644 24.18
4.354 -0.175 -5.036 -24.863 101.45 -1.075 29.682 26.218
4.444 -0.343 65.2 4.051 -3.555 -1.699 -2.256 25.392
4.535 -0.198 64.384 2.093 -1.862 -1.241 -1.427 24.652
4.627 -0.191 65.473 4.202 -3.672 -1.082 -1.859 23.89
4.720 -0.298 -5.036 -24.863 101.45 -1.598 29.316 25.825
4.810 -0.252 66.289 2.545 -2.199 -1.51 -1.717 25.086
4.902 -0.282 64.657 2.846 -2.52 -1.634 -1.9 24.359
4.994 -0.198 -5.036 -24.863 101.45 -1.271 29.545 26.233
5.084 -0.214 65.2 1.641 -1.442 -1.286 -1.333 25.528
5.175 -0.244 65.473 2.997 -2.621 -1.477 -1.82 24.812
5.266 -0.229 64.384 2.093 -1.862 -1.45 -1.574 24.137
