time gyroz magX magY yaw_mag yaw_gyro yaw_cf yaw_kf
0.335 4.456 31.33 23.98 127.43 124.568 126.911
0.518 -15.518 30.776 25.598 129.752 116.53 127.554
0.700 -70.9 29.577 28.565 134.003 66.9 125.211
0.879 -82.359 30.869 31.802 135.853 -5.494 121.188
1.056 -85.251 32.53 33.421 135.774 -95.519 116.131
1.236 -82.832 35.114 28.565 129.128 -17.899 109.727
1.420 -80.841 35.483 31.802 131.869 -132.693 103.881
1.605 -79.498 38.251 30.183 128.276 -80.287 97.63
1.789 -72.144 38.436 26.407 124.491 -29.353 91.54
1.974 -73.692 39.912 18.855 115.287 -174.821 84.571
2.161 -76.271 40.835 19.934 116.02 -159.643 77.744
2.342 -81.917 42.681 12.38 106.175 -171.493 69.876
2.521 -79.3 41.85 8.335 101.264 168.592 62.082
2.698 -84.282 43.327 0.242 90.32 -58.801 53.398
2.874 -81.032 41.296 -2.994 85.853 -111.687 44.966
3.048 -81.734 38.897 -2.455 86.389 179.188 36.81
3.221 -85.037 37.144 -4.343 83.331 -94.716 28.462
3.396 -85.129 35.483 -3.265 84.743 156.186 20.408
3.572 -86.51 32.438 -0.837 88.522 -152.828 12.633
3.747 -80.048 29.023 1.051 92.074 87.232 5.691
3.922 -82.115 28.285 2.67 95.393 -54.823 -1.135
4.096 -83.282 27.823 4.018 98.217 144.054 -7.832
4.269 -78.316 27.085 10.493 111.177 -10.277 -13.466
4.442 -77.82 26.901 12.651 115.187 -175.953 -18.856
4.616 -78.278 28.377 9.952 109.326 2.716 -24.514
4.788 -72.792 30.222 11.571 110.95 -165.812 -29.611
4.964 -77.339 29.577 18.315 121.767 -9.723 -34.624
5.144 -76.515 28.654 26.407 132.663 136.684 -39.144
5.327 -85.32 29.853 30.454 135.571 -137.816 -44.333
5.505 -90.805 33.729 30.454 132.079 -97.698 -50.157
5.681 -79.514 33.637 30.183 131.902 -9.417 -55.022
5.865 -80.36 35.483 28.565 128.835 59.272 -60.068
6.047 -75.691 36.682 28.835 128.17 141.569 -64.71
6.230 -72.426 37.328 24.249 123.009 -129.645 -69.208
6.412 -74.226 39.266 24.519 121.982 -65.582 -73.866
6.596 -78.987 40.558 21.282 117.687 -46.58 -79.06
6.781 -77.354 41.573 15.079 109.936 -31.117 -84.309
6.962 -77.713 42.311 12.92 106.98 -32.155 -89.631
7.141 -82.443 42.496 2.67 93.595 -80.88 -95.74
7.318 -86.426 41.85 -2.994 85.908 -173.345 -102.385
7.493 -83.397 40.558 -5.152 82.761 101.761 -108.766
7.667 -76.996 38.343 -5.152 82.347 51.433 -114.476
7.844 -82.268 36.867 -6.771 79.593 -53.877 -120.682
8.022 -83.42 33.637 -7.041 78.177 176.928 -126.961
8.199 -82.092 32.253 -3.533 83.749 43.856 -132.883
8.375 -82.458 29.3 -1.376 87.311 -106.73 -138.673
8.550 -84.709 26.993 5.907 102.344 69.008 -144.218
8.724 -78.232 26.439 4.827 100.347 -73.488 -149.127
8.898 -78.773 27.362 6.985 104.321 125.59 -153.926
9.072 -79.254 26.531 9.952 110.561 -53.402 -158.557
9.245 -72.304 29.392 10.762 110.11 178.148 -162.456
9.421 -68.81 31.791 19.934 122.089 69.889 -165.65
9.603 -71.365 29.3 25.598 131.142 -75.429 -168.826
9.786 -76.843 28.008 25.058 131.818 72.585 -172.499
9.963 -79.781 31.053 25.868 129.795 177.727 -176.486
10.139 -75.874 32.622 27.757 130.393 -51.559 -180.03
10.317 -74.57 35.021 27.216 127.852 79.102 -183.466
10.500 -78.323 35.114 26.947 127.503 156.711 -187.256
10.685 -73.524 37.052 28.835 127.891 -88.893 -190.508
10.866 -72.09 38.251 26.407 124.62 27.777 -193.648
11.047 -73.334 39.543 23.171 120.369 117.656 -196.973
11.231 -72.586 40.189 18.585 114.818 -157.557 -200.305
11.416 -73.303 41.573 21.552 117.403 -94.384 -203.606
11.598 -82.306 42.219 13.729 108.014 -148.969 -208.013
11.778 -83.832 42.958 8.874 101.672 123.658 -212.68
11.956 -79.742 42.589 -4.613 83.818 70.263 -217.274
12.132 -87.601 40.835 -6.501 80.954 -92.512 -222.696
12.313 -78.186 39.266 -8.929 77.189 -155.216 -227.155
12.491 -77.957 36.682 -7.31 78.73 131.023 -231.49
12.670 -82.565 36.037 -8.119 77.303 -15.076 -236.278
12.848 -89.317 33.268 -8.119 76.285 97.379 -241.739
13.027 -75.722 31.33 -4.613 81.624 10.949 -245.584
13.204 -80.887 26.808 1.051 92.245 -157.083 -249.68
13.380 -82.329 26.162 6.716 104.397 1.355 -253.609
13.557 -80.75 25.978 11.571 114.009 166.627 -257.112
13.733 -77.415 26.162 16.427 122.125 3.487 -260.038
13.909 -77.858 29.485 18.585 122.224 -179.44 -262.964
14.085 -74.829 31.33 18.585 120.676 26.594 -265.555
14.257 -68.993 28.1 19.934 125.352 -57.039 -267.375
14.429 -80.948 28.377 23.44 129.557 34.962 -270.344
14.601 -85.167 31.884 27.757 131.042 51.439 -273.699
14.776 -80.063 32.16 28.565 131.612 128.428 -276.459
14.953 -78.331 33.268 26.947 129.007 -142.855 -279.05
15.131 -79.14 36.406 26.947 126.508 -80.322 -281.742
15.311 -77.988 36.498 27.757 127.253 -14.396 -284.255
15.491 -77.408 37.882 26.407 124.88 46.477 -286.716
15.670 -75.768 39.543 24.79 122.084 119.192 -289.017
15.851 -81.429 40.374 20.204 116.584 88.461 -292.006
16.035 -81.581 40.743 17.505 113.251 40.31 -295.04
16.217 -80.07 42.404 15.348 109.898 1.815 -297.937
16.397 -84.358 43.696 6.177 98.046 -121.403 -301.502
16.575 -82.855 42.681 -1.646 87.791 125.275 -305.068
16.752 -78.255 39.266 -10.008 75.701 74.347 -308.331
16.928 -84.381 36.959 -8.119 77.61 -94.055 -312.165
17.107 -84.93 36.867 -9.469 75.595 73.047 -316.045
17.287 -78.941 34.375 -8.66 75.86 -31.606 -319.211
17.465 -83.076 33.637 -9.199 74.705 137.472 -322.796
17.644 -85.93 30.869 -4.883 81.011 -118.677 -326.507
17.821 -78.636 28.838 -0.566 88.876 99.951 -329.21
17.997 -72.975 27.085 6.177 102.847 46.62 -330.957
18.173 -80.612 25.332 16.157 122.53 -158.342 -333.091
18.348 -74.753 25.7 17.237 123.85 90.09 -334.522
18.525 -74.6 30.407 15.887 117.586 -31.875 -336.026
18.699 -76.92 28.838 12.38 113.234 149.798 -337.835
18.872 -76.63 28.1 19.394 124.613 -36.363 -339.344
19.048 -81.65 29.577 24.249 129.347 28.368 -341.276
19.223 -80.551 30.961 27.757 131.877 99.936 -343.008
19.396 -74.257 32.806 27.216 129.679 -80.353 -344.065
19.575 -75.661 34.56 28.565 129.575 58.583 -345.25
19.757 -74.432 35.483 29.105 129.36 -151.97 -346.275
19.940 -76.111 36.682 29.374 128.687 -49.623 -347.471
20.120 -70.938 37.605 22.362 120.738 143.104 -348.232
20.298 -72.968 39.451 22.901 120.135 -78.0 -349.199
20.478 -78.323 41.02 21.552 117.718 -61.898 -350.776
20.664 -75.302 40.927 12.651 107.177 2.061 -352.206
20.847 -73.257 42.311 12.92 106.98 94.872 -353.386
21.028 -76.714 42.404 11.571 105.263 101.73 -354.951
21.207 -78.148 42.404 -0.297 89.599 64.445 -356.959
21.384 -77.728 41.204 -6.501 81.034 22.309 -359.059
21.560 -78.4 37.697 -11.896 72.486 -47.995 -361.37
21.739 -72.845 36.867 -11.627 72.496 -11.572 -363.03
21.920 -75.333 34.283 -11.627 71.266 -42.871 -364.949
22.100 -79.666 33.545 -12.166 70.065 176.51 -367.333
22.280 -81.566 32.714 -12.436 69.186 -20.78 -369.906
22.459 -76.172 29.577 -4.343 81.647 -111.527 -371.6
22.636 -78.056 28.285 -0.027 89.945 101.597 -373.301
22.812 -77.332 25.055 11.571 114.789 -42.501 -374.396
22.989 -79.14 24.87 14.809 120.772 118.15 -375.55
23.167 -78.27 27.546 18.855 124.391 -75.131 -376.517
23.344 -74.387 28.746 15.348 118.099 168.379 -377.163
23.518 -74.005 29.207 19.934 124.314 47.929 -377.622
23.694 -83.069 28.746 24.519 130.463 59.692 -378.942
23.869 -80.254 31.237 28.026 131.899 124.109 -379.909
24.042 -73.647 32.345 27.487 130.358 -26.512 -380.165
24.218 -79.796 34.56 31.263 132.133 20.988 -381.048
24.395 -74.982 34.56 30.724 131.637 171.802 -381.398
24.580 -72.075 37.144 27.487 126.502 20.198 -381.515
24.761 -77.499 37.144 29.105 128.081 81.245 -382.184
24.939 -83.389 39.82 23.44 120.483 -18.393 -383.643
25.121 -78.445 39.543 20.473 117.372 -9.01 -384.603
25.299 -77.354 41.481 15.887 110.957 14.011 -385.555
25.480 -80.33 42.404 13.19 107.279 -52.797 -386.89
25.662 -77.461 41.758 9.684 103.057 -60.601 -387.973
25.841 -78.529 42.865 -0.027 89.964 -109.869 -389.414
26.019 -83.298 40.743 -9.469 76.916 62.8 -391.616
26.196 -84.579 38.897 -9.469 76.318 -172.831 -393.944
26.376 -74.883 35.667 -12.436 70.778 -167.945 -395.283
26.558 -81.612 34.652 -10.547 73.071 4.604 -397.287
26.739 -81.39 33.083 -11.357 71.053 168.317 -399.277
26.919 -80.246 31.791 -12.436 68.636 -11.825 -401.158
27.098 -81.375 30.407 -10.547 70.87 123.075 -403.088
27.275 -76.79 27.916 4.288 98.733 8.628 -403.927
27.452 -78.43 25.147 8.065 107.782 -164.432 -404.746
27.629 -84.373 26.901 15.887 120.565 -155.574 -405.949
27.807 -81.886 28.562 13.729 115.672 -92.578 -406.962
27.982 -73.997 28.654 12.92 114.27 176.838 -407.115
28.155 -79.796 28.931 21.823 127.028 -89.818 -407.639
28.330 -82.237 30.13 24.249 128.828 -79.592 -408.386
28.504 -78.857 30.961 26.677 130.749 12.668 -408.712
28.684 -74.448 33.268 25.868 127.867 -142.798 -408.597
28.863 -77.53 34.283 27.757 128.995 -40.546 -408.79
29.044 -77.454 36.313 27.216 126.851 49.88 -409.008
29.226 -80.215 36.867 27.757 126.976 45.516 -409.519
29.405 -77.049 38.343 22.362 120.251 119.89 -409.806
29.582 -76.462 39.727 21.013 117.876 -162.009 -410.064
29.760 -80.009 40.281 18.315 114.45 156.923 -410.771
29.941 -81.276 41.112 14.269 109.141 63.438 -411.712
30.124 -77.217 41.389 15.079 110.018 77.353 -412.174
30.305 -77.957 43.142 5.098 96.739 54.866 -412.968
30.484 -79.384 43.512 -0.837 88.898 -25.076 -414.059
30.662 -80.04 39.082 -10.008 75.637 -139.262 -415.467
30.838 -81.116 37.975 -11.627 72.977 59.283 -417.024
31.018 -78.102 36.406 -12.975 70.384 -23.285 -418.275
31.200 -73.28 33.822 -11.896 70.622 30.379 -418.963
