time gyroz magX magY yaw_mag yaw_gyro yaw_cf yaw_kf
0.393 -0.252 70.645 6.461 -5.226 -0.099 -1.637 -5.18
0.635 -0.206 70.101 4.653 -3.797 -0.383 -1.407 -4.583
0.877 0.687 72.279 5.858 -4.634 0.396 -1.113 -4.57
1.121 -0.244 69.283 8.117 -6.682 0.413 -1.716 -5.079
1.360 -0.275 70.372 6.611 -5.367 -0.618 -2.043 -5.152
1.599 -0.267 70.372 5.105 -4.149 -0.702 -1.736 -5.012
1.838 -0.244 71.19 6.159 -4.945 -0.715 -1.984 -5.025
2.078 -0.221 69.556 6.461 -5.307 -0.703 -2.084 -5.082
2.318 -0.221 69.556 4.954 -4.074 -0.733 -1.735 -4.996
2.559 -0.206 70.372 6.913 -5.61 -0.748 -2.207 -5.08
