time gyroz magX magY yaw_mag yaw_gyro yaw_cf yaw_kf
0.321 -0.275 28.759 11.31 111.468 112.127 111.59
0.495 -1.846 28.398 11.31 111.716 -0.185 111.545
0.667 2.831 28.489 12.135 113.072 -0.1 112.129
0.840 -0.015 28.218 10.761 110.874 0.144 111.845
1.011 -0.816 28.579 9.662 108.679 0.073 111.198
1.184 -1.175 28.489 11.584 112.127 -0.1 111.268
1.356 -1.213 28.308 13.233 115.054 -0.305 111.697
1.529 -1.038 28.849 12.684 113.734 -0.5 111.85
1.702 -0.343 29.209 9.937 108.788 -0.619 111.463
1.876 -0.671 28.398 15.157 118.09 -0.707 112.04
2.048 -0.969 28.489 12.135 113.072 -0.848 112.033
2.222 -0.816 28.939 11.86 112.285 -1.004 111.961
2.393 -1.022 28.579 10.211 109.661 -1.161 111.674
2.569 -0.603 28.038 12.409 113.873 -1.304 111.748
2.741 -0.229 28.669 11.584 112.002 -1.375 111.709
2.915 0.298 28.038 8.562 106.981 -1.369 111.397
3.087 -0.587 29.12 12.959 113.99 -1.394 111.475
3.262 0.412 29.12 11.31 111.226 -1.409 111.461
3.433 -0.725 28.579 10.761 110.633 -1.436 111.333
3.607 0.092 28.849 11.584 111.877 -1.491 111.34
3.779 -0.053 28.308 14.333 116.854 -1.488 111.581
3.952 0.648 28.939 10.211 109.435 -1.436 111.509
4.124 -1.297 28.038 11.86 112.928 -1.492 111.449
4.296 0.343 29.209 11.035 110.696 -1.574 111.422
4.468 -1.282 28.128 9.386 108.453 -1.655 111.17
4.642 0.557 28.398 10.761 110.753 -1.718 111.176
4.814 -1.701 28.669 10.486 110.091 -1.817 110.97
4.989 -0.481 28.759 12.959 114.257 -2.007 111.03
5.161 -1.038 28.128 12.684 114.272 -2.138 111.036
5.335 -0.473 29.39 12.684 113.344 -2.27 111.053
5.506 -0.526 28.218 12.409 113.738 -2.355 111.075
