time gyroz magX magY yaw_mag yaw_gyro yaw_cf yaw_kf
0.328 -0.267 18.654 19.054 -45.608 -42.135 -44.968
0.504 -1.404 18.654 19.436 -46.176 -42.106 -45.585
0.682 -0.168 20.335 19.82 -44.265 -42.017 -45.226
0.861 -0.183 20.503 17.714 -40.826 -41.933 -44.232
1.034 -0.29 19.495 18.096 -42.869 -41.863 -44.019
1.210 -0.252 19.495 16.947 -41.0 -41.793 -43.578
1.384 -0.191 20.167 16.565 -39.399 -41.719 -43.037
1.560 -0.168 19.495 19.246 -44.632 -41.645 -43.267
1.733 -0.305 19.999 20.203 -45.291 -41.598 -43.531
1.910 -0.29 19.663 17.905 -42.321 -41.553 -43.454
2.085 -0.267 19.663 18.671 -43.518 -41.509 -43.501
2.260 -0.259 20.671 18.671 -42.09 -41.468 -43.425
2.435 -0.275 18.654 17.522 -43.208 -41.435 -43.449
2.610 -0.29 19.159 20.395 -46.79 -41.411 -43.73
2.783 8.995 17.814 19.628 -47.774 -38.808 -43.346
2.969 -12.291 18.99 17.905 -43.316 -42.357 -44.247
3.144 -15.64 18.654 20.203 -47.283 -47.174 -45.666
3.320 -38.719 16.805 18.863 -48.302 -59.929 -48.934
3.500 -40.092 16.469 19.246 -49.446 -73.861 -52.404
3.691 -41.512 18.318 20.203 -47.801 -89.083 -55.923
3.871 -46.898 21.511 23.076 -47.01 -107.137 -59.863
4.057 -49.835 25.209 24.224 -43.858 -127.255 -63.924
4.237 -54.451 27.394 24.799 -42.154 -150.226 -68.328
4.421 -44.365 30.922 26.522 -40.62 -169.74 -71.882
4.599 -49.072 31.427 27.863 -41.56 -12.208 -75.894
4.780 -40.329 32.772 27.48 -39.981 -31.385 -79.134
4.957 -30.235 33.276 29.203 -41.27 -46.272 -81.578
5.143 4.585 33.443 29.395 -41.314 -43.814 -81.032
5.329 34.019 31.763 30.543 -43.878 -25.585 -77.971
5.517 45.609 32.436 29.395 -42.184 -0.323 -73.727
5.692 50.858 29.915 28.437 -43.549 28.725 -68.96
5.883 49.271 29.41 25.565 -40.999 57.811 -64.141
6.059 47.691 26.721 25.565 -43.733 86.807 -59.476
6.242 44.571 24.368 22.501 -42.719 114.728 -54.993
6.425 36.263 20.335 23.267 -48.847 138.127 -51.414
6.614 33.386 21.68 21.352 -44.563 160.309 -47.93
6.792 40.794 21.511 22.309 -46.043 8.116 -43.797
6.972 31.052 20.839 19.628 -43.286 29.865 -40.464
7.150 20.79 21.343 19.054 -41.757 44.83 -38.047
7.322 20.737 21.175 18.863 -41.695 60.114 -35.658
7.493 4.99 19.831 19.628 -44.705 63.953 -34.87
7.668 -2.678 20.335 18.671 -42.557 62.0 -34.792
7.840 5.089 20.839 18.479 -41.565 66.09 -33.996
8.013 -7.347 20.671 17.905 -40.899 60.303 -34.415
8.184 -20.92 20.167 18.479 -42.499 43.282 -36.241
8.356 -32.089 19.495 19.628 -45.195 16.568 -39.282
8.528 -39.49 19.495 19.628 -45.195 -17.009 -43.107
8.710 -41.496 20.167 21.927 -47.394 -53.052 -47.243
8.897 -45.464 22.183 21.16 -43.648 -93.401 -51.72
9.086 -34.447 24.368 24.033 -44.603 -124.6 -55.171
9.257 -4.356 30.755 25.182 -39.31 -128.532 -55.512
9.454 -54.649 27.898 24.99 -41.853 -0.097 -60.932
9.637 -59.425 25.545 25.757 -45.237 -57.265 -66.949
9.828 -49.355 28.066 27.48 -44.396 -105.671 -71.955
10.003 -41.588 30.251 29.586 -44.363 -147.171 -76.178
10.182 -13.313 29.915 28.821 -43.933 -160.626 -77.509
10.357 -1.03 29.915 28.437 -43.549 -161.593 -77.539
10.540 28.694 30.922 28.821 -42.986 -131.25 -74.468
10.727 56.77 27.561 26.905 -44.31 -70.253 -68.481
10.902 66.307 28.401 25.948 -42.416 2.135 -61.391
11.079 78.323 27.561 25.757 -43.062 89.009 -53.007
11.256 62.431 22.52 24.608 -47.537 159.381 -46.313
11.454 70.969 20.503 22.692 -47.901 60.769 -38.708
11.633 32.356 19.159 18.479 -43.965 98.509 -35.009
11.834 23.438 18.99 19.054 -45.096 126.346 -32.283
12.005 16.418 20.839 18.863 -42.151 146.156 -30.252
12.179 8.011 21.007 18.288 -41.042 156.013 -29.112
12.351 8.064 21.343 17.905 -39.994 166.073 -27.982
12.523 -1.961 21.343 18.671 -41.18 163.717 -27.973
12.695 -0.061 18.99 17.905 -43.316 163.74 -27.852
12.872 -0.313 19.159 18.096 -43.366 163.437 -27.794
13.046 -0.275 21.343 17.905 -39.994 163.178 -27.69
13.219 -0.175 21.007 18.671 -41.631 163.047 -27.642
13.392 -0.267 19.999 18.671 -43.033 162.789 -27.662
13.567 -0.267 21.847 17.714 -39.036 162.527 -27.619
13.741 -0.282 19.999 19.054 -43.614 162.24 -27.7
13.917 -0.191 21.007 17.905 -40.442 162.074 -27.723
14.091 -0.32 19.999 19.054 -43.614 161.723 -27.846
14.272 -0.259 20.335 19.054 -43.137 161.453 -27.969
14.449 -0.237 20.503 18.096 -41.432 161.211 -28.067
14.629 -0.29 21.343 17.905 -39.994 160.887 -28.153
14.807 -0.221 21.175 15.798 -36.725 160.66 -28.177
14.983 -0.244 18.823 18.096 -43.872 160.394 -28.365
15.156 -0.206 19.999 18.288 -42.441 160.182 -28.528
15.332 -0.336 20.671 17.905 -40.899 159.767 -28.681
15.506 -0.252 20.167 17.714 -41.295 159.476 -28.841
15.684 -0.237 20.167 17.33 -40.673 159.204 -28.993
15.859 -0.313 22.016 17.905 -39.12 158.808 -29.127
16.036 -0.267 21.847 18.863 -40.808 158.48 -29.297
16.210 -0.381 20.335 17.522 -40.75 157.962 -29.483
16.391 -0.191 21.343 17.522 -39.385 157.749 -29.623
16.566 -0.267 21.343 17.139 -38.765 157.407 -29.763
16.743 -0.237 20.335 16.756 -39.488 157.11 -29.918
