time gyroz magX magY yaw_mag yaw_gyro yaw_cf yaw_kf
0.399 -0.351 61.934 5.256 -4.851 -0.14 -2.967 -4.986
0.637 -0.313 60.028 5.406 -5.146 -0.55 -3.308 -5.084
0.877 1.076 60.3 6.461 -6.116 0.631 -3.417 -5.356
1.119 -0.443 63.567 4.051 -3.646 0.58 -1.956 -4.973
1.365 -0.32 59.755 4.352 -4.166 -0.88 -2.852 -4.839
1.608 -0.343 61.389 4.051 -3.775 -0.872 -2.614 -4.695
1.854 -0.404 61.116 4.202 -3.933 -1.092 -2.797 -4.624
2.101 -0.328 58.939 6.009 -5.821 -1.093 -3.93 -4.803
2.347 -0.282 59.211 3.75 -3.624 -0.99 -2.57 -4.706
2.592 -0.259 61.389 4.954 -4.614 -0.953 -3.15 -4.727
2.833 -0.351 60.572 4.502 -4.251 -1.253 -3.052 -4.723
3.073 -0.244 60.028 5.708 -5.432 -1.101 -3.7 -4.813
3.547 -0.259 61.661 5.708 -5.289 -1.163 -3.639 -4.883
3.795 -0.252 59.755 6.159 -5.885 -1.215 -4.017 -4.988
4.038 -0.298 61.389 4.653 -4.334 -1.455 -3.182 -4.981
4.280 -0.305 60.3 6.159 -5.832 -1.603 -4.14 -5.073
4.523 -0.267 60.845 4.954 -4.655 -1.513 -3.398 -5.084
4.762 -0.252 61.116 5.406 -5.055 -1.467 -3.62 -5.118
