time gyroz magX magY yaw_mag yaw_gyro yaw_cf yaw_kf
0.394 -0.16 62.21 6.31 -5.792 -0.063 -4.36 -5.661
0.633 -0.336 58.67 6.46 -6.283 -0.373 -4.806 -5.96
0.876 3.7 61.12 7.21 -6.728 2.905 -4.32 -5.996
1.124 -0.313 60.84 4.35 -4.09 3.348 -2.23 -5.509
1.373 -0.237 60.03 5.71 -5.434 -0.638 -4.235 -5.468
1.611 0.732 60.3 5.86 -5.551 0.942 -3.928 -5.402
1.855 -5.699 61.66 6.01 -5.567 -9.84 -6.635 -5.776
2.102 0.221 60.03 5.41 -5.15 -5.234 -5.171 -5.709
2.345 -0.275 59.48 5.11 -4.91 -0.424 -3.788 -5.66
2.583 0.694 62.21 4.8 -4.412 1.518 -2.93 -5.507
2.828 0.244 59.76 5.56 -5.315 1.384 -3.64 -5.484
3.070 -0.282 58.94 6.01 -5.822 -0.622 -4.522 -5.542
3.311 -0.793 61.39 6.16 -5.73 -2.908 -5.025 -5.624
3.553 2.304 61.39 4.95 -4.61 7.393 -1.609 -5.394
3.794 -9.125 59.21 5.26 -5.077 -32.316 -11.887 -6.058
4.034 -6.424 61.12 5.41 -5.058 -35.039 -12.553 -6.533
4.276 -3.548 63.84 5.71 -5.111 -21.595 -9.232 -6.8
4.517 -44.739 62.48 6.16 -5.631 -25.634 -10.632 -10.295
4.759 -40.779 67.92 7.36 -6.185 -58.806 -19.34 -13.577
5.000 -69.557 71.19 11.28 -9.004 151.436 31.106 -19.328
5.246 -106.125 84.53 12.03 -8.1 -86.289 -27.647 -28.031
5.488 -94.955 94.87 13.24 -7.945 -87.238 -27.768 -35.947
5.729 -124.382 103.31 11.28 -6.231 92.461 18.442 -46.268
5.969 -132.957 110.66 6.01 -3.109 -18.002 -6.832 -57.278
6.210 -75.119 107.12 -3.78 2.021 -59.446 -13.346 -63.383
6.453 -108.101 110.12 -6.94 3.606 127.305 34.531 -72.207
6.692 -97.832 97.6 -11.46 6.697 137.207 39.324 -80.107
6.933 -119.438 85.62 -12.06 8.018 -25.896 -0.46 -89.844
7.174 -39.169 83.71 -11.31 7.695 139.564 40.662 -92.737
7.409 -43.541 82.62 -10.71 7.386 178.236 50.098 -95.943
7.651 -69.862 78.81 -8.6 6.228 -38.055 -4.843 -101.433
7.890 -30.731 69.83 -6.34 5.188 -132.33 -29.192 -103.474
8.131 1.144 70.92 -5.74 4.627 -21.429 -1.887 -102.604
8.370 -14.503 74.18 -4.83 3.725 -120.246 -27.268 -103.042
8.611 -9.018 75.27 -1.82 1.385 -92.157 -22.0 -102.97
8.852 8.24 75.54 -1.07 0.812 63.922 16.59 -101.249
9.095 -48.172 75.54 0.74 -0.561 110.116 27.108 -104.653
9.333 -30.426 72.28 0.74 -0.587 -152.138 -38.475 -106.402
9.571 -19.638 71.73 1.64 -1.31 -38.381 -10.578 -107.127
9.813 -15.831 66.29 1.94 -1.676 -174.988 -45.004 -107.454
10.054 -40.756 66.83 4.65 -3.98 114.408 25.617 -110.149
10.296 -34.576 63.02 4.35 -3.949 143.25 32.851 -112.24
10.535 9.415 59.48 5.41 -5.197 64.611 12.255 -110.134
10.779 3.433 53.77 4.95 -5.26 46.419 7.66 -108.527
11.023 -0.137 52.4 4.8 -5.234 1.923 -3.445 -107.203
11.264 -0.237 55.13 4.5 -4.666 -2.807 -4.201 -105.828
11.507 -0.221 54.58 5.41 -5.661 -2.78 -4.941 -104.439
11.750 -0.237 54.58 5.71 -5.972 -3.006 -5.23 -103.028
11.993 -0.206 54.31 5.56 -5.845 -2.708 -5.061 -101.584
12.245 -0.229 54.58 5.41 -5.661 -3.01 -4.998 -100.118
12.486 -0.183 54.04 5.41 -5.717 -2.514 -4.916 -98.632
12.726 -0.175 53.77 4.95 -5.26 -2.41 -4.547 -97.124
12.968 -0.198 54.58 5.11 -5.349 -2.743 -4.698 -95.613
13.210 -0.183 55.67 5.71 -5.856 -2.615 -5.046 -94.109
13.457 -0.221 55.67 4.8 -4.928 -3.157 -4.485 -92.587
