time gyroz magX magY yaw_mag yaw_gyro yaw_cf yaw_kf
0.401 -0.183 63.02 7.06 -6.392 -0.073 -4.812 -6.523
0.647 -0.107 60.03 7.51 -7.131 -0.252 -5.411 -6.805
0.894 1.205 63.02 7.97 -7.208 0.97 -5.164 -6.867
1.143 -0.229 61.66 8.72 -8.049 0.943 -5.801 -7.142
1.387 -0.137 60.84 6.76 -6.34 -0.419 -4.86 -6.988
1.631 -0.267 63.29 8.42 -7.578 -0.572 -5.826 -7.096
1.881 -0.206 61.12 7.51 -7.005 -0.654 -5.417 -7.098
2.132 -0.32 62.21 6.31 -5.792 -0.888 -4.566 -6.965
2.380 -0.206 62.48 6.76 -6.175 -0.81 -4.834 -6.9
2.626 -0.252 60.3 8.27 -7.809 -0.868 -6.074 -7.016
2.875 -0.175 63.02 8.57 -7.744 -0.755 -5.997 -7.104
3.121 -0.206 63.29 6.61 -5.962 -0.818 -4.676 -7.035
3.367 0.664 62.21 6.61 -6.065 2.03 -4.041 -6.91
3.612 -15.694 61.66 7.21 -6.669 -56.023 -19.008 -8.317
3.862 -46.349 66.83 7.97 -6.801 -14.694 -8.774 -12.665
4.111 -63.423 67.92 10.68 -8.936 -127.081 -38.472 -18.973
4.357 -78.026 73.37 13.39 -10.343 136.618 26.397 -26.963
4.599 -41.725 77.72 13.09 -9.56 -89.919 -29.65 -31.493
4.844 -29.366 80.45 14.89 -10.486 -3.974 -8.858 -34.74
5.096 -38.239 80.45 14.29 -10.072 -44.232 -18.612 -38.709
5.345 -83.458 88.34 14.14 -9.094 55.678 7.099 -47.179
5.595 -59.959 96.24 12.79 -7.57 121.071 24.59 -53.237
5.845 -59.921 101.68 12.79 -7.169 129.803 27.074 -59.214
6.084 -40.993 105.49 10.38 -5.62 -129.322 -36.546 -63.044
6.324 -45.212 112.57 5.86 -2.98 -146.914 -38.963 -67.067
6.563 -80.109 114.47 4.5 -2.251 -30.967 -9.43 -74.728
6.808 -63.927 116.92 -0.17 0.083 24.676 6.231 -80.573
7.048 -63.995 114.47 -1.52 0.761 25.036 6.83 -86.342
7.294 -70.229 108.21 -3.48 1.842 -36.245 -7.68 -92.695
7.537 -69.801 97.05 -4.53 2.672 -56.319 -12.076 -98.924
7.777 -76.775 87.25 -5.13 3.365 -126.88 -29.196 -105.847
8.016 -58.052 86.16 -4.53 3.01 -2.12 1.727 -110.639
8.257 -43.961 84.26 -3.48 2.365 118.962 31.514 -113.749
8.506 -53.009 81.53 -3.48 2.444 45.144 13.119 -117.733
8.745 -71.907 77.45 -3.03 2.24 -141.836 -33.779 -123.784
8.986 -57.213 82.35 2.09 -1.454 -46.023 -12.596 -128.253
9.226 -64.59 80.17 4.5 -3.213 -113.12 -30.69 -133.537
9.471 -42.229 84.8 8.27 -5.57 75.459 14.687 -136.264
9.712 13.725 82.9 8.72 -6.005 91.068 18.263 -132.423
9.954 3.998 81.81 8.42 -5.876 53.521 8.973 -129.445
10.195 15.35 85.89 8.57 -5.698 160.491 35.849 -125.005
10.439 17.937 88.34 6.01 -3.892 22.594 2.73 -120.096
10.678 21.927 80.45 -4.68 3.329 72.074 20.515 -114.456
10.918 -11.658 86.98 1.64 -1.08 -105.355 -27.149 -112.846
11.160 22.438 71.19 1.64 -1.32 58.75 13.698 -107.356
11.405 12.039 61.93 -3.18 2.939 159.743 42.14 -102.976
11.650 1.534 66.02 1.79 -1.553 29.91 6.313 -100.022
11.891 -58.594 66.56 5.41 -4.647 -155.207 -42.287 -104.339
12.144 46.867 68.47 10.68 -8.866 -29.441 -14.01 -96.57
12.388 64.232 57.85 -0.92 0.911 -57.427 -13.674 -86.394
12.628 -12.703 60.03 -3.93 3.746 -96.181 -21.236 -85.187
12.867 -19.882 65.74 -4.98 4.332 -88.525 -18.882 -85.013
13.107 4.395 63.57 -1.67 1.505 37.723 10.56 -82.206
13.350 -44.968 63.84 -1.82 1.633 -55.928 -12.757 -85.348
13.595 21.278 61.12 1.79 -1.678 64.306 14.818 -80.885
13.835 12.505 57.85 -4.53 4.477 14.285 6.929 -77.292
14.073 -21.767 68.47 -0.77 0.644 -113.822 -27.972 -77.916
14.314 -16.22 69.28 0.59 -0.488 -73.94 -18.851 -78.03
14.553 -2.525 69.83 0.29 -0.238 -52.966 -13.42 -76.583
14.796 1.297 63.84 1.49 -1.337 16.665 3.164 -74.736
15.036 3.792 63.02 2.24 -2.036 58.314 13.052 -72.63
15.276 -0.687 61.12 4.2 -3.931 -6.703 -4.624 -71.128
15.526 -2.998 62.21 1.19 -1.096 -47.234 -12.631 -69.874
15.767 12.779 62.21 1.79 -1.648 18.488 3.386 -66.782
16.007 -3.952 70.1 3.15 -2.573 -50.481 -14.55 -65.727
16.247 -5.333 72.55 3.6 -2.841 -90.597 -24.78 -64.902
16.489 -5.707 69.01 -5.29 4.383 -99.436 -21.572 -64.011
16.730 -37.148 65.47 -3.93 3.435 -87.193 -19.222 -66.983
16.972 -3.021 73.91 4.35 -3.368 -88.42 -24.631 -66.115
17.220 14.496 70.37 3.6 -2.929 66.6 14.453 -63.119
17.468 0.389 74.18 5.41 -4.171 21.291 2.194 -61.815
17.712 -30.113 70.1 5.86 -4.779 7.028 -1.827 -64.225
17.953 -18.173 60.3 7.67 -7.249 -176.373 -49.53 -65.34
18.193 -0.587 60.57 6.61 -6.228 -28.852 -11.884 -64.338
18.433 -0.32 62.48 6.16 -5.631 -6.486 -5.845 -63.269
18.673 -3.082 61.12 4.8 -4.49 -57.87 -17.835 -62.498
18.914 2.22 61.93 6.16 -5.68 38.907 5.467 -61.115
19.156 0.816 61.12 5.41 -5.058 17.851 0.669 -59.882
19.404 0.732 61.12 5.71 -5.337 15.02 -0.248 -58.67
19.643 0.214 61.66 5.41 -5.014 4.936 -2.527 -57.524
19.887 -0.175 62.48 5.86 -5.358 -3.266 -4.835 -56.447
20.131 -0.336 62.21 6.01 -5.518 -6.939 -5.873 -55.411
20.379 -0.214 60.57 4.2 -3.967 -4.697 -4.15 -54.347
20.620 -0.313 60.57 5.71 -5.385 -6.668 -5.706 -53.344
20.862 -0.252 62.21 5.41 -4.97 -5.57 -5.12 -52.346
21.104 -0.351 61.93 4.95 -4.57 -7.66 -5.342 -51.372
21.349 -0.191 59.48 5.11 -4.91 -4.429 -4.79 -50.406
21.593 -0.252 63.84 4.8 -4.3 -5.632 -4.633 -49.456
21.837 -0.183 61.39 6.16 -5.73 -4.248 -5.36 -48.548
22.081 -0.153 63.29 6.01 -5.425 -3.561 -4.959 -47.649
22.321 -0.191 62.75 5.71 -5.199 -4.416 -5.003 -46.77
22.562 -0.252 61.39 5.26 -4.897 -5.877 -5.142 -45.912
22.802 -0.534 63.02 5.86 -5.312 -12.428 -7.091 -45.115
23.040 -0.282 63.84 5.11 -4.576 -7.031 -5.19 -44.292
23.279 -0.206 62.75 4.8 -4.374 -5.077 -4.55 -43.475
23.518 -2.007 61.93 6.46 -5.955 -47.407 -16.318 -42.927
23.767 29.129 64.66 4.95 -4.378 150.302 34.292 -38.575
24.007 -0.526 62.21 4.2 -3.862 16.501 1.229 -37.771
24.246 -0.366 59.76 4.35 -4.163 -9.4 -5.472 -37.0
24.487 -0.259 62.75 4.5 -4.102 -6.708 -4.754 -36.253
24.727 -0.183 61.39 4.35 -4.053 -4.784 -4.236 -35.531
24.968 -5.257 59.21 3.75 -3.624 -131.44 -35.578 -35.447
25.209 -9.804 61.66 3.3 -3.064 -72.406 -20.4 -35.945
25.448 -21.301 64.66 5.56 -4.915 -11.872 -6.654 -37.924
25.690 -20.844 61.93 4.95 -4.57 -16.783 -7.623 -39.898
25.930 -0.046 63.29 6.01 -5.425 -22.037 -9.578 -39.388
26.170 -0.351 62.21 6.01 -5.518 -9.232 -6.446 -38.888
26.414 -1.602 64.11 6.76 -6.019 -42.666 -15.181 -38.53
26.657 1.106 64.11 7.67 -6.822 27.881 1.854 -37.848
26.896 -1.274 62.21 6.31 -5.792 -33.16 -12.634 -37.42
27.137 -0.603 60.84 7.06 -6.619 -17.638 -9.374 -36.927
27.378 0.908 62.21 5.41 -4.97 24.256 2.336 -36.213
27.617 -0.244 64.93 6.61 -5.813 -5.831 -5.818 -35.655
27.862 -0.313 64.66 6.76 -5.968 -8.965 -6.717 -35.113
28.103 -0.252 64.11 6.16 -5.488 -7.395 -5.965 -34.559
28.352 -0.221 60.57 5.71 -5.385 -6.518 -5.668 -34.005
28.590 -0.229 63.84 5.71 -5.111 -6.768 -5.525 -33.454
28.828 -0.198 64.11 5.26 -4.69 -5.937 -5.002 -32.899
29.068 -0.198 62.75 6.01 -5.471 -5.953 -5.592 -32.369
29.311 -0.29 63.84 6.31 -5.645 -8.698 -6.408 -31.863
29.551 -0.206 63.84 5.41 -4.844 -6.378 -5.228 -31.339
29.791 -0.214 64.38 7.82 -6.926 -6.581 -6.84 -30.869
30.031 -0.229 63.02 6.16 -5.583 -7.091 -5.96 -30.382
30.274 -0.183 60.3 7.06 -6.678 -5.769 -6.451 -29.921
30.513 -0.229 64.11 5.86 -5.223 -7.17 -5.71 -29.444
30.755 -0.175 63.02 5.56 -5.042 -5.611 -5.184 -28.967
30.997 -0.237 63.29 6.91 -6.231 -7.521 -6.554 -28.531
31.236 -0.244 64.66 7.06 -6.231 -7.859 -6.638 -28.105
