time gyroz magX magY yaw_mag yaw_gyro yaw_cf yaw_kf
0.327 -0.351 1.983 7.139 -84.764 -84.879 -85.304
0.502 0.092 1.851 9.267 -85.544 -0.305 -85.418
0.676 0.786 1.587 7.332 -86.323 0.623 -85.658
0.851 -0.412 2.644 7.719 -83.389 0.435 -85.139
1.024 -0.237 1.719 5.978 -85.554 -0.655 -85.232
1.197 -0.175 1.454 7.912 -86.531 -0.446 -85.453
1.370 -0.282 1.587 7.332 -86.323 -0.561 -85.596
1.545 -0.237 1.983 6.365 -85.452 -0.648 -85.6
1.718 -0.29 1.587 7.332 -86.251 -0.735 -85.697
1.892 -0.305 1.322 8.493 -86.876 -0.867 -85.843
2.066 -0.221 1.851 6.171 -85.713 -0.762 -85.856
2.240 -0.366 1.058 6.171 -87.45 -1.041 -86.024
2.413 -0.183 2.248 6.365 -84.194 -0.808 -85.908
2.589 -0.351 2.512 7.139 -83.379 -1.092 -85.764
2.762 -38.292 1.322 8.493 -86.814 -106.114 -88.572
2.940 -70.564 1.719 10.234 -86.128 -65.75 -93.648
3.112 -110.123 -1.058 13.91 -92.769 126.733 -101.976
3.294 -86.769 2.115 16.619 -84.593 144.06 -108.154
3.473 -54.344 3.306 17.972 -81.999 -95.506 -111.885
3.651 -23.834 7.668 20.1 -69.461 -141.362 -112.797
3.823 0.084 7.668 20.488 -69.021 -23.513 -112.028
4.001 -2.792 8.065 20.294 -68.266 -11.087 -111.484
4.181 -1.587 8.329 19.133 -65.592 -9.427 -110.782
4.364 0.862 8.197 20.488 -70.605 2.175 -110.174
4.544 6.744 8.726 19.714 -69.455 31.507 -109.118
4.727 30.64 8.197 18.94 -69.047 151.579 -106.335
4.908 68.504 6.875 17.78 -71.821 -173.142 -100.925
5.087 93.62 5.289 17.78 -76.408 4.749 -93.865
5.266 113.457 3.437 13.91 -81.603 151.085 -85.543
5.449 69.748 0.132 8.299 -89.691 -46.486 -80.688
5.621 13.664 0.132 6.751 -89.678 146.553 -79.908
5.798 20.744 2.38 5.784 -84.695 133.938 -78.427
5.972 0.298 0.661 6.751 -88.452 22.524 -78.565
6.146 -3.418 1.058 5.784 -87.345 -20.709 -78.934
6.318 -0.565 0.0 5.398 -90.0 -6.988 -79.175
6.492 -22.881 1.587 5.784 -86.101 -149.108 -80.925
6.665 -110.664 1.454 7.526 -86.598 139.543 -89.14
6.839 -173.012 3.702 12.362 -80.783 -33.893 -101.774
7.019 -180.496 8.991 15.844 -69.267 -179.913 -114.639
7.201 -89.272 15.997 16.811 -54.683 76.656 -120.395
7.375 -8.438 13.882 18.747 -59.449 -151.502 -120.36
7.547 20.912 13.222 17.005 -59.905 149.385 -118.186
7.717 -5.775 13.353 16.811 -60.414 -23.654 -118.0
7.890 0.252 13.75 17.005 -62.638 -3.787 -117.439
8.061 -3.372 13.882 18.747 -57.32 -26.93 -117.008
8.232 -1.64 12.693 17.78 -61.881 -16.872 -116.58
8.402 -2.663 14.808 16.619 -56.468 -24.015 -116.091
8.572 -0.542 14.808 17.392 -58.06 -7.309 -115.496
8.741 -0.214 14.014 18.166 -61.767 -2.413 -114.977
8.912 12.238 14.014 16.232 -58.956 108.851 -113.469
9.081 51.186 12.824 17.199 -62.329 -62.942 -109.165
9.253 102.249 11.503 16.811 -59.797 97.296 -101.014
9.432 121.315 9.784 17.78 -66.787 -13.508 -91.617
9.611 112.114 5.289 14.683 -77.447 -61.157 -83.152
9.790 69.626 6.081 13.523 -75.64 -106.247 -77.789
9.962 -5.219 3.437 11.201 -81.924 17.634 -78.13
10.134 3.403 2.248 10.621 -84.941 29.267 -77.905
10.307 3.845 1.983 8.299 -85.083 43.033 -77.651
10.479 -0.214 1.983 9.46 -85.274 1.602 -77.705
10.653 -0.183 2.248 9.46 -84.069 -2.163 -77.732
10.826 -0.298 1.587 10.427 -86.457 -3.409 -77.822
11.004 -0.359 1.454 11.008 -86.783 -4.248 -77.924
11.176 -0.16 1.983 11.008 -85.535 -2.147 -77.986
11.359 -0.168 1.851 9.267 -85.163 -2.068 -78.041
11.531 -0.374 1.454 10.621 -86.84 -4.481 -78.148
11.704 -0.267 2.248 9.847 -84.941 -3.499 -78.208
11.876 -0.313 2.248 9.847 -84.847 -3.984 -78.27
12.049 -0.298 2.644 8.88 -83.648 -3.904 -78.307
12.221 -0.351 2.248 10.621 -84.941 -4.588 -78.377
12.394 -9.262 2.248 9.46 -84.429 -115.144 -79.102
12.566 -33.707 3.041 10.234 -82.775 107.176 -81.621
12.739 -65.956 1.983 11.008 -85.535 26.08 -86.608
12.912 -98.671 3.306 13.33 -81.999 -79.996 -93.97
13.093 -108.971 5.553 17.005 -77.326 94.572 -102.01
13.272 -91.484 10.577 19.327 -66.812 -63.147 -108.531
13.449 -71.983 10.709 19.52 -65.519 -159.583 -113.569
13.628 -6.805 11.899 18.94 -62.455 -164.722 -113.668
13.809 8.904 10.974 18.747 -64.079 116.15 -112.618
13.988 3.731 10.841 17.392 -65.888 61.093 -111.985
14.169 -1.083 10.18 19.133 -67.785 -11.614 -111.743
14.349 2.838 10.709 17.586 -65.079 39.639 -111.148
14.530 21.866 9.651 17.972 -68.464 140.551 -109.188
14.709 34.653 8.858 19.908 -69.362 -8.423 -106.281
14.892 42.58 7.933 17.78 -72.189 128.754 -102.827
15.065 48.279 7.139 18.94 -72.953 -130.097 -98.955
15.240 40.413 7.536 16.811 -72.559 124.173 -95.66
15.416 33.401 6.346 18.553 -75.844 15.323 -92.952
15.594 42.519 5.156 17.586 -77.137 156.442 -89.582
15.773 55.649 6.346 16.619 -75.042 20.271 -85.185
15.957 45.006 5.024 14.297 -79.104 -126.19 -81.665
16.136 47.485 4.892 13.33 -77.775 -88.776 -77.934
16.309 36.484 4.098 11.395 -80.488 102.503 -75.085
16.480 3.555 2.512 12.169 -84.826 95.07 -74.797
16.653 0.374 3.173 9.654 -82.537 9.783 -74.71
16.825 -0.61 1.587 10.427 -86.457 -9.889 -74.778
16.998 -9.338 2.38 10.04 -84.278 -159.337 -75.465
17.169 -17.937 2.512 9.46 -83.904 -137.298 -76.797
17.342 -25.093 1.983 11.395 -85.452 86.9 -78.702
17.513 -38.849 2.512 12.555 -84.135 -165.456 -81.621
17.685 -51.216 4.098 13.716 -80.488 -44.604 -85.407
17.865 -58.922 5.024 14.297 -78.499 156.142 -89.74
18.045 -59.875 3.702 14.297 -81.141 120.634 -94.196
18.229 -56.068 6.875 16.232 -73.858 178.061 -98.23
18.409 -46.539 7.139 17.78 -71.926 -12.804 -101.51
18.584 -39.375 7.801 18.36 -72.924 121.716 -104.267
18.761 -26.611 8.858 18.36 -70.09 1.376 -106.006
18.948 4.082 9.916 17.972 -64.405 50.735 -105.321
19.136 6.905 8.197 18.166 -70.605 136.216 -104.534
19.315 25.398 8.594 17.972 -69.551 -42.533 -102.328
19.489 51.064 9.52 18.94 -68.16 120.584 -98.154
19.672 64.323 8.726 19.327 -69.069 56.426 -92.993
19.857 67.207 8.594 17.972 -69.551 138.852 -87.62
20.033 68.687 8.197 14.297 -71.304 -176.786 -82.167
20.225 59.311 7.801 13.716 -72.308 8.252 -77.442
20.401 58.945 6.081 12.362 -76.885 1.848 -72.832
20.573 37.766 4.892 12.555 -77.775 -64.095 -69.842
20.745 -3.799 3.835 10.234 -81.412 -41.044 -70.064
20.919 -23.071 4.892 10.234 -79.096 53.579 -71.707
21.090 -44.434 4.098 9.46 -80.305 -60.184 -74.994
21.263 -63.591 4.098 13.716 -80.833 -136.569 -79.745
21.434 -67.947 5.421 14.104 -77.02 100.033 -84.761
21.614 -67.963 7.139 15.844 -72.624 83.101 -89.703
21.785 -57.907 6.479 16.811 -73.332 -69.467 -93.902
21.962 -53.825 9.255 19.714 -68.322 19.988 -97.701
22.137 -43.938 8.329 19.52 -69.752 -126.481 -100.778
22.313 -33.943 10.048 17.78 -66.23 98.692 -103.034
22.494 -21.782 9.387 18.36 -68.242 16.093 -104.403
22.683 4.822 10.709 19.908 -66.352 87.595 -103.722
22.862 39.207 10.841 20.1 -64.583 1.172 -100.403
23.044 69.832 11.37 17.005 -63.972 28.416 -94.751
23.225 84.145 9.916 19.133 -65.844 44.1 -88.048
23.402 87.799 6.743 16.425 -74.585 158.817 -81.225
23.583 89.096 4.495 15.071 -80.053 -151.05 -74.402
23.770 56.297 4.627 12.943 -79.674 167.276 -70.055
23.942 12.306 5.818 8.493 -75.106 170.927 -68.96
24.115 1.915 2.908 10.815 -83.407 58.486 -68.809
24.286 1.221 1.851 10.427 -85.793 31.568 -68.76
24.459 -0.015 2.38 11.201 -84.388 0.854 -68.786
24.630 -0.328 2.777 10.621 -83.759 -8.094 -68.83
24.802 -0.237 1.322 10.427 -87.047 -6.206 -68.933
24.974 -0.328 1.058 9.654 -87.45 -8.428 -69.054
25.146 -0.191 2.512 10.621 -84.245 -5.131 -69.112
25.317 -0.313 1.322 11.201 -87.047 -8.115 -69.235
25.490 -0.153 2.644 10.427 -83.77 -4.213 -69.291
25.661 -0.29 1.19 11.395 -87.214 -7.595 -69.424
25.833 -0.275 1.983 9.847 -85.274 -7.394 -69.526
26.005 -0.244 1.454 11.395 -86.39 -6.62 -69.648
26.177 -0.198 1.983 10.234 -85.364 -5.427 -69.753
26.349 -0.275 0.793 9.267 -88.195 -7.444 -69.918
26.523 -0.267 0.925 9.073 -87.875 -7.357 -70.08
26.695 -0.153 2.777 11.395 -83.396 -4.351 -70.155
26.868 -0.221 1.851 8.493 -85.455 -6.091 -70.276
27.040 -0.298 1.587 11.201 -86.391 -8.279 -70.422
27.212 -0.191 1.719 10.621 -86.055 -5.495 -70.557
27.386 -0.252 1.058 10.04 -87.499 -7.092 -70.725
27.566 -0.359 1.322 10.04 -86.75 -10.148 -70.889
27.738 -0.191 0.529 10.04 -88.818 -5.657 -71.08
27.912 -0.267 1.454 10.621 -86.39 -7.644 -71.235
