time gyroz magX magY yaw_mag yaw_gyro yaw_cf yaw_kf
0.362 -0.237 4.495 14.297 -72.547 -0.323 -21.99 -72.348
0.997 -0.328 4.495 14.104 -72.323 -0.655 -22.155 -72.359
1.625 -0.328 4.892 15.071 -72.017 -0.861 -22.208 -72.203
2.256 -0.099 4.231 14.104 -73.302 -0.322 -22.216 -72.46
2.892 -43.663 4.892 17.005 -73.951 -169.936 -141.14 -72.622
3.538 -32.776 12.031 19.714 -58.605 -148.737 -121.697 -70.375
4.139 -40.321 13.618 17.199 -51.628 -27.21 -34.535 -68.411
4.760 1.541 12.295 16.619 -53.505 8.876 -9.838 -62.347
5.412 -0.389 12.693 15.071 -49.895 -2.494 -16.714 -61.309
6.065 -0.9 12.428 15.652 -51.55 -6.359 -19.916 -60.12
6.717 -0.587 11.899 15.264 -52.062 -4.53 -18.79 -59.853
7.369 -0.504 12.428 16.232 -52.561 -4.218 -18.721 -59.12
8.022 -0.29 12.693 15.071 -49.895 -2.616 -16.8 -57.014
8.674 -0.343 12.031 15.652 -52.452 -3.318 -18.058 -56.726
9.326 -0.13 12.164 15.458 -51.801 -1.342 -16.48 -56.585
9.979 9.483 12.428 15.264 -50.847 104.114 57.626 -56.265
10.632 51.888 13.222 17.005 -52.134 63.561 28.852 -56.015
11.238 48.553 11.106 18.166 -58.56 54.192 20.366 -55.758
11.856 22.118 7.007 16.425 -66.897 104.349 52.975 -56.607
12.479 0.511 4.76 16.811 -74.191 6.888 -17.436 -57.149
13.111 9.087 6.081 15.844 -69.003 128.227 69.058 -57.758
13.750 27.13 5.289 14.297 -69.699 -139.833 -118.793 -57.864
14.379 0.29 4.495 9.267 -64.124 4.46 -16.115 -58.103
15.010 -1.45 4.098 9.847 -67.405 -23.214 -36.471 -58.629
15.635 -0.74 5.156 11.008 -64.902 -12.31 -28.088 -58.896
16.256 -0.336 5.553 10.815 -62.822 -5.798 -22.905 -59.037
16.876 -0.29 5.818 9.847 -59.424 -5.184 -21.456 -59.094
17.499 -0.572 6.743 10.621 -57.59 -10.581 -24.684 -59.132
18.119 0.473 5.553 10.621 -62.398 9.043 -12.389 -59.579
18.738 -0.465 6.346 10.815 -59.597 -9.178 -24.304 -59.628
19.356 -0.366 5.685 10.427 -61.4 -7.45 -23.635 -59.757
19.977 -0.252 5.685 11.008 -62.686 -5.286 -22.506 -59.98
20.596 -0.748 5.818 10.04 -59.908 -16.154 -29.28 -60.047
21.215 -0.832 4.892 11.588 -67.112 -18.483 -33.072 -60.362
21.834 -45.631 4.363 10.815 -68.03 -141.938 -119.766 -60.616
22.452 -58.083 5.421 15.652 -70.897 -102.163 -92.783 -61.371
23.072 -46.364 10.445 19.133 -61.369 143.926 82.337 -61.554
23.678 4.921 11.503 15.652 -53.687 121.44 68.902 -61.025
24.278 -0.648 11.106 16.038 -55.298 -16.38 -28.055 -60.802
24.881 0.244 10.312 16.038 -57.26 6.315 -12.757 -60.543
25.484 -0.343 10.841 15.264 -54.616 -9.084 -22.744 -60.166
26.085 -0.931 10.974 16.232 -55.938 -25.216 -34.433 -59.88
26.693 -0.664 11.106 15.071 -53.613 -18.388 -28.956 -59.189
27.302 -0.267 10.709 14.683 -53.895 -7.557 -21.458 -58.892
27.919 0.427 10.709 15.652 -55.62 12.348 -8.042 -58.775
28.519 29.167 12.428 16.038 -52.228 -39.019 -42.982 -58.603
29.129 51.384 12.957 17.586 -53.618 -71.851 -66.381 -58.184
29.736 53.551 10.974 16.425 -56.252 25.944 1.285 -57.891
30.360 -6.905 5.95 14.104 -67.127 -36.541 -45.717 -58.212
30.991 -0.534 6.081 13.716 -66.09 -17.083 -31.785 -58.496
31.620 -0.023 5.289 13.523 -68.639 -0.75 -21.117 -59.14
32.248 0.389 5.156 12.749 -67.98 12.933 -11.341 -59.413
32.876 -0.626 4.892 13.33 -69.847 -21.206 -35.798 -59.827
33.505 -10.056 5.156 13.716 -69.398 -166.982 -137.707 -60.968
34.134 -52.795 5.95 16.619 -70.301 125.1 66.48 -61.391
34.761 -70.038 10.048 18.553 -61.561 -164.629 -133.709 -61.755
35.372 -6.592 12.824 15.264 -49.965 -59.764 -56.824 -61.371
36.008 -0.496 12.164 16.619 -53.798 -18.356 -28.989 -60.76
36.659 -0.58 12.428 16.038 -52.228 -21.842 -30.958 -60.379
37.311 3.441 13.353 17.199 -52.175 131.828 76.627 -60.009
37.963 32.394 13.486 16.232 -50.279 2.167 -13.567 -56.785
38.574 43.564 12.56 19.52 -57.241 104.002 55.629 -56.454
39.180 51.048 10.312 18.94 -61.434 71.109 31.346 -56.417
39.799 -4.12 6.61 15.071 -66.318 -168.092 -137.56 -56.534
40.428 -0.031 5.553 14.104 -68.51 -1.284 -21.452 -56.843
41.058 -17.952 5.289 13.91 -69.182 144.975 80.728 -58.384
41.688 -51.094 7.404 17.392 -66.94 158.899 91.147 -58.763
42.309 -49.263 11.503 17.78 -57.099 -153.531 -124.601 -58.97
42.919 -9.644 12.824 17.586 -53.9 116.445 65.341 -58.855
43.523 -1.541 11.635 16.619 -55.004 -68.61 -64.528 -58.776
44.126 0.687 11.767 15.264 -52.371 31.002 5.99 -58.532
44.730 39.818 12.824 17.199 -53.291 -159.123 -127.373 -58.014
45.334 48.203 11.635 18.747 -58.175 -106.562 -92.046 -57.814
45.946 42.114 9.784 16.811 -59.801 -2.916 -19.982 -57.758
46.579 -3.601 6.081 13.91 -66.387 -171.332 -139.848 -57.971
47.209 0.275 5.818 14.491 -68.125 13.257 -11.158 -58.206
47.839 -0.29 5.289 14.683 -70.19 -14.163 -30.971 -59.435
48.471 -0.259 5.553 13.91 -68.238 -12.813 -29.44 -59.725
49.103 -0.359 5.421 14.877 -69.979 -17.987 -33.585 -60.129
49.734 -0.267 5.95 14.297 -67.404 -13.546 -29.703 -60.327
50.366 -0.313 5.685 14.104 -68.047 -16.078 -31.669 -60.543
50.998 -0.275 6.214 14.877 -67.33 -14.299 -30.208 -61.163
