time gyroz magX magY yaw_mag yaw_gyro yaw_cf yaw_kf
0.324 -0.328 18.654 18.288 -44.432 -42.65 -44.094
0.500 -0.87 18.823 18.863 -45.061 -42.644 -44.579
0.678 -0.099 20.335 20.586 -45.351 -42.635 -44.85
0.853 -0.175 18.99 20.586 -47.309 -42.626 -45.464
1.028 -0.359 21.343 19.82 -42.881 -42.62 -45.015
1.203 -0.298 19.326 19.054 -44.594 -42.614 -44.989
1.380 -0.214 18.823 19.246 -45.637 -42.607 -45.115
1.559 -0.351 19.326 19.436 -45.163 -42.602 -45.166
1.732 -0.214 19.663 17.905 -42.321 -42.596 -44.892
1.907 -0.259 19.663 19.054 -44.099 -42.591 -44.853
2.079 -0.298 18.654 19.436 -46.176 -42.587 -45.013
2.252 -0.29 18.99 19.436 -45.665 -42.584 -45.108
2.424 -0.214 19.999 18.288 -42.441 -42.579 -44.939
2.616 -0.313 20.167 18.479 -42.499 -42.577 -44.807
2.788 -0.397 18.99 19.436 -45.665 -42.578 -44.913
2.963 -0.275 20.335 18.288 -41.966 -42.576 -44.768
3.135 -0.107 20.839 20.011 -43.839 -42.569 -44.74
3.311 4.631 19.159 18.479 -43.965 -42.406 -44.355
3.483 -4.562 20.335 17.905 -41.364 -42.555 -44.544
3.658 -14.473 19.831 18.479 -42.979 -43.074 -45.625
3.831 -31.471 18.654 19.436 -46.176 -44.27 -48.251
4.013 -45.189 21.68 20.969 -44.045 -46.073 -51.923
4.200 -40.199 23.36 21.735 -42.936 -47.751 -55.201
4.379 -21.988 25.377 24.799 -44.34 -48.704 -57.087
4.558 -28.473 25.713 25.565 -44.835 -49.992 -59.538
4.732 -19.867 26.889 25.757 -43.768 -50.922 -61.234
4.911 11.559 24.873 24.99 -45.134 -50.344 -60.318
5.095 33.218 24.201 24.608 -45.478 -48.642 -57.504
5.282 51.056 21.847 22.692 -46.087 -45.935 -53.089
5.464 54.771 21.175 21.927 -46.0 -42.932 -48.245
5.672 41.313 19.999 18.288 -42.441 -40.579 -44.365
5.845 25.948 22.688 19.054 -40.024 -39.052 -41.715
6.021 11.513 21.847 16.565 -37.17 -38.349 -40.248
6.193 -12.245 20.839 18.863 -42.151 -39.097 -41.104
6.367 -36.705 22.856 17.714 -37.777 -41.424 -44.083
6.539 -55.923 20.671 19.436 -43.236 -45.071 -49.073
6.719 -59.196 20.167 19.628 -44.224 -49.038 -54.485
6.897 -51.399 22.352 21.735 -44.198 -52.573 -59.25
7.078 -27.733 20.503 24.99 -50.633 -54.526 -62.051
7.265 -1.381 22.352 24.416 -47.527 -54.616 -62.286
7.450 34.409 23.192 23.459 -45.328 -52.043 -59.043
7.632 37.155 21.847 23.076 -46.567 -49.197 -55.498
7.820 46.242 19.999 23.267 -49.32 -45.571 -51.094
8.007 45.349 18.486 20.778 -48.341 -41.93 -46.679
8.190 42.053 18.99 19.054 -45.096 -38.476 -42.442
8.368 20.607 18.486 17.714 -43.778 -36.742 -40.221
8.542 4.028 22.183 18.096 -39.206 -36.388 -39.499
8.714 -0.412 21.511 18.479 -40.664 -36.414 -39.279
8.887 -0.511 19.831 19.246 -44.142 -36.449 -39.187
9.066 -0.214 20.167 20.011 -44.778 -36.458 -39.104
9.245 -0.221 18.654 19.82 -46.736 -36.468 -39.092
9.418 -0.183 19.663 19.436 -44.667 -36.475 -39.041
9.608 -0.374 20.335 18.671 -42.557 -36.501 -38.973
9.783 -0.206 19.495 19.246 -44.632 -36.511 -38.956
9.962 -0.313 20.671 18.671 -42.09 -36.532 -38.901
10.137 -0.237 20.167 18.096 -41.902 -36.546 -38.848
10.312 -0.29 19.495 19.246 -44.632 -36.566 -38.877
10.484 -0.214 20.503 18.479 -42.028 -36.578 -38.848
10.658 -0.244 19.326 17.522 -42.197 -36.594 -38.835
10.831 -0.328 18.486 18.479 -44.989 -36.62 -38.905
11.004 -0.282 21.007 18.288 -41.042 -36.641 -38.886
11.177 -0.305 20.167 19.628 -44.224 -36.665 -38.951
11.350 -0.237 20.335 19.436 -43.705 -36.682 -39.002
11.524 -0.214 20.335 17.139 -40.125 -36.697 -38.975
