time gyroz magX magY yaw_mag yaw_gyro yaw_cf yaw_kf
0.322 -0.168 4.169 20.549 -79.007 -81.016 -79.388
0.497 -0.931 3.917 20.996 -79.858 -81.479 -79.649
0.669 1.167 4.043 18.991 -80.378 -80.698 -79.832
0.841 -0.16 5.307 19.881 -76.755 -80.833 -79.115
1.013 -0.351 4.169 18.767 -78.557 -81.189 -79.032
1.187 -0.275 3.917 18.767 -80.416 -81.515 -79.278
1.359 -0.221 2.906 19.213 -82.859 -81.815 -79.796
1.532 -0.267 4.422 20.104 -79.207 -82.224 -79.751
1.704 -0.244 5.181 20.549 -77.41 -82.64 -79.523
1.876 -0.153 3.79 22.109 -80.274 -82.927 -79.618
2.048 -0.252 4.422 19.659 -79.768 -83.443 -79.66
2.223 -0.282 3.79 19.436 -80.458 -84.07 -79.757
2.396 -0.298 3.285 19.436 -81.384 -84.784 -79.915
2.571 -0.351 2.527 20.773 -83.84 -85.686 -80.234
2.745 -0.374 3.538 18.545 -81.407 -86.713 -80.354
2.923 -0.191 4.295 19.436 -79.214 -87.271 -80.311
3.099 -0.252 4.928 20.549 -76.265 -88.052 -80.103
3.274 -0.229 3.538 19.881 -81.407 -88.802 -80.208
3.447 -0.29 4.422 20.104 -78.799 -89.802 -80.168
3.622 -0.237 3.538 19.436 -81.407 -90.66 -80.264
3.794 -0.191 4.043 20.327 -80.203 -91.385 -80.29
3.971 -0.267 4.169 20.549 -80.172 -92.445 -80.32
4.144 -0.237 3.79 19.881 -80.97 -93.427 -80.382
4.318 -0.313 4.675 19.213 -78.809 -94.779 -80.352
4.490 -0.32 3.917 19.659 -80.755 -96.216 -80.408
4.663 -0.221 4.801 20.327 -78.2 -97.247 -80.351
4.835 -0.313 3.285 18.545 -82.429 -98.76 -80.471
5.009 -0.328 4.043 19.436 -80.022 -100.403 -80.495
5.181 -0.214 4.169 20.549 -79.811 -101.512 -80.502
5.354 13.687 4.928 19.213 -78.006 -28.232 -79.429
5.526 0.107 4.295 19.881 -79.605 -27.641 -79.407
5.700 -0.29 4.928 17.877 -77.317 -29.294 -79.337
5.872 -0.259 3.917 19.659 -80.237 -30.815 -79.367
6.045 -0.221 3.79 19.436 -80.458 -32.151 -79.402
6.217 -0.374 4.043 19.881 -80.709 -34.476 -79.455
6.391 -0.237 3.79 19.436 -80.458 -35.991 -79.489
6.563 -0.488 3.158 20.549 -82.102 -39.194 -79.592
6.737 -0.313 3.032 20.327 -82.754 -41.303 -79.698
6.911 0.069 4.548 18.991 -79.203 -40.826 -79.668
7.085 -0.29 4.169 20.104 -80.507 -42.881 -79.703
7.258 -0.168 3.664 19.213 -80.682 -44.1 -79.734
7.437 -6.065 4.295 20.327 -79.008 -89.205 -80.153
7.613 -31.029 3.917 18.767 -80.588 -145.429 -82.457
7.802 -47.92 5.054 22.109 -77.597 20.699 -85.929
7.989 -66.513 4.675 23.223 -78.395 29.327 -90.801
8.178 -117.5 4.675 26.787 -77.948 -31.588 -99.431
8.361 -105.881 11.624 28.792 -57.449 -16.859 -106.68
8.538 -77.164 15.289 27.232 -48.244 -135.685 -111.59
8.711 -31.021 16.426 29.237 -44.324 134.091 -113.009
8.892 -3.51 17.31 27.232 -43.208 102.88 -112.381
9.079 1.03 18.827 25.896 -43.704 112.231 -111.442
9.267 16.731 17.184 25.673 -45.972 87.277 -109.407
9.454 55.481 15.92 27.9 -45.22 71.794 -104.491
9.635 79.254 13.772 28.124 -53.864 -64.594 -98.024
9.813 98.755 12.256 28.569 -56.984 4.489 -90.183
9.986 100.548 10.234 28.124 -63.578 108.561 -82.362
10.166 82.764 10.361 24.782 -64.003 49.94 -75.87
10.342 74.905 10.234 24.56 -62.583 -75.392 -69.932
10.515 36.514 7.076 18.099 -73.185 128.553 -67.094
10.690 12.794 5.938 14.758 -75.38 85.321 -66.074
10.864 5.157 4.548 15.872 -79.008 141.347 -65.709
11.040 -14.511 1.895 15.649 -85.241 -18.854 -66.949
11.215 -17.181 3.538 16.762 -81.082 -31.539 -68.3
11.391 -21.37 3.158 18.767 -82.102 -94.965 -69.989
11.565 -29.099 3.158 18.322 -81.793 108.505 -72.25
11.741 -32.326 3.411 16.985 -81.478 -91.035 -74.748
11.913 -33.516 3.032 21.218 -81.878 49.689 -77.345
12.094 -38.284 2.653 24.114 -83.353 126.682 -80.329
12.274 -37.613 3.032 24.782 -82.039 -154.98 -83.235
12.472 -40.047 4.801 24.336 -76.177 -114.446 -86.199
12.653 -57.022 7.076 27.455 -70.067 64.055 -90.304
12.853 -52.711 8.844 26.565 -65.129 -73.439 -93.987
13.032 -41.595 12.382 28.347 -53.787 -75.505 -96.608
13.210 -46.463 12.888 27.9 -55.959 -149.281 -99.643
13.382 -56.725 14.025 27.232 -53.986 -8.375 -103.407
13.553 -40.382 16.553 26.787 -47.388 -15.672 -105.818
13.740 -0.618 17.563 25.896 -48.324 -24.163 -105.275
13.944 33.005 17.184 25.228 -47.99 -103.941 -102.208
14.131 49.988 15.542 25.896 -51.77 62.439 -97.942
14.319 62.553 13.267 28.124 -55.487 58.135 -92.805
14.497 72.151 12.004 29.015 -60.281 -155.892 -87.041
14.672 68.748 11.624 29.682 -60.299 -47.221 -81.53
14.851 70.816 9.856 28.347 -65.977 104.467 -75.975
15.027 67.856 10.234 25.45 -65.378 -135.861 -70.63
15.197 73.334 8.971 21.886 -70.21 78.596 -64.971
15.368 57.602 7.581 21.218 -71.077 63.824 -60.512
15.539 14.015 7.329 18.099 -72.312 101.603 -59.355
15.713 0.008 5.686 16.095 -75.714 101.729 -59.323
15.885 -11.429 7.581 16.317 -71.415 -79.821 -60.076
16.059 -27.1 7.202 17.431 -71.794 24.98 -62.023
16.232 -38.773 6.823 18.991 -72.852 -64.383 -64.877
16.404 -52.666 7.455 21.441 -71.198 -28.316 -68.752
16.583 -53.955 4.801 23.891 -77.751 -23.052 -72.858
16.772 -63.759 5.812 23.446 -74.081 167.582 -77.634
16.959 -64.705 7.455 25.45 -68.433 -29.75 -82.378
17.140 -64.796 8.466 27.232 -65.325 119.647 -87.073
17.313 -46.478 9.224 27.232 -61.693 -145.027 -90.323
17.493 -5.135 11.751 27.232 -55.544 -54.854 -90.345
17.670 34.401 10.74 28.124 -57.243 13.012 -87.423
17.850 54.207 9.729 28.569 -64.715 80.607 -83.147
18.023 72.411 8.718 27.678 -65.193 125.67 -77.505
18.208 67.612 7.581 23.891 -70.726 96.749 -72.325
18.395 54.031 9.097 26.118 -68.767 -169.351 -68.13
18.575 43.686 8.718 22.778 -67.893 102.116 -64.7
18.746 34.599 8.718 21.886 -69.749 -149.291 -61.993
18.926 15.343 7.707 19.213 -71.936 141.091 -60.783
19.098 -6.256 5.812 18.099 -75.545 21.614 -61.274
19.287 -0.702 4.043 17.654 -79.834 8.075 -61.432
19.459 -10.155 3.79 18.991 -80.805 -9.531 -62.325
19.645 6.027 3.032 19.436 -82.484 108.869 -62.033
19.817 -0.511 4.043 20.327 -80.546 98.743 -62.201
19.992 -0.282 3.917 20.104 -80.588 93.105 -62.356
20.165 -0.191 2.906 20.549 -82.859 89.253 -62.549
20.344 -0.252 3.411 17.431 -81.478 84.126 -62.723
20.518 -0.214 4.801 18.099 -77.513 79.735 -62.824
20.703 -0.259 2.906 16.985 -82.44 74.373 -63.023
20.879 -0.282 3.664 17.877 -81.024 68.485 -63.199
21.057 -0.237 3.285 18.099 -81.55 63.494 -63.383
21.239 -0.29 4.043 18.099 -79.437 57.335 -63.535
21.418 -0.252 5.181 17.877 -76.159 51.938 -63.626
21.594 -0.259 3.79 17.654 -80.635 46.345 -63.802
21.769 -0.252 3.538 18.991 -81.082 40.859 -63.988
21.943 -0.336 3.411 19.213 -81.786 33.486 -64.194
22.119 -0.267 3.285 19.436 -81.55 27.58 -64.392
22.293 -0.252 3.285 18.545 -81.384 21.962 -64.587
22.469 -0.336 4.422 19.213 -78.358 14.412 -64.734
22.642 -0.282 3.79 20.773 -79.241 8.027 -64.894
