time gyroz magX magY yaw_mag yaw_gyro yaw_cf yaw_kf
0.390 -0.168 63.02 5.86 -5.312 -0.066 -4.0 -5.304
0.654 -0.145 60.3 5.56 -5.268 -0.263 -4.017 -5.301
0.892 -0.885 60.57 4.8 -4.531 -0.934 -3.632 -5.121
1.131 0.015 61.93 5.86 -5.405 -0.868 -4.271 -5.209
1.369 -0.107 61.66 6.31 -5.843 -0.131 -4.415 -5.353
1.607 -0.183 60.3 6.46 -6.115 -0.401 -4.686 -5.502
1.847 -0.191 62.48 6.46 -5.903 -0.536 -4.561 -5.585
2.088 -0.107 62.48 4.95 -4.53 -0.414 -3.501 -5.477
2.327 -0.214 60.84 5.26 -4.941 -0.605 -3.857 -5.446
2.566 -0.175 61.39 6.16 -5.73 -0.663 -4.463 -5.499
2.806 -0.153 62.48 5.56 -5.085 -0.604 -3.965 -5.485
3.045 -0.099 62.21 4.5 -4.137 -0.454 -3.216 -5.391
3.286 -0.29 61.93 5.56 -5.13 -1.052 -4.11 -5.405
3.525 -0.16 62.48 6.16 -5.631 -0.854 -4.437 -5.445
3.766 30.937 63.02 5.86 -5.312 116.349 25.103 -2.572
4.005 -63.194 61.39 4.05 -3.774 -42.155 -13.369 -8.368
4.243 -111.778 66.02 7.21 -6.233 2.532 -4.042 -19.379
4.486 -138.062 75.27 11.43 -8.635 168.876 35.743 -33.553
4.727 -134.918 87.8 12.03 -7.802 124.181 25.194 -47.72
4.964 -126.518 101.95 9.62 -5.39 137.047 30.219 -61.064
5.203 -92.545 111.75 6.31 -3.232 -68.03 -19.432 -70.819
5.443 -78.903 113.93 1.19 -0.598 17.986 4.048 -78.829
5.681 -101.379 116.11 -0.92 0.454 -114.837 -28.369 -88.908
5.918 -107.925 105.49 -5.59 3.033 159.921 42.255 -99.444
6.159 -103.195 91.88 -8.0 4.976 156.497 42.856 -109.285
6.399 -80.078 88.61 -6.49 4.189 -75.614 -15.762 -116.526
6.637 -55.283 85.07 -4.83 3.25 93.009 25.69 -120.884
6.876 -55.626 87.52 -1.97 1.289 102.233 26.525 -125.078
7.114 -10.979 87.8 -0.62 0.405 -133.731 -33.129 -124.165
7.352 -2.945 89.7 -0.17 0.109 -32.631 -8.076 -122.056
7.590 8.461 91.88 -0.47 0.293 61.274 15.538 -118.428
7.830 -45.464 93.51 0.74 -0.453 -167.522 -42.22 -120.684
8.069 -44.968 91.88 2.24 -1.397 131.689 31.874 -122.973
8.307 -41.245 86.98 5.56 -3.658 152.41 35.359 -124.958
8.546 -19.707 82.9 4.8 -3.314 -29.661 -9.901 -124.499
8.786 -31.403 72.28 4.05 -3.207 -115.614 -31.309 -125.324
9.025 -7.645 74.18 4.8 -3.702 -100.399 -27.876 -123.455
9.266 -13.237 73.1 6.61 -5.167 -130.299 -36.45 -122.221
9.505 0.107 72.55 5.11 -4.029 -12.22 -6.077 -119.408
9.746 -0.069 71.73 4.95 -3.948 -0.565 -3.102 -116.589
9.988 -0.069 71.46 5.11 -4.09 -0.758 -3.257 -113.779
10.231 -0.175 71.73 5.56 -4.432 -1.859 -3.789 -111.019
10.472 -0.336 74.18 5.11 -3.941 -3.694 -3.879 -108.305
10.716 -0.214 73.91 4.05 -3.136 -2.629 -3.009 -105.609
10.956 0.0 71.46 5.11 -4.09 -0.214 -3.121 -102.977
11.198 -0.237 72.28 4.65 -3.681 -2.654 -3.424 -100.427
11.438 -0.198 72.01 5.11 -4.059 -2.502 -3.67 -97.952
11.679 -0.153 73.64 4.2 -3.264 -1.985 -2.944 -95.522
11.920 -0.168 74.46 5.26 -4.041 -2.156 -3.57 -93.186
12.161 -0.191 72.28 4.65 -3.681 -2.491 -3.383 -90.915
12.402 -0.206 73.1 5.71 -4.466 -2.746 -4.036 -88.735
