time gyroz magX magY yaw_mag yaw_gyro yaw_cf yaw_kf
0.397 -0.282 60.028 6.31 -6.001 -0.112 -1.879 -5.86
0.638 -0.298 60.572 6.31 -5.947 -0.472 -2.114 -5.923
0.878 -0.282 61.389 5.557 -5.172 -0.546 -1.934 -5.721
1.118 -0.175 60.572 6.31 -5.947 -0.478 -2.119 -5.8
1.355 -0.244 60.572 6.611 -6.229 -0.506 -2.223 -5.913
1.593 -0.221 59.484 4.804 -4.617 -0.596 -1.802 -5.734
1.832 -0.366 59.755 6.461 -6.171 -0.892 -2.476 -5.835
2.071 -0.214 61.116 6.009 -5.615 -0.809 -2.251 -5.84
2.310 -0.252 60.845 5.858 -5.499 -0.796 -2.207 -5.837
2.548 -0.336 59.211 5.557 -5.362 -1.108 -2.384 -5.83
2.785 -0.275 61.116 5.105 -4.775 -1.102 -2.204 -5.772
3.022 -0.267 60.572 6.009 -5.665 -1.082 -2.457 -5.8
3.259 -0.282 62.205 6.611 -6.066 -1.186 -2.65 -5.858
3.496 -0.275 59.755 5.557 -5.313 -1.243 -2.464 -5.857
3.734 -0.32 59.755 4.352 -4.166 -1.47 -2.279 -5.785
3.971 -0.298 59.211 4.954 -4.783 -1.503 -2.487 -5.762
4.209 -0.29 59.484 4.804 -4.617 -1.519 -2.448 -5.733
4.723 -0.237 58.939 6.31 -6.111 -1.409 -2.82 -5.79
4.963 -0.214 60.3 4.954 -4.697 -1.299 -2.318 -5.765
5.201 -0.229 59.211 6.461 -6.227 -1.405 -2.852 -5.824
5.439 -0.298 61.661 5.406 -5.01 -1.85 -2.798 -5.824
5.677 -0.252 60.572 5.708 -5.383 -1.729 -2.825 -5.839
5.915 -0.305 59.755 5.256 -5.027 -2.056 -2.947 -5.843
6.154 -0.282 58.939 6.611 -6.4 -2.04 -3.348 -5.907
6.399 -0.252 60.572 4.502 -4.251 -1.895 -2.602 -5.874
6.642 -0.214 61.934 6.159 -5.679 -1.673 -2.875 -5.9
6.887 -0.237 61.116 6.31 -5.895 -1.846 -3.061 -5.935
7.125 -0.198 61.389 5.858 -5.451 -1.648 -2.789 -5.948
7.365 -0.237 61.661 5.406 -5.01 -1.944 -2.864 -5.948
7.603 -0.267 62.478 6.159 -5.63 -2.267 -3.276 -5.974
7.841 -0.252 62.205 6.611 -6.066 -2.243 -3.39 -6.014
