time gyroz magX magY yaw_mag yaw_gyro yaw_cf yaw_kf
0.366 -0.298 5.818 15.071 -68.891 -0.407 -20.952 -69.237
1.004 -0.412 5.553 14.683 -69.284 -0.826 -21.363 -69.283
1.635 -0.206 5.024 14.683 -71.111 -0.543 -21.713 -70.348
2.270 -0.244 5.553 14.491 -69.033 -0.798 -21.268 -69.894
2.899 -0.877 5.156 15.652 -71.767 -3.419 -23.923 -70.19
3.530 -34.92 7.801 15.071 -62.633 -158.188 -129.521 -69.894
4.154 -65.094 12.031 19.327 -58.098 -155.494 -126.275 -68.881
4.763 -34.431 15.601 18.166 -49.344 -18.426 -27.701 -62.702
5.370 -0.778 15.205 16.038 -46.527 -4.956 -17.427 -60.635
6.021 -4.379 15.469 17.586 -48.664 -30.745 -36.121 -56.575
6.672 75.188 14.543 16.811 -49.137 36.842 11.048 -56.37
7.298 60.143 12.957 19.327 -56.162 -40.933 -45.502 -55.99
7.908 58.105 8.858 16.038 -61.088 -22.401 -34.007 -56.153
8.550 0.946 6.214 12.555 -63.667 9.034 -12.776 -56.392
9.170 -0.237 6.479 11.395 -60.378 -2.41 -19.8 -56.615
9.793 0.107 5.553 11.782 -64.765 1.155 -18.621 -58.069
10.415 0.404 5.95 11.395 -62.428 4.612 -15.5 -58.678
11.037 -2.052 4.627 11.782 -68.559 -24.7 -37.858 -58.986
11.659 -40.611 4.363 12.943 -71.371 25.905 -3.278 -60.554
12.284 -57.228 6.214 18.36 -71.301 139.783 76.458 -61.281
12.907 -35.4 9.387 18.36 -62.92 47.692 14.508 -61.708
13.517 -1.45 10.841 17.005 -57.482 -21.05 -31.98 -61.689
14.144 0.443 9.916 16.811 -59.466 6.709 -13.144 -61.485
14.798 -0.58 9.651 16.811 -60.14 -9.163 -24.456 -61.603
15.442 -2.052 8.858 16.811 -62.214 -33.739 -42.281 -61.811
16.086 -0.053 9.255 17.005 -61.443 -0.906 -19.067 -61.799
16.730 -0.488 9.916 16.038 -58.272 -8.652 -23.538 -61.724
17.365 8.255 9.387 17.005 -61.101 151.603 87.792 -61.744
18.001 69.763 10.577 17.78 -59.252 65.567 28.121 -61.363
18.608 45.547 6.875 18.166 -69.271 -6.914 -25.621 -61.798
19.234 1.366 5.553 13.523 -67.675 27.64 -0.954 -62.276
19.868 -0.16 5.685 13.33 -66.903 -3.339 -22.408 -63.8
20.499 -0.298 6.214 13.716 -65.627 -6.407 -24.173 -63.842
21.130 -0.511 6.081 13.716 -66.09 -11.308 -27.743 -63.978
21.762 -35.263 5.421 15.071 -70.216 97.344 47.076 -64.349
22.396 -59.25 5.818 17.392 -71.504 -126.213 -109.8 -65.028
23.015 -29.388 8.329 16.425 -63.111 -165.753 -134.96 -65.264
23.633 -2.304 11.106 16.232 -55.62 -56.754 -56.414 -65.175
24.294 -0.343 11.106 16.038 -55.298 -8.676 -22.663 -64.299
24.970 0.053 11.767 16.811 -55.01 1.376 -15.54 -63.565
25.636 0.664 9.651 16.232 -59.266 17.686 -5.4 -63.402
26.287 19.768 12.031 16.038 -53.124 -0.591 -16.351 -62.758
26.922 43.365 12.957 18.166 -54.501 -49.162 -50.764 -61.76
27.537 61.302 9.784 19.327 -63.15 129.375 71.618 -61.271
28.151 1.411 7.007 14.104 -63.581 41.132 9.718 -61.32
28.794 1.701 5.95 13.523 -66.251 50.68 15.601 -61.53
29.424 -0.404 6.081 13.136 -65.159 -12.291 -28.151 -61.752
30.055 -47.615 6.743 16.425 -67.68 141.316 78.617 -62.127
30.677 -62.187 10.048 18.553 -61.561 10.102 -11.397 -63.004
31.291 -26.947 13.618 17.586 -52.247 29.854 5.224 -62.669
31.900 1.572 14.014 15.652 -48.16 51.719 21.755 -61.716
32.551 -0.328 12.56 16.038 -51.934 -11.005 -23.284 -60.88
33.202 5.707 12.428 16.425 -52.887 15.191 -5.232 -59.861
33.853 53.596 11.767 17.199 -55.621 -112.019 -95.1 -59.397
34.461 55.511 9.916 17.78 -60.851 -11.524 -26.322 -58.315
35.070 32.387 6.875 15.652 -66.287 -91.801 -84.147 -58.297
35.695 -4.852 4.892 9.654 -63.127 -178.044 -143.569 -58.276
36.311 2.213 6.214 12.943 -64.354 82.569 38.492 -58.282
36.928 -0.259 5.553 11.201 -63.63 -9.823 -25.965 -60.128
37.547 -0.267 4.627 12.943 -70.329 -10.292 -28.303 -60.563
38.163 -0.313 5.421 12.749 -66.964 -12.258 -28.67 -60.876
38.781 -0.298 5.156 11.588 -66.014 -11.855 -28.103 -61.233
39.396 -0.259 5.289 11.975 -66.17 -10.463 -27.175 -61.484
