time gyroz magX magY yaw_mag yaw_gyro yaw_cf yaw_kf
1.086 -0.244 64.657 3.148 -2.787 -0.265 -1.022 -2.676
2.020 -0.351 66.017 2.696 -2.339 -0.953 -1.369 -2.551
2.954 -0.183 64.657 2.846 -2.52 -0.892 -1.38 -2.566
3.888 -0.282 67.651 2.997 -2.537 -1.279 -1.656 -2.59
4.822 -0.252 64.928 3.6 -3.174 -1.497 -2.0 -2.733
5.756 -0.237 66.017 3.6 -3.121 -1.616 -2.068 -2.827
6.690 -0.282 67.651 3.298 -2.791 -2.124 -2.324 -2.857
7.624 -0.305 63.023 2.244 -2.039 -2.607 -2.437 -2.794
8.558 -0.198 66.833 3.148 -2.697 -1.999 -2.208 -2.815
9.491 -0.252 67.106 2.997 -2.557 -2.59 -2.58 -2.824
10.425 -0.221 63.839 3.901 -3.497 -2.556 -2.838 -2.917
11.359 -0.145 65.744 3.449 -3.003 -1.868 -2.208 -2.951
12.294 -0.275 65.473 2.997 -2.621 -3.526 -3.254 -2.962
13.228 -0.237 67.922 3.148 -2.654 -3.41 -3.183 -2.973
14.162 -0.29 64.657 2.244 -1.988 -4.344 -3.637 -2.945
