time gyroz magX magY yaw_mag yaw_gyro yaw_cf yaw_kf
0.388 -0.237 61.116 5.406 -5.055 -0.092 -1.581 -4.911
0.627 -0.366 61.661 3.6 -3.341 -0.466 -1.328 -4.238
0.868 2.113 60.3 4.352 -4.128 1.468 -0.211 -4.096
1.107 -0.412 58.666 5.256 -5.12 1.657 -0.376 -4.336
1.348 -0.381 61.389 6.461 -6.008 -0.926 -2.451 -4.665
1.589 -0.244 62.205 4.502 -4.139 -0.769 -1.78 -4.588
1.829 -0.29 60.572 4.804 -4.535 -0.774 -1.902 -4.596
2.067 -0.282 60.572 5.708 -5.383 -0.873 -2.226 -4.71
2.305 -0.244 62.478 5.858 -5.356 -0.844 -2.198 -4.799
2.545 -0.359 61.116 4.804 -4.494 -1.158 -2.159 -4.798
2.783 -0.267 61.934 5.858 -5.403 -1.102 -2.392 -4.877
3.026 -0.336 60.572 5.406 -5.1 -1.284 -2.429 -4.927
3.266 -0.259 62.75 3.298 -3.009 -1.182 -1.73 -4.807
3.505 -0.244 61.389 5.557 -5.172 -1.114 -2.331 -4.86
3.744 -0.229 59.755 5.557 -5.313 -1.101 -2.365 -4.918
3.982 -0.328 61.934 5.256 -4.851 -1.535 -2.53 -4.948
