time gyroz magX magY yaw_mag yaw_gyro yaw_cf yaw_kf
0.324 -0.282 2.898 19.041 -51.213 -46.271 -50.265
0.498 -2.106 2.898 19.982 -49.34 -46.273 -49.967
0.671 0.343 3.145 19.041 -51.715 -46.211 -50.542
0.857 -0.351 2.159 20.452 -48.68 -46.176 -50.16
1.031 -0.145 2.405 19.041 -49.639 -46.133 -50.104
1.209 -0.084 2.775 19.747 -50.945 -46.088 -50.275
1.382 -0.969 2.405 20.452 -47.055 -46.105 -49.92
1.557 0.801 1.912 18.102 -52.619 -45.993 -50.226
1.730 -0.267 2.775 20.218 -48.208 -45.966 -50.046
1.906 -0.305 1.912 19.041 -52.206 -45.945 -50.301
2.079 0.092 1.912 20.452 -50.207 -45.885 -50.307
2.255 -5.89 2.652 19.982 -50.364 -46.499 -50.758
2.428 -18.562 2.159 19.512 -50.013 -48.702 -52.12
2.603 -25.558 2.282 18.807 -49.716 -51.978 -54.011
2.777 -22.133 2.775 20.688 -47.005 -55.001 -55.5
2.957 -24.857 3.022 18.337 -53.005 -58.626 -57.623
3.130 -17.883 1.788 23.038 -46.062 -61.375 -58.797
3.305 -16.846 2.652 23.273 -45.512 -64.109 -59.891
3.492 -23.598 3.022 24.918 -42.231 -68.179 -61.366
3.680 -18.532 4.009 24.918 -39.987 -71.539 -62.376
3.867 -21.362 3.515 28.21 -35.389 -75.619 -63.431
4.048 -26.505 3.022 24.918 -39.403 -80.934 -65.153
4.227 -23.941 4.379 24.684 -39.961 -85.944 -66.737
4.410 -30.388 3.762 26.8 -38.516 -92.595 -68.821
4.589 -40.092 3.515 27.74 -34.056 -101.744 -71.565
4.772 -40.588 5.365 28.915 -32.054 -111.378 -74.334
4.952 -45.021 5.242 32.442 -29.455 -122.475 -77.436
5.134 -45.937 7.585 29.856 -33.584 -134.217 -80.839
5.313 -53.78 10.052 31.267 -30.659 -148.454 -84.854
5.490 -41.519 11.532 31.737 -27.308 -159.801 -87.737
5.669 -2.403 11.779 34.087 -27.408 -160.432 -87.223
5.856 0.153 11.532 33.147 -26.901 -160.337 -86.432
6.035 -3.242 12.642 30.561 -29.741 -161.265 -86.007
6.216 -0.626 12.519 32.206 -28.169 -161.41 -85.268
6.395 -0.816 10.792 32.206 -29.344 -161.621 -84.561
6.576 0.244 12.519 31.267 -29.479 -161.491 -83.74
6.755 -1.48 11.903 33.382 -28.759 -161.941 -83.036
6.938 -0.885 10.916 31.501 -25.923 -162.198 -82.18
7.117 -0.824 11.162 31.972 -28.044 -162.441 -81.375
7.297 0.252 12.395 31.972 -30.39 -162.299 -80.532
7.476 -0.778 11.779 33.617 -27.734 -162.54 -79.702
7.656 -0.778 12.026 33.617 -25.986 -162.788 -78.821
7.836 -3.502 11.162 32.442 -25.266 -164.11 -78.183
8.017 -9.407 12.026 32.206 -29.921 -167.831 -78.249
8.196 -6.996 13.629 33.853 -26.123 -170.648 -77.99
8.377 -11.757 13.012 33.617 -25.986 -175.522 -78.201
8.556 -12.36 14.369 33.853 -24.939 -0.76 -78.46
8.737 -3.716 14.616 35.262 -25.211 -2.333 -77.894
8.917 -0.61 14.122 32.912 -27.36 -2.555 -77.082
9.097 1.648 14.492 34.558 -24.785 -1.755 -75.981
9.276 -0.404 13.382 34.792 -26.651 -1.892 -75.134
9.456 1.617 15.603 34.792 -25.508 -1.077 -74.061
9.635 2.487 13.753 32.676 -27.825 0.171 -72.963
9.818 3.677 13.506 33.147 -25.706 2.026 -71.696
9.997 15.015 13.506 32.206 -26.966 9.581 -69.318
10.177 17.479 14.369 31.972 -28.64 18.525 -66.726
10.356 16.159 13.012 30.326 -29.01 26.942 -64.275
10.538 17.7 12.395 31.501 -28.398 36.318 -61.654
10.717 18.646 11.532 32.676 -30.132 46.359 -58.982
10.898 23.773 12.272 32.206 -27.572 59.363 -55.729
11.077 27.893 13.012 31.267 -28.88 74.862 -52.09
11.252 24.658 10.916 31.501 -29.0 88.785 -48.797
11.427 24.46 11.656 32.912 -27.36 102.81 -45.502
11.604 21.782 10.545 31.267 -31.24 115.498 -42.594
11.778 17.601 9.806 31.737 -30.862 125.913 -40.138
11.958 15.709 8.942 31.031 -29.966 135.355 -37.886
12.132 15.205 9.682 31.031 -31.142 144.628 -35.745
12.305 20.271 8.202 29.621 -32.925 157.15 -33.142
12.475 25.673 7.215 29.151 -34.507 173.214 -30.032
12.651 24.513 7.092 26.565 -36.732 8.77 -27.117
12.826 20.409 6.352 27.976 -38.689 21.908 -24.706
13.003 17.067 5.242 28.681 -35.516 33.054 -22.609
13.182 19.432 6.106 28.915 -38.297 45.912 -20.355
13.364 24.384 4.995 26.329 -42.241 62.255 -17.69
13.543 27.84 4.009 25.859 -41.71 81.157 -14.673
13.735 15.533 4.625 25.624 -41.164 91.874 -12.983
13.914 8.972 4.625 23.743 -43.338 98.166 -12.077
14.107 16.93 4.502 25.39 -43.278 110.158 -10.353
14.285 -3.601 3.885 24.213 -42.778 107.636 -10.85
14.466 0.916 3.145 21.393 -47.92 108.349 -11.011
14.643 -3.273 3.638 25.154 -42.765 106.003 -11.544
14.826 -0.32 2.898 23.743 -46.457 105.816 -11.87
15.006 -0.381 3.762 24.449 -43.31 105.58 -12.161
15.191 -0.252 3.515 23.038 -43.365 105.439 -12.463
15.371 -0.221 4.009 24.918 -42.231 105.319 -12.759
15.554 -0.191 3.022 22.098 -44.557 105.22 -13.12
15.734 -0.328 3.515 24.449 -44.359 105.012 -13.507
15.926 -0.305 3.885 22.804 -45.036 104.819 -13.92
16.110 -0.336 4.255 23.509 -44.433 104.598 -14.336
16.296 -0.237 2.652 20.923 -48.033 104.455 -14.827
16.479 -0.305 2.652 23.273 -46.533 104.254 -15.302
16.666 -0.313 2.898 24.684 -42.769 104.043 -15.706
16.848 -0.267 3.885 24.684 -43.304 103.868 -16.124
17.035 -0.221 4.255 22.568 -46.133 103.73 -16.6
17.217 -0.237 3.515 23.038 -47.073 103.576 -17.1
17.401 -0.328 4.255 22.568 -46.133 103.341 -17.593
17.582 -0.267 4.132 24.684 -42.228 103.156 -18.001
17.764 -0.221 3.392 25.154 -42.231 103.01 -18.406
17.945 -0.313 3.515 23.038 -48.046 102.779 -18.94
18.127 -0.252 3.269 25.859 -42.755 102.601 -19.359
18.308 -0.191 3.269 24.449 -43.31 102.476 -19.782
