time gyroz magX magY yaw_mag yaw_gyro yaw_cf yaw_kf
0.401 -0.221 61.934 5.557 -5.127 -0.089 -1.6 -4.985
0.642 -0.305 61.389 5.557 -5.172 -0.417 -1.844 -5.091
0.886 1.747 58.666 6.159 -5.993 1.243 -0.928 -5.281
1.135 -0.336 59.484 5.406 -5.193 1.366 -0.602 -5.259
1.382 -0.351 61.389 5.557 -5.172 -0.821 -2.126 -5.252
1.626 -0.252 61.389 5.256 -4.894 -0.761 -2.001 -5.205
1.868 -0.229 62.75 5.105 -4.651 -0.68 -1.871 -5.141
2.109 -0.29 60.028 6.009 -5.716 -0.841 -2.304 -5.231
2.350 -0.191 60.3 5.557 -5.265 -0.739 -2.097 -5.251
2.590 -0.267 58.122 6.159 -6.049 -0.883 -2.433 -5.352
2.830 -0.313 60.572 6.31 -5.947 -1.153 -2.591 -5.433
3.070 -0.237 60.845 3.75 -3.527 -1.041 -1.787 -5.3
3.317 -0.259 59.211 4.653 -4.493 -1.096 -2.115 -5.264
3.558 -0.145 60.845 6.762 -6.342 -0.775 -2.445 -5.361
3.798 -0.191 60.572 6.31 -5.947 -0.87 -2.393 -5.423
4.045 -0.244 59.211 5.256 -5.073 -1.178 -2.346 -5.428
4.291 -0.32 60.028 5.708 -5.432 -1.617 -2.762 -5.463
4.531 -0.206 59.484 5.105 -4.905 -1.253 -2.349 -5.457
4.773 -0.305 61.389 4.051 -3.775 -1.662 -2.296 -5.401
5.013 -0.244 59.484 4.804 -4.617 -1.528 -2.455 -5.391
5.254 -0.206 59.484 5.708 -5.481 -1.326 -2.572 -5.423
5.494 -0.244 63.294 5.105 -4.611 -1.547 -2.466 -5.415
5.733 -0.29 61.389 5.858 -5.451 -1.907 -2.97 -5.452
5.973 -0.198 60.572 4.804 -4.535 -1.473 -2.392 -5.439
6.214 -0.328 61.389 5.557 -5.172 -2.236 -3.117 -5.467
6.458 -0.305 62.75 6.31 -5.742 -2.298 -3.331 -5.515
6.699 -0.244 63.023 5.858 -5.31 -1.94 -2.951 -5.54
6.942 -0.343 61.934 6.461 -5.956 -2.625 -3.624 -5.598
7.187 -0.298 58.122 5.858 -5.755 -2.485 -3.466 -5.642
7.430 -0.275 57.85 6.009 -5.93 -2.341 -3.418 -5.689
7.677 -0.29 58.122 5.557 -5.461 -2.501 -3.389 -5.72
7.919 -0.32 59.211 5.858 -5.65 -2.824 -3.672 -5.759
8.161 -0.298 61.389 5.557 -5.172 -2.752 -3.478 -5.779
