time gyroz magX magY yaw_mag yaw_gyro yaw_cf yaw_kf
0.216 -0.252 -5.036 -24.863 101.45 -0.306 30.221 14.877
0.519 -0.259 65.473 3.298 -2.884 -0.393 -1.14 12.335
0.822 -0.244 -5.036 -24.863 101.45 -0.445 30.124 23.399
1.127 -0.229 65.473 2.696 -2.358 -0.487 -1.048 20.541
1.430 -0.16 65.473 1.792 -1.568 -0.389 -0.743 18.321
1.725 -0.267 -5.036 -24.863 101.45 -0.728 29.925 25.731
2.024 -0.206 66.017 1.491 -1.294 -0.623 -0.824 23.449
2.320 -0.252 -5.036 -24.863 101.45 -0.837 29.849 29.373
2.616 -0.252 -5.036 -24.863 101.45 -0.911 29.797 34.472
2.912 -0.206 64.384 1.792 -1.594 -0.806 -1.042 32.04
3.208 -0.244 -5.036 -24.863 101.45 -1.027 29.716 36.353
3.503 -0.267 -5.036 -24.863 101.45 -1.202 29.594 40.129
3.798 -0.229 66.017 1.491 -1.294 -1.099 -1.158 37.792
4.095 -0.259 -5.036 -24.863 101.45 -1.32 29.511 41.106
4.391 -0.153 -5.036 -24.863 101.45 -0.825 29.857 44.104
4.685 -0.259 65.744 2.846 -2.479 -1.472 -1.774 41.861
4.985 -0.29 -5.036 -24.863 101.45 -1.736 29.22 44.533
5.294 -0.229 66.017 0.588 -0.51 -1.441 -1.162 42.532
5.602 -0.267 64.657 2.244 -1.988 -1.763 -1.83 40.636
5.898 -0.29 -5.036 -24.863 101.45 -2.0 29.035 43.02
6.197 -0.183 65.2 1.943 -1.707 -1.317 -1.434 41.274
6.493 -0.267 -5.036 -24.863 101.45 -2.001 29.034 43.484
6.788 -0.32 -5.036 -24.863 101.45 -2.492 28.691 45.528
7.083 -0.214 66.562 0.588 -0.506 -1.73 -1.363 43.91
7.381 -0.198 -5.036 -24.863 101.45 -1.659 29.274 45.803
7.677 -0.252 -5.036 -24.863 101.45 -2.187 28.904 47.561
7.972 -0.313 64.928 3.6 -3.174 -2.808 -2.918 45.929
8.268 -0.206 -5.036 -24.863 101.45 -1.909 29.099 47.581
8.563 -0.252 -5.036 -24.863 101.45 -2.41 28.748 49.126
8.858 -0.214 66.017 1.491 -1.294 -2.11 -1.865 47.64
9.154 -0.16 -5.036 -24.863 101.45 -1.625 29.298 49.103
9.449 -0.137 -5.036 -24.863 101.45 -1.432 29.433 50.502
9.744 -0.305 64.112 3.75 -3.347 -3.277 -3.298 49.045
10.043 -0.29 -5.036 -24.863 101.45 -3.202 28.194 50.356
10.338 -0.153 -5.036 -24.863 101.45 -1.735 29.22 51.61
10.633 -0.198 66.833 1.641 -1.407 -2.303 -2.034 50.282
10.929 -0.191 -5.036 -24.863 101.45 -2.278 28.84 51.473
11.229 -0.252 -5.036 -24.863 101.45 -3.082 28.278 52.609
11.525 -0.275 65.2 1.641 -1.442 -3.444 -2.843 51.335
11.826 -0.221 -5.036 -24.863 101.45 -2.835 28.45 52.431
12.122 -0.221 65.2 1.943 -1.707 -2.9 -2.542 51.214
12.419 -0.244 65.2 1.039 -0.913 -3.274 -2.566 50.056
12.715 -0.32 -5.036 -24.863 101.45 -4.389 27.363 51.101
13.011 -0.305 66.833 1.943 -1.665 -4.273 -3.491 49.976
13.309 -0.214 66.833 2.846 -2.438 -3.062 -2.875 48.89
13.605 -0.29 -5.036 -24.863 101.45 -4.235 27.47 49.896
13.900 -0.267 66.562 2.093 -1.801 -3.978 -3.325 48.851
14.201 -0.168 -5.036 -24.863 101.45 -2.554 28.647 49.824
14.496 -0.221 -5.036 -24.863 101.45 -3.425 28.037 50.758
14.793 -0.206 64.928 1.491 -1.316 -3.253 -2.672 49.763
15.089 -0.259 -5.036 -24.863 101.45 -4.167 27.518 50.662
15.386 -0.214 -5.036 -24.863 101.45 -3.507 27.98 51.526
15.681 -0.229 65.473 1.491 -1.305 -3.82 -3.066 50.566
15.977 -0.252 -5.036 -24.863 101.45 -4.278 27.44 51.404
16.276 -0.214 -5.036 -24.863 101.45 -3.697 27.847 52.219
16.571 -0.313 66.833 3.449 -2.954 -5.5 -4.736 51.266
16.867 -0.137 -5.036 -24.863 101.45 -2.448 28.721 52.059
17.161 -0.259 -5.036 -24.863 101.45 -4.704 27.142 52.823
17.458 -0.214 62.205 2.696 -2.482 -3.95 -3.51 51.913
17.754 -0.32 -5.036 -24.863 101.45 -6.001 26.234 52.647
18.051 -0.244 66.289 2.545 -2.199 -4.648 -3.913 51.764
18.355 -0.298 65.744 1.943 -1.693 -5.768 -4.546 50.905
18.663 -0.16 -5.036 -24.863 101.45 -3.146 28.233 51.631
18.970 -0.198 65.473 2.696 -2.358 -3.954 -3.475 50.801
19.268 -0.267 -5.036 -24.863 101.45 -5.412 26.647 51.505
19.566 -0.137 -5.036 -24.863 101.45 -2.818 28.462 52.195
