time gyroz magX magY yaw_mag yaw_gyro yaw_cf yaw_kf
0.212 -0.237 6.233 10.852 -60.128 -0.287 -18.239 117.272
0.514 2.266 -26.389 -25.384 136.112 3.431 43.235 118.906
0.815 -0.16 7.764 10.476 -53.457 -0.29 -16.24 104.789
1.126 -0.298 -26.389 -25.384 136.112 -0.634 40.39 107.117
1.430 -0.32 -26.389 -25.384 136.112 -0.778 40.289 109.083
1.733 -0.282 7.305 11.04 -56.508 -0.771 -17.492 98.2
2.046 -0.237 7.458 10.476 -54.552 -0.722 -16.871 88.73
2.713 -0.259 6.999 11.04 -57.627 -0.962 -17.962 80.374
3.019 -0.229 -26.389 -25.384 136.112 -0.92 40.19 83.428
3.336 -0.374 7.458 9.35 -51.422 -1.622 -16.562 76.368
3.644 -0.183 -26.389 -25.384 136.112 -0.85 40.239 79.359
