time gyroz magX magY yaw_mag yaw_gyro yaw_cf yaw_kf
0.327 -0.237 2.115 9.267 -85.195 -85.272 -85.63
0.506 0.252 1.983 5.978 -84.981 -0.109 -85.336
0.685 -0.58 1.454 8.299 -86.315 -0.145 -85.671
0.862 -0.229 1.454 6.751 -86.315 -0.777 -85.847
1.038 -0.336 1.587 8.106 -86.251 -0.578 -85.957
1.218 -0.275 1.719 7.139 -86.128 -0.671 -86.016
1.400 -0.29 1.322 8.493 -86.75 -0.681 -86.152
1.580 -0.229 1.719 9.073 -85.554 -0.652 -86.11
1.755 -0.298 1.851 5.784 -85.793 -0.752 -86.112
1.935 -0.267 2.777 6.751 -83.522 -0.815 -85.892
2.113 -0.267 1.19 8.299 -87.267 -0.831 -86.05
2.289 -0.237 1.454 7.139 -86.598 -0.809 -86.129
2.466 -0.282 1.851 8.106 -85.455 -0.932 -86.114
2.651 -0.275 1.851 9.267 -85.793 -1.011 -86.128
2.829 -0.427 0.793 8.88 -88.009 -1.483 -86.302
3.010 -0.229 1.719 7.139 -86.055 -1.116 -86.321
3.190 -0.282 1.983 8.299 -85.535 -1.129 -86.313
3.370 -0.267 1.454 8.687 -86.598 -1.182 -86.366
3.548 -0.32 1.719 7.526 -86.055 -1.402 -86.391
3.727 -0.244 1.19 7.139 -87.103 -1.229 -86.464
3.903 -0.214 1.322 7.332 -86.684 -1.079 -86.509
4.080 -0.183 2.115 6.945 -84.81 -0.961 -86.461
4.255 -0.282 0.396 7.526 -89.054 -1.383 -86.617
4.434 -0.29 1.851 7.719 -85.713 -1.568 -86.617
4.609 -0.267 0.793 8.88 -87.924 -1.521 -86.71
4.787 -0.343 1.454 8.299 -86.237 -1.909 -86.735
4.962 -0.549 0.661 7.526 -88.422 -3.067 -86.86
5.139 2.64 1.454 7.912 -86.462 13.018 -86.672
5.314 -39.612 1.719 8.687 -85.646 -27.858 -89.537
5.489 -82.321 1.719 10.234 -85.979 48.528 -95.542
5.662 -130.447 0.925 12.943 -87.792 79.088 -105.139
5.837 -100.006 9.255 18.166 -67.919 -174.182 -111.838
6.018 -54.054 11.635 18.166 -62.979 114.697 -115.044
6.198 -20.05 13.089 18.36 -58.274 -178.324 -115.639
6.374 5.936 12.428 20.488 -58.733 17.786 -114.376
6.552 2.472 11.238 19.52 -62.556 22.133 -113.513
6.728 33.249 10.709 19.908 -64.625 46.171 -110.471
6.908 84.32 10.445 18.747 -63.226 75.732 -103.645
7.085 102.028 8.065 16.811 -70.714 -92.812 -95.744
7.268 100.182 5.818 13.91 -76.98 -69.849 -88.158
7.441 84.023 5.024 11.975 -78.057 -174.603 -81.788
7.616 33.951 2.908 8.106 -83.02 162.594 -79.245
7.790 -4.417 2.777 8.687 -83.643 -0.457 -79.548
7.967 -3.441 1.983 9.46 -85.694 -31.831 -79.838
8.141 -5.699 1.454 7.912 -86.531 -49.837 -80.319
8.317 -15.549 2.38 8.88 -84.278 -135.02 -81.468
8.491 -44.373 2.38 7.719 -84.278 147.68 -84.75
8.666 -72.792 1.983 10.234 -85.181 -135.188 -90.162
8.839 -90.912 4.76 15.458 -78.446 23.637 -96.749
9.021 -99.548 5.553 17.392 -76.044 -88.935 -103.924
9.204 -83.977 6.346 17.78 -73.822 27.528 -109.9
9.383 -23.941 6.479 19.52 -74.299 -128.615 -111.443
9.558 7.187 7.404 17.392 -72.359 44.752 -110.63
9.736 7.912 5.818 15.458 -74.795 84.218 -109.816
9.913 59.38 6.214 17.199 -73.978 56.546 -105.159
10.091 98.099 5.95 18.747 -74.302 149.297 -97.628
10.270 92.102 4.627 16.038 -78.18 143.987 -90.622
10.457 90.042 2.908 12.749 -82.736 133.671 -83.867
10.631 66.62 2.512 10.621 -84.022 -101.721 -78.876
10.809 12.344 2.512 8.687 -83.652 20.046 -77.91
10.983 -4.57 1.454 7.912 -86.783 -37.848 -78.275
11.159 -13.718 0.661 8.687 -88.481 -157.649 -79.362
11.333 -51.178 1.454 8.299 -86.237 -53.718 -83.19
11.509 -80.116 1.851 10.427 -85.713 -73.233 -89.168
11.683 -105.37 1.983 13.33 -85.364 -51.154 -97.025
11.866 -109.245 6.081 17.392 -74.465 -141.671 -104.942
12.045 -56.45 7.007 19.133 -72.415 110.815 -108.884
12.222 -1.205 7.272 17.972 -70.23 -71.178 -108.66
12.398 30.716 6.214 16.811 -72.545 -160.388 -106.099
12.575 61.363 4.363 17.586 -78.837 -97.644 -101.376
12.753 106.033 4.495 16.619 -79.683 153.602 -93.325
12.934 120.277 1.719 14.877 -86.055 41.696 -84.333
13.120 70.557 0.793 11.588 -88.228 145.985 -79.091
13.295 31.105 2.248 7.912 -85.121 -55.902 -76.731
13.469 -7.271 1.587 7.332 -86.178 -66.828 -77.265
13.646 0.0 1.322 8.106 -86.614 -7.271 -77.269
13.819 -0.221 1.719 7.526 -85.901 -3.054 -77.279
13.994 -0.298 1.454 7.139 -86.315 -4.391 -77.307
14.168 -0.282 1.587 6.945 -86.323 -4.293 -77.339
14.343 -0.282 1.587 7.719 -86.101 -4.327 -77.369
14.517 -0.282 1.983 6.365 -85.364 -4.376 -77.388
14.692 -0.328 0.529 7.719 -88.796 -5.101 -77.482
14.866 -0.237 1.058 9.267 -87.546 -3.851 -77.547
15.043 -0.282 0.529 5.784 -88.839 -4.479 -77.643
15.217 -0.32 1.851 8.106 -85.544 -5.151 -77.68
15.391 -0.267 1.851 7.719 -85.63 -4.429 -77.718
15.566 -0.32 1.587 8.106 -86.391 -5.248 -77.777
15.742 -0.191 1.058 6.559 -87.345 -3.327 -77.847
15.918 -0.259 1.983 6.365 -85.181 -4.314 -77.883
16.096 -0.267 1.851 8.493 -85.265 -4.557 -77.924
16.271 -0.259 1.719 7.139 -86.055 -4.481 -77.982
16.449 -0.252 1.19 7.139 -87.103 -4.404 -78.061
16.623 -0.267 0.396 7.139 -89.072 -4.69 -78.181
16.800 -0.343 0.529 6.559 -88.796 -6.029 -78.302
16.974 -0.275 1.454 7.912 -86.598 -5.011 -78.377
