time gyroz magX magY yaw_mag yaw_gyro yaw_cf yaw_kf
0.205 -0.206 -5.036 -24.863 101.45 -0.042 30.406 81.032
0.257 -0.343 66.017 3.6 -3.121 -0.294 -1.142 43.527
0.309 -0.214 -5.036 -24.863 101.45 -0.409 30.149 61.357
0.360 -0.259 66.017 2.997 -2.599 -0.307 -0.995 46.247
0.413 -0.252 -5.036 -24.863 101.45 -0.363 30.181 56.758
0.463 -0.237 -5.036 -24.863 101.45 -0.362 30.182 63.907
0.514 -0.114 63.294 2.093 -1.894 -0.296 -0.775 54.767
0.566 -0.198 -5.036 -24.863 101.45 -0.226 30.277 60.433
0.617 -0.237 63.567 2.244 -2.022 -0.344 -0.847 53.599
0.669 -0.221 -5.036 -24.863 101.45 -0.385 30.165 58.28
0.719 -0.244 -5.036 -24.863 101.45 -0.396 30.158 62.133
0.768 -0.244 65.2 3.148 -2.764 -0.431 -1.131 56.732
0.820 -0.244 -5.036 -24.863 101.45 -0.444 30.124 60.13
0.869 -0.214 64.384 2.395 -2.13 -0.43 -0.94 55.647
0.920 -0.183 -5.036 -24.863 101.45 -0.382 30.168 58.687
0.970 -0.244 -5.036 -24.863 101.45 -0.42 30.141 61.356
1.020 -0.252 64.657 3.148 -2.787 -0.501 -1.187 57.499
1.071 -0.282 -5.036 -24.863 101.45 -0.554 30.047 59.95
1.121 -0.175 64.657 1.943 -1.721 -0.478 -0.851 56.602
1.173 -0.252 -5.036 -24.863 101.45 -0.471 30.105 58.871
1.223 -0.168 -5.036 -24.863 101.45 -0.457 30.115 60.94
1.273 -0.221 65.473 3.298 -2.884 -0.449 -1.18 57.9
1.325 -0.168 -5.036 -24.863 101.45 -0.444 30.124 59.849
1.375 -0.229 63.023 3.449 -3.132 -0.483 -1.278 57.065
1.427 -0.183 -5.036 -24.863 101.45 -0.49 30.092 58.907
1.477 -0.214 -5.036 -24.863 101.45 -0.499 30.086 60.615
1.526 -0.229 65.473 2.997 -2.621 -0.563 -1.18 58.087
1.577 -0.198 -5.036 -24.863 101.45 -0.541 30.056 59.72
1.627 -0.282 67.651 2.997 -2.537 -0.657 -1.221 57.365
1.679 -0.221 -5.036 -24.863 101.45 -0.653 29.978 58.929
1.728 -0.305 -5.036 -24.863 101.45 -0.748 29.911 60.394
1.778 -0.206 66.017 2.696 -2.339 -0.671 -1.171 58.206
1.829 -0.221 -5.036 -24.863 101.45 -0.61 30.008 59.628
1.879 -0.29 67.378 2.846 -2.419 -0.766 -1.262 57.551
1.930 -0.237 -5.036 -24.863 101.45 -0.747 29.912 58.927
1.981 -0.252 -5.036 -24.863 101.45 -0.736 29.92 60.234
2.031 -0.214 64.384 2.696 -2.398 -0.687 -1.2 58.271
2.082 -0.229 -5.036 -24.863 101.45 -0.691 29.951 59.546
2.132 -0.237 67.378 2.244 -1.908 -0.734 -1.086 57.685
2.184 -0.305 -5.036 -24.863 101.45 -0.903 29.803 58.923
2.233 -0.183 -5.036 -24.863 101.45 -0.714 29.935 60.119
2.283 -0.13 66.289 2.545 -2.199 -0.48 -0.996 58.334
2.334 -0.252 -5.036 -24.863 101.45 -0.718 29.932 59.501
2.383 -0.252 65.473 2.696 -2.358 -0.853 -1.304 57.768
2.434 -0.259 -5.036 -24.863 101.45 -0.882 29.818 58.913
2.484 -0.183 -5.036 -24.863 101.45 -0.714 29.935 60.024
2.533 -0.313 64.384 4.202 -3.734 -0.976 -1.803 58.303
2.585 -0.206 -5.036 -24.863 101.45 -0.846 29.843 59.397
2.635 -0.221 64.657 3.449 -3.053 -0.788 -1.467 57.756
2.687 -0.221 -5.036 -24.863 101.45 -0.815 29.864 58.835
2.736 -0.221 -5.036 -24.863 101.45 -0.826 29.857 59.879
2.785 -0.137 63.567 1.943 -1.751 -0.603 -0.947 58.32
2.836 -0.175 -5.036 -24.863 101.45 -0.633 29.992 59.358
2.886 -0.198 65.2 3.75 -3.292 -0.746 -1.51 57.796
2.937 -0.305 -5.036 -24.863 101.45 -1.094 29.669 58.813
2.987 -0.267 -5.036 -24.863 101.45 -1.103 29.663 59.803
3.037 -0.244 63.839 2.395 -2.149 -1.008 -1.35 58.294
3.088 -0.282 -5.036 -24.863 101.45 -1.115 29.654 59.277
3.138 -0.259 65.473 2.395 -2.095 -1.095 -1.395 57.8
3.190 -0.221 -5.036 -24.863 101.45 -0.964 29.76 58.784
3.240 -0.175 -5.036 -24.863 101.45 -0.788 29.883 59.746
3.290 -0.206 67.378 3.148 -2.675 -0.853 -1.4 58.282
3.341 -0.122 -5.036 -24.863 101.45 -0.614 30.005 59.247
3.390 -0.244 65.473 2.395 -2.095 -0.949 -1.293 57.821
3.441 -0.198 -5.036 -24.863 101.45 -0.925 29.787 58.774
3.490 -0.328 -5.036 -24.863 101.45 -1.343 29.495 59.691
3.539 -0.206 64.657 3.148 -2.787 -1.057 -1.576 58.268
3.590 -0.259 -5.036 -24.863 101.45 -1.136 29.64 59.191
3.641 -0.145 62.478 3.148 -2.884 -0.787 -1.416 57.796
3.693 -0.252 -5.036 -24.863 101.45 -1.076 29.682 58.719
3.742 -0.168 -5.036 -24.863 101.45 -0.881 29.818 59.631
3.792 -0.214 61.661 1.792 -1.665 -0.979 -1.185 58.266
3.843 -0.168 -5.036 -24.863 101.45 -0.86 29.833 59.177
3.893 -0.221 66.562 3.6 -3.096 -1.028 -1.648 57.8
3.944 -0.282 -5.036 -24.863 101.45 -1.333 29.502 58.7
3.993 -0.221 -5.036 -24.863 101.45 -1.164 29.62 59.588
4.042 -0.305 62.75 3.298 -3.009 -1.454 -1.92 58.211
4.093 -0.229 -5.036 -24.863 101.45 -1.242 29.566 59.1
4.157 -0.259 65.2 3.148 -2.764 -1.306 -1.743 57.75
4.208 -0.214 -5.036 -24.863 101.45 -1.16 29.623 58.642
4.258 -0.313 -5.036 -24.863 101.45 -1.547 29.352 59.506
4.307 -0.259 63.567 3.449 -3.106 -1.429 -1.932 58.154
4.358 -0.198 -5.036 -24.863 101.45 -1.122 29.65 59.033
4.418 -0.229 64.112 2.244 -2.005 -1.21 -1.448 57.722
4.469 -0.206 -5.036 -24.863 101.45 -1.15 29.63 58.604
4.520 -0.313 -5.036 -24.863 101.45 -1.621 29.3 59.457
4.570 -0.305 64.928 3.298 -2.908 -1.707 -2.067 58.12
4.624 -0.221 -5.036 -24.863 101.45 -1.327 29.506 58.987
4.691 -0.191 65.744 3.148 -2.741 -1.117 -1.604 57.68
4.742 -0.191 -5.036 -24.863 101.45 -1.097 29.667 58.554
4.792 -0.298 66.017 2.696 -2.339 -1.619 -1.835 57.256
4.843 -0.298 -5.036 -24.863 101.45 -1.741 29.216 58.123
4.896 -0.237 -5.036 -24.863 101.45 -1.458 29.414 58.98
4.947 -0.237 62.75 3.6 -3.283 -1.409 -1.971 57.669
5.000 -0.198 -5.036 -24.863 101.45 -1.227 29.576 58.536
5.050 -0.13 67.106 2.395 -2.044 -0.855 -1.212 57.273
5.102 -0.259 -5.036 -24.863 101.45 -1.451 29.419 58.137
5.152 -0.305 -5.036 -24.863 101.45 -1.83 29.154 58.981
5.201 -0.168 63.567 3.449 -3.106 -1.179 -1.757 57.691
5.252 -0.282 -5.036 -24.863 101.45 -1.649 29.281 58.542
5.302 -0.198 66.017 2.696 -2.339 -1.332 -1.634 57.275
5.353 -0.267 -5.036 -24.863 101.45 -1.627 29.296 58.133
