time gyroz magX magY yaw_mag yaw_gyro yaw_cf yaw_kf
0.216 -0.252 -5.036 -24.863 101.45 -0.306 30.221 14.951
0.402 -0.267 64.657 4.051 -3.585 -0.374 -1.337 12.23
0.587 -0.267 -5.036 -24.863 101.45 -0.424 30.138 23.528
0.764 -0.221 64.928 2.093 -1.846 -0.39 -0.827 20.636
0.950 -0.29 -5.036 -24.863 101.45 -0.565 30.04 28.86
1.129 -0.191 65.473 2.395 -2.095 -0.407 -0.913 25.979
1.310 -0.221 -5.036 -24.863 101.45 -0.511 30.077 32.254
1.489 -0.206 -5.036 -24.863 101.45 -0.513 30.076 37.537
1.668 -0.221 67.106 2.395 -2.044 -0.59 -1.026 34.653
1.850 -0.29 -5.036 -24.863 101.45 -0.827 29.856 39.13
2.031 -0.305 64.112 2.846 -2.542 -0.924 -1.409 36.484
2.212 -0.214 -5.036 -24.863 101.45 -0.687 29.954 40.314
2.394 -0.137 67.106 2.093 -1.786 -0.465 -0.861 37.926
2.582 -0.153 -5.036 -24.863 101.45 -0.548 30.051 41.242
2.769 -0.175 65.744 3.449 -3.003 -0.66 -1.363 38.998
2.954 -0.259 -5.036 -24.863 101.45 -1.024 29.718 41.952
3.145 -0.153 67.651 2.997 -2.537 -0.634 -1.205 39.886
3.333 -0.221 -5.036 -24.863 101.45 -0.958 29.764 42.572
3.517 -0.206 63.839 3.298 -2.957 -0.931 -1.539 40.641
3.699 -0.214 -5.036 -24.863 101.45 -1.006 29.731 43.023
3.881 -0.237 -5.036 -24.863 101.45 -1.157 29.625 45.258
4.062 -0.168 67.378 3.148 -2.675 -0.85 -1.398 43.445
4.243 -0.282 -5.036 -24.863 101.45 -1.479 29.4 45.505
4.423 -0.198 65.473 2.093 -1.831 -1.074 -1.301 43.83
4.605 -0.175 -5.036 -24.863 101.45 -0.981 29.748 45.75
4.785 -0.259 65.744 1.943 -1.693 -1.498 -1.556 44.168
4.966 -0.252 -5.036 -24.863 101.45 -1.503 29.383 45.955
5.145 -0.191 -5.036 -24.863 101.45 -1.174 29.613 47.619
5.325 -0.252 65.2 2.244 -1.971 -1.594 -1.707 46.112
