time gyroz magX magY yaw_rm yaw_rg yaw_cf yaw_kf
0.395 -0.237 60.57 3.9 -3.684 -0.094 -2.786 -3.684
1.586 -0.244 60.03 3.9 -3.717 -0.624 -2.944 -3.72
2.779 -0.229 61.39 4.65 -4.332 -0.88 -3.469 -4.102
3.969 -47.577 66.56 6.91 -5.927 -9.062 -6.711 -5.897
5.165 -102.135 100.32 12.33 -7.007 -35.104 -14.031 -12.745
6.337 -5.844 115.84 -4.38 2.165 -139.168 -33.168 -15.479
7.518 -94.528 102.22 -2.88 1.614 -176.506 -42.916 -29.853
8.702 -45.692 84.8 5.26 -3.549 47.86 9.303 -35.46
9.877 14.084 85.89 6.76 -4.5 93.416 19.979 -35.869
11.061 12.68 81.26 1.49 -1.05 154.337 37.797 -37.118
12.243 -36.819 47.78 15.5 -17.973 101.905 11.997 -41.261
13.424 -4.738 49.14 11.43 -13.094 -100.422 -34.926 -43.569
14.627 -1.617 46.14 7.67 -9.438 -28.39 -14.176 -46.348
15.841 -16.502 55.4 10.68 -10.912 -83.025 -28.94 -48.96
17.034 -8.423 71.19 6.76 -5.424 -159.979 -44.063 -51.43
18.222 23.918 72.55 6.91 -5.441 -112.589 -32.228 -44.933
19.407 -0.153 61.39 4.05 -3.774 20.949 2.407 -42.262
20.593 -0.229 60.84 5.26 -4.941 -4.869 -4.923 -10.273
21.781 -0.107 59.48 4.5 -4.327 -2.56 -3.885 -7.673
