time gyroz magX magY yaw_rm yaw_rg yaw_cf yaw_kf
0.392 -0.198 62.75 4.2 -3.829 -0.078 -2.891 -3.829
1.579 -0.198 60.57 3.9 -3.684 -0.511 -2.891 -3.854
2.762 -0.145 60.03 3.9 -3.717 -0.598 -2.937 -3.802
3.946 -63.538 66.29 6.76 -5.823 -250.866 -67.084 -6.548
5.133 -100.677 97.32 13.09 -7.661 -580.313 -150.824 -12.322
6.311 -99.701 104.95 -4.38 2.39 -729.89 -180.68 -16.739
7.49 -25.208 92.15 -1.22 0.759 -288.509 -71.558 -20.011
8.669 -2.739 74.46 6.16 -4.729 -48.952 -15.785 -22.228
9.856 15.594 70.65 5.56 -4.5 150.955 34.364 -17.739
11.053 -0.267 59.48 3.9 -3.751 12.643 0.348 -16.913
12.259 -0.275 63.57 4.05 -3.645 -3.638 -3.643 -5.327
13.456 -0.183 62.75 6.61 -6.013 -2.737 -5.194 -5.658
