time gyroz magX magY yaw_mag yaw_gyro yaw_cf yaw_kf
0.252 -0.259 64.384 3.298 -2.932 -0.065 -0.925 -2.959
0.359 -0.237 64.928 2.997 -2.643 -0.344 -1.034 -2.838
0.461 -0.229 -5.036 -24.863 101.45 -0.343 30.195 29.289
0.562 -0.244 64.384 3.298 -2.932 -0.366 -1.136 21.669
0.663 -0.198 64.928 3.298 -2.908 -0.375 -1.135 16.95
0.764 -0.259 62.75 3.298 -3.009 -0.396 -1.18 13.714
0.865 -0.313 65.744 3.449 -3.003 -0.53 -1.272 11.36
0.966 -0.305 -5.036 -24.863 101.45 -0.608 30.009 22.31
1.066 -0.252 63.839 2.997 -2.688 -0.574 -1.208 19.558
1.167 -0.237 63.567 1.943 -1.751 -0.529 -0.896 17.428
1.268 -0.259 64.384 3.6 -3.2 -0.565 -1.356 15.538
1.369 -0.191 65.473 2.696 -2.358 -0.52 -1.071 14.024
1.470 -0.221 -5.036 -24.863 101.45 -0.516 30.074 20.698
1.570 -0.145 64.384 2.395 -2.13 -0.449 -0.953 19.044
1.673 -0.252 64.384 2.395 -2.13 -0.567 -1.036 17.592
1.775 -0.29 62.75 3.298 -3.009 -0.767 -1.44 16.255
1.880 -0.305 64.112 2.545 -2.273 -0.863 -1.286 15.109
1.982 -0.198 -5.036 -24.863 101.45 -0.697 29.947 19.963
2.082 -0.214 65.473 3.6 -3.147 -0.644 -1.395 18.691
2.184 -0.237 64.657 4.051 -3.585 -0.732 -1.588 17.514
2.287 -0.244 67.651 2.395 -2.028 -0.795 -1.165 16.518
2.388 -0.252 66.562 2.696 -2.319 -0.846 -1.288 15.592
2.489 -0.237 63.567 1.641 -1.479 -0.842 -1.033 14.779
2.591 -0.252 -5.036 -24.863 101.45 -0.89 29.812 18.531
2.692 -0.229 63.567 3.148 -2.835 -0.868 -1.458 17.599
2.794 -0.267 66.017 3.901 -3.382 -0.975 -1.697 16.707
2.895 -0.259 65.473 1.491 -1.305 -1.017 -1.103 15.958
2.996 -0.229 63.839 2.696 -2.418 -0.945 -1.387 15.217
3.097 -0.351 -5.036 -24.863 101.45 -1.316 29.514 18.384
3.197 -0.145 64.657 2.244 -1.988 -0.815 -1.167 17.623
3.298 -0.191 64.112 3.148 -2.811 -0.775 -1.386 16.872
3.400 -0.313 64.112 2.846 -2.542 -1.255 -1.641 16.163
3.501 -0.183 64.112 2.846 -2.542 -0.954 -1.43 15.502
