time gyroz magX magY yaw_mag yaw_gyro yaw_cf yaw_kf
0.357 -0.229 6.214 13.33 -65.007 -0.082 -19.56 -65.242
0.569 -2.182 6.61 15.458 -66.848 -1.242 -20.924 -66.074
0.779 -1.053 7.668 15.458 -63.616 -0.82 -19.659 -65.432
0.990 -0.267 6.479 15.264 -67.001 -0.264 -20.285 -65.88
1.198 -0.229 6.61 14.683 -65.764 -0.274 -19.921 -65.926
1.408 -0.229 5.685 14.491 -68.579 -0.322 -20.799 -66.414
1.618 -0.252 7.668 15.844 -64.174 -0.408 -19.538 -66.164
1.831 -0.366 7.404 14.297 -62.622 -0.67 -19.256 -65.797
2.042 -0.237 5.685 14.491 -68.579 -0.484 -20.912 -66.155
2.257 -0.221 7.139 13.136 -61.477 -0.499 -18.792 -65.746
2.471 -0.259 7.139 13.91 -62.832 -0.64 -19.298 -65.537
2.683 -0.237 6.479 15.264 -67.001 -0.636 -20.546 -65.708
2.898 -0.259 6.479 15.652 -67.513 -0.751 -20.78 -65.897
3.108 -0.313 6.081 13.523 -65.788 -0.973 -20.418 -65.942
3.328 -0.168 5.818 13.136 -66.111 -0.559 -20.225 -65.996
3.538 -0.221 6.479 15.264 -67.001 -0.782 -20.648 -66.105
3.748 1.022 6.081 15.458 -68.526 3.83 -17.877 -66.205
3.957 0.847 5.818 15.458 -69.375 3.352 -18.466 -66.346
4.166 -14.877 8.065 15.264 -62.149 -61.978 -62.029 -67.209
4.374 -53.131 8.462 16.232 -62.466 -52.395 -55.416 -70.87
4.585 -57.983 8.726 19.714 -66.124 -85.852 -79.934 -75.091
4.795 -70.564 11.238 18.36 -58.53 -158.354 -128.407 -79.872
5.005 -57.03 10.974 18.747 -59.656 -105.435 -91.701 -83.762
5.217 -60.982 13.089 18.747 -55.078 -138.143 -113.223 -87.764
5.418 -17.197 12.957 17.392 -53.314 -93.173 -81.215 -88.545
5.619 12.947 12.957 18.553 -55.07 72.749 34.403 -87.232
5.818 0.183 11.635 17.392 -56.218 1.065 -16.12 -86.906
6.019 43.861 12.693 18.166 -55.057 83.999 42.282 -83.362
6.231 73.799 11.635 18.166 -57.361 -80.158 -73.319 -77.724
6.440 74.669 9.123 17.586 -62.581 -59.132 -60.167 -72.207
6.650 64.873 8.726 18.94 -65.264 -108.595 -95.596 -67.488
6.860 71.075 6.743 16.038 -67.196 -52.425 -56.856 -62.368
7.074 30.441 6.081 12.749 -64.5 35.34 5.388 -60.12
7.282 -15.747 5.421 12.555 -66.646 -114.67 -100.263 -61.327
7.495 -37.659 7.007 14.491 -64.194 -102.254 -90.836 -64.064
7.705 -74.867 5.685 16.425 -70.908 -36.85 -47.067 -69.749
7.915 -88.707 7.933 17.78 -65.955 -162.116 -133.268 -76.299
8.125 -104.462 10.974 17.586 -58.035 51.246 18.462 -83.776
8.333 -90.836 14.543 16.232 -48.141 143.064 85.702 -89.974
8.539 -48.927 13.882 14.877 -46.982 122.212 71.454 -93.075
8.740 5.531 14.014 15.071 -47.081 48.341 19.714 -92.181
8.942 39.49 13.089 14.491 -47.91 173.12 106.811 -88.814
9.142 73.334 13.353 16.038 -50.22 130.419 76.227 -83.018
9.344 97.237 10.974 16.811 -56.864 8.583 -11.051 -75.634
9.553 76.82 10.312 18.553 -60.934 -166.139 -134.578 -69.858
9.764 76.241 7.801 19.133 -67.818 -155.583 -129.253 -64.298
9.973 68.802 6.479 16.425 -68.473 146.162 81.772 -59.294
10.184 25.566 5.818 15.458 -69.375 80.364 35.442 -57.502
10.396 -0.832 3.966 13.91 -74.086 -8.649 -28.28 -57.779
10.609 -2.289 5.685 14.491 -68.579 -24.284 -37.572 -58.024
10.821 -0.237 4.76 12.749 -69.526 -2.565 -22.653 -58.141
11.033 -0.252 5.553 14.683 -69.284 -2.78 -22.731 -58.254
11.249 -0.282 4.627 14.877 -72.723 -3.172 -24.037 -58.452
11.466 -0.206 4.627 14.877 -72.723 -2.362 -23.47 -58.641
11.679 -0.237 5.95 14.491 -67.677 -2.768 -22.241 -58.713
11.894 -0.237 4.627 14.877 -72.723 -2.819 -23.79 -58.904
12.106 -0.343 5.024 14.297 -70.638 -4.152 -24.098 -59.052
12.319 -0.267 6.081 15.071 -68.026 -3.289 -22.71 -59.134
12.532 -0.221 5.421 12.169 -65.988 -2.77 -21.735 -59.169
12.744 -0.29 5.156 14.104 -69.919 -3.696 -23.563 -59.298
12.958 -0.229 5.421 14.104 -68.975 -2.967 -22.769 -59.402
13.174 -0.214 4.892 14.877 -71.798 -2.819 -23.513 -59.568
13.390 -0.252 4.627 14.877 -72.723 -3.374 -24.179 -59.755
13.602 -0.32 5.553 15.071 -69.773 -4.353 -23.979 -59.882
13.817 -0.282 5.421 14.491 -69.489 -3.896 -23.574 -60.0
14.033 -0.298 4.892 15.652 -72.643 -4.182 -24.72 -60.186
14.251 -0.145 5.818 14.683 -68.385 -2.066 -21.962 -60.269
14.467 -0.252 4.363 14.877 -73.655 -3.646 -24.649 -60.472
14.682 -0.237 5.818 13.91 -67.302 -3.48 -22.627 -60.538
