time gyroz magX magY yaw_mag yaw_gyro yaw_cf yaw_kf
0.354 -0.305 42.592 34.656 -43.412 -0.108 -43.315
0.559 -1.442 40.285 34.477 -44.636 -1.111 -43.985
0.765 0.359 42.415 33.763 -42.41 -1.167 -43.52
0.977 -0.305 42.06 33.048 -42.138 0.061 -43.237
1.186 -0.168 41.527 31.798 -42.631 -0.504 -43.156
1.393 -0.191 40.995 33.048 -43.128 -0.434 -43.186
1.602 -0.259 40.107 33.941 -44.137 -0.606 -43.357
1.810 -0.267 39.575 34.834 -45.393 -0.742 -43.644
2.018 -0.191 41.705 33.405 -43.645 -0.652 -43.678
2.226 -0.191 41.172 32.869 -43.386 -0.616 -43.683
2.433 -0.389 41.705 34.834 -43.396 -1.137 -43.704
2.645 -0.275 40.995 33.405 -43.636 -1.116 -43.738
2.854 -0.275 42.06 33.048 -42.65 -1.06 -43.695
3.060 -0.244 42.06 34.12 -43.154 -1.022 -43.694
3.282 -0.229 42.237 32.869 -42.909 -0.996 -43.678
3.490 -0.221 42.769 34.12 -42.173 -1.0 -43.618
3.697 -0.298 42.237 31.798 -42.403 -1.323 -43.587
3.906 -0.267 42.592 31.798 -42.919 -1.341 -43.588
4.114 -0.191 42.415 35.549 -42.662 -1.053 -43.571
4.322 -0.237 42.769 34.12 -42.676 -1.215 -43.562
4.530 -0.229 41.527 33.227 -43.393 -1.274 -43.589
4.738 -0.305 41.705 33.405 -43.396 -1.674 -43.621
4.946 -0.298 42.947 33.584 -41.415 -1.779 -43.561
5.155 -0.267 42.06 33.405 -42.138 -1.674 -43.538
5.363 -0.359 41.172 34.299 -44.383 -2.192 -43.618
5.571 -0.298 40.817 34.299 -44.384 -2.019 -43.69
5.779 -0.336 42.947 32.869 -41.928 -2.24 -43.665
5.988 -0.191 41.172 32.869 -44.136 -1.48 -43.716
6.195 -0.359 41.705 33.405 -43.645 -2.415 -43.759
6.402 -0.282 41.527 33.941 -43.643 -2.164 -43.795
6.609 -0.29 41.35 32.691 -43.136 -2.199 -43.813
6.817 -0.175 42.06 32.691 -42.903 -1.483 -43.814
7.025 -0.519 41.35 34.834 -43.889 -3.821 -43.874
7.233 -15.732 41.705 33.763 -42.892 -114.309 -45.015
7.439 -55.565 40.64 35.906 -43.632 110.92 -49.104
7.641 -77.858 40.995 39.122 -43.887 -110.478 -54.842
7.851 -82.634 42.415 40.908 -42.662 173.382 -60.899
8.062 -68.542 46.141 44.302 -38.086 -95.22 -65.786
8.269 -47.134 48.094 41.623 -36.543 81.707 -69.059
8.477 -18.99 49.336 41.801 -37.267 -28.112 -70.283
8.678 0.565 49.868 41.98 -36.076 -14.087 -70.031
8.880 2.274 49.691 42.159 -36.815 20.758 -69.671
9.089 9.125 50.046 41.801 -36.108 85.211 -68.782
9.299 24.612 50.933 41.623 -35.245 57.992 -66.723
9.507 42.213 49.336 42.159 -36.24 -114.069 -63.388
9.715 40.314 47.916 41.801 -39.33 -106.136 -60.268
9.920 41.748 46.674 43.052 -38.422 -85.546 -57.012
10.129 41.847 47.384 42.337 -39.767 -74.384 -53.78
10.338 35.95 48.448 38.764 -38.649 -126.502 -50.952
10.547 34.081 47.916 38.229 -39.083 -144.598 -48.272
10.758 25.909 45.786 36.799 -40.86 132.81 -46.241
10.964 25.047 46.319 35.192 -40.161 120.524 -44.258
11.172 -2.93 46.496 35.37 -39.928 -7.687 -44.345
11.374 1.77 45.432 32.869 -41.08 17.202 -44.115
11.577 -12.657 43.834 35.549 -42.222 -144.76 -44.985
11.786 -7.652 46.851 35.728 -40.938 -102.843 -45.458
11.991 -12.558 47.029 36.264 -40.224 -158.235 -46.281
12.191 -36.598 46.496 36.085 -41.154 81.276 -48.916
12.393 -50.903 46.496 40.015 -40.669 -127.439 -52.606
12.603 -63.4 46.496 41.087 -40.178 50.067 -57.219
12.818 -65.483 51.11 41.801 -36.044 -2.761 -61.898
13.022 -44.891 55.547 42.337 -33.683 -110.054 -64.995
13.223 -52.277 56.257 42.337 -33.103 163.85 -68.631
13.426 -17.044 59.096 42.695 -30.356 -101.11 -69.584
13.630 -18.188 63.001 43.409 -28.3 -84.946 -70.575
13.833 -2.495 65.485 44.481 -27.385 -52.701 -70.376
14.035 52.673 66.905 44.481 -25.461 -163.229 -66.02
14.245 88.959 63.711 44.838 -27.304 59.894 -58.992
14.453 91.301 58.919 42.873 -31.782 148.532 -51.879
14.668 74.066 53.95 41.087 -36.283 -82.299 -46.142
14.878 44.991 50.046 37.871 -37.869 -156.558 -42.607
15.084 27.71 46.674 34.834 -41.165 -77.031 -40.432
15.289 3.723 41.882 32.869 -42.898 84.631 -40.088
15.495 -10.056 42.947 33.941 -42.433 -152.095 -40.768
15.703 -15.701 42.769 34.477 -42.924 -76.609 -41.884
15.910 7.668 40.64 33.405 -43.377 106.297 -41.266
16.117 -7.355 41.172 33.584 -43.639 -110.873 -41.779
16.325 -38.124 40.64 34.834 -43.119 -89.729 -44.588
16.531 -58.273 39.753 35.37 -45.631 -101.435 -48.96
16.742 -80.109 42.06 38.764 -43.649 -139.458 -54.93
16.961 -94.505 45.964 44.124 -40.873 -63.008 -61.927
17.173 -74.707 51.998 43.052 -34.43 -117.448 -67.314
17.380 -91.515 51.465 42.873 -34.053 -45.238 -73.954
17.581 -25.047 55.725 41.444 -31.717 8.134 -75.561
17.799 23.872 50.933 40.551 -35.245 -140.149 -73.562
18.009 40.268 52.353 39.836 -33.991 -150.942 -70.298
18.215 59.624 53.95 42.159 -32.811 -133.681 -65.548
18.417 86.296 53.24 42.516 -34.185 28.937 -58.815
18.625 90.05 50.223 41.623 -36.649 143.477 -51.84
18.839 96.046 47.739 37.693 -39.062 -80.539 -44.457
19.049 49.957 46.674 35.192 -39.945 147.677 -40.55
19.256 19.218 43.834 35.192 -42.712 -119.981 -39.008
19.465 0.381 43.834 33.405 -40.446 26.634 -38.842
19.674 -5.348 41.35 30.904 -44.136 -104.836 -39.184
19.882 -6.31 40.817 32.512 -44.384 -130.803 -39.607
20.089 -13.191 42.06 33.763 -43.154 -91.304 -40.53
20.295 -19.386 42.415 34.477 -43.409 133.37 -41.928
20.497 -25.208 41.882 36.799 -43.399 3.926 -43.768
20.699 -38.422 39.753 36.799 -45.141 79.495 -46.639
20.908 -38.376 39.753 38.943 -44.643 59.213 -49.501
21.127 -52.078 41.705 40.908 -42.637 121.372 -53.357
21.347 -49.21 43.124 40.908 -41.684 157.436 -56.981
21.558 -43.381 42.769 40.551 -40.616 -84.418 -60.146
21.767 -82.008 48.981 41.444 -36.176 151.551 -66.136
21.977 -100.723 55.725 39.658 -32.731 44.403 -73.471
22.178 -36.392 56.967 39.479 -32.034 -7.825 -75.943
22.395 1.053 55.37 40.73 -31.881 -12.81 -75.581
22.612 -1.556 55.902 40.908 -32.522 -34.131 -75.42
22.832 24.04 54.837 40.908 -32.259 7.325 -73.314
23.051 57.037 55.37 40.372 -33.397 78.8 -68.733
23.262 63.515 52.353 43.052 -34.249 -85.477 -63.669
23.472 85.472 52.885 42.159 -34.869 89.714 -56.954
23.681 99.663 50.046 42.516 -37.124 105.592 -49.204
23.899 84.702 52.175 37.514 -36.961 143.956 -42.578
24.109 56.32 50.401 36.799 -38.401 -177.479 -38.122
24.315 40.115 46.319 33.405 -41.142 131.716 -34.945
24.522 -3.052 45.077 31.798 -41.793 -34.726 -35.045
24.729 -25.139 46.141 32.869 -41.13 -84.714 -36.81
24.936 7.271 41.527 34.299 -41.049 156.171 -36.133
25.144 -0.046 41.172 33.227 -43.889 6.114 -36.068
25.351 -0.359 41.882 33.584 -43.647 -9.147 -36.028
25.559 -0.298 40.462 31.798 -44.137 -7.976 -35.998
25.766 -0.229 42.237 33.941 -43.651 -6.198 -35.959
25.973 -0.153 42.06 33.048 -43.893 -4.203 -35.925
26.181 -0.229 42.237 32.869 -43.405 -6.148 -35.893
26.388 -0.252 41.35 33.405 -43.889 -6.879 -35.877
26.596 -0.206 41.705 31.976 -42.38 -5.731 -35.835
26.805 -0.313 42.06 32.334 -42.65 -8.596 -35.811
27.013 -0.313 41.172 33.227 -43.639 -8.768 -35.809
27.221 -0.336 42.237 32.869 -42.909 -9.459 -35.801
27.429 -0.221 40.462 32.512 -44.387 -6.398 -35.815
27.638 -0.282 41.705 35.192 -42.892 -8.015 -35.811
27.847 -0.214 40.462 32.869 -44.881 -6.241 -35.842
28.053 -0.259 42.06 34.12 -42.903 -7.48 -35.843
28.261 -0.336 42.237 33.584 -42.657 -9.755 -35.85
28.469 -0.259 41.527 33.227 -43.643 -7.709 -35.873
28.678 -0.259 41.882 32.512 -42.388 -7.687 -35.876
28.886 -0.305 41.172 31.083 -44.136 -9.069 -35.918
29.094 -0.237 43.479 33.763 -42.206 -7.2 -35.923
29.303 -0.191 42.237 32.869 -42.147 -5.834 -35.927
29.513 -0.183 40.995 33.048 -42.348 -5.592 -35.937
29.722 -0.374 43.302 32.155 -42.447 -11.299 -35.966
29.931 -0.259 42.592 33.941 -42.418 -8.126 -35.989
