time gyroz magX magY yaw_mag yaw_gyro yaw_cf yaw_kf
0.318 -0.0025294444444444444 62.971 -6.84 6.199 -0.001 1.859 6.537
0.526 0.008251222222222222 61.729 -10.697 9.831 0.004 2.952 8.005
0.689 0.07719166666666667 63.06 -9.87 8.896 0.053 2.706 8.284
0.854 0.0 63.238 -9.32 8.384 0.0 2.515 8.309
1.019 -0.0039947777777777785 62.084 -7.943 7.291 -0.004 2.184 8.116
1.185 0.00013955555555555558 62.616 -12.35 11.157 0.0 3.347 8.605
1.349 0.0038552222222222226 62.883 -8.217 7.445 0.005 2.237 8.446
1.514 0.0018665555555555558 62.616 -7.943 7.23 0.003 2.171 8.298
1.678 0.0017270000000000002 62.438 -9.594 8.736 0.003 2.623 8.347
1.845 0.000662888888888889 61.995 -8.217 7.55 0.001 2.266 8.269
2.009 0.005058888888888889 62.084 -9.044 8.288 0.01 2.493 8.272
2.175 -0.000662888888888889 61.907 -8.493 7.812 -0.001 2.343 8.234
2.340 -0.0038552222222222226 62.438 -8.493 7.746 -0.009 2.318 8.197
2.506 0.0026690000000000004 61.462 -5.463 5.079 0.007 1.529 7.974
2.671 0.00772788888888889 62.883 -8.768 7.938 0.021 2.396 7.973
2.835 0.00026166666666666667 62.262 -7.391 6.77 0.001 2.032 7.897
2.999 0.004396000000000001 62.616 -10.146 9.204 0.013 2.77 7.975
3.165 0.006262555555555556 62.35 -10.421 9.489 0.02 2.861 8.061
3.329 0.006646333333333334 62.262 -8.493 7.768 0.022 2.346 8.046
3.496 0.0033318888888888894 62.35 -8.768 8.005 0.012 2.41 8.045
3.661 -0.0014653333333333337 62.084 -7.943 7.291 -0.005 2.184 8.008
3.828 -0.0018665555555555558 61.995 -8.217 7.55 -0.007 2.26 7.986
3.991 0.005198444444444445 62.883 -7.667 6.951 0.021 2.1 7.94
4.158 0.005861333333333335 62.35 -7.667 7.01 0.024 2.12 7.9
4.321 -0.0035935555555555556 62.527 -6.564 5.993 -0.016 1.787 7.819
4.491 -0.0010641111111111112 62.173 -9.32 8.525 -0.005 2.554 7.848
4.654 0.005198444444444445 61.462 -11.523 10.619 0.024 3.202 7.957
4.818 0.006524222222222223 61.995 -10.421 9.542 0.031 2.884 8.018
4.981 0.0033318888888888894 62.262 -8.493 7.768 0.017 2.342 8.009
