time,s Volts,V  gyroz magX magY yaw_rm yaw_rg yaw_cf yaw_kf
0.432 -0.092 -0.78 18.42 -92.425 -0.015 -69.322 -92.418
0.449 -0.595 1.3 17.49 -85.749 -0.171 -64.354 -88.409
0.451 -6.462 -1.3 19.36 -93.842 -1.574 -70.775 -91.163
0.453 -3.792 -0.78 18.42 -92.425 -5.927 -70.8 -92.061
0.455 -0.748 -1.82 19.36 -95.37 -5.367 -72.869 -93.911
0.457 -0.038 -1.3 18.11 -94.106 -2.939 -71.314 -94.451
0.459 -0.679 0.52 19.2 -88.449 -1.025 -66.593 -92.45
0.461 -0.656 -1.82 18.74 -95.547 -0.786 -71.857 -93.748
0.463 -0.626 0.0 19.83 -90.0 -0.859 -67.715 -92.694
0.465 -0.511 0.0 19.2 -90.0 -0.917 -67.729 -91.919
0.467 -0.504 -0.78 19.36 -92.307 -0.811 -69.433 -92.05
0.469 0.336 -1.3 18.42 -94.037 -0.623 -70.683 -92.646
0.471 0.023 -0.78 18.42 -92.425 -179.979 -114.314 -92.662
0.473 -0.381 -1.56 17.64 -95.054 -0.017 -71.295 -93.366
0.475 -0.107 0.52 19.52 -88.474 -0.262 -66.421 -92.246
0.477 -0.008 0.52 18.27 -88.37 -0.211 -66.33 -91.296
0.479 -0.015 -2.6 18.89 -97.837 -0.108 -73.405 -92.787
0.481 -0.404 -0.26 18.42 -90.809 -0.1 -68.132 -92.389
0.483 -0.084 1.82 18.42 -84.357 -0.35 -63.355 -90.551
0.485 0.008 0.26 18.74 -89.205 -0.205 -66.955 -90.09
0.487 -0.046 -2.08 18.58 -96.388 -0.096 -72.315 -91.34
0.489 -0.221 -2.08 19.2 -96.183 -0.086 -72.159 -92.393
0.491 -0.549 -1.3 19.05 -93.904 -0.288 -70.5 -92.801
0.493 -0.366 -2.34 17.8 -97.489 -0.596 -73.266 -93.946
