time gyroz magX magY yaw_mag yaw_gyro yaw_cf yaw_kf
0.201 -0.259 -5.036 -24.863 101.45 -0.052 30.399 80.918
0.250 -0.191 63.839 2.395 -2.149 -0.307 -0.86 43.902
0.301 -0.137 -5.036 -24.863 101.45 -0.232 30.273 61.624
0.351 -0.191 65.2 3.449 -3.028 -0.204 -1.051 46.356
0.421 -0.145 -5.036 -24.863 101.45 -0.252 30.259 56.857
0.471 -0.252 -5.036 -24.863 101.45 -0.264 30.25 63.993
0.521 -0.298 66.833 3.449 -2.954 -0.407 -1.171 54.686
0.572 -0.252 -5.036 -24.863 101.45 -0.442 30.126 60.358
0.621 -0.32 65.2 2.244 -1.971 -0.451 -0.907 53.533
0.672 -0.237 -5.036 -24.863 101.45 -0.479 30.1 58.219
0.721 -0.252 -5.036 -24.863 101.45 -0.419 30.142 62.077
0.770 -0.137 63.567 2.244 -2.022 -0.357 -0.856 56.749
0.821 -0.237 -5.036 -24.863 101.45 -0.332 30.203 60.147
0.870 -0.244 63.839 2.997 -2.688 -0.449 -1.121 55.621
0.936 -0.221 -5.036 -24.863 101.45 -0.451 30.119 58.66
0.986 -0.237 64.928 3.6 -3.174 -0.455 -1.271 54.725
1.037 -0.328 -5.036 -24.863 101.45 -0.577 30.031 57.47
1.086 -0.282 -5.036 -24.863 101.45 -0.634 29.991 59.923
1.136 -0.153 64.657 2.545 -2.254 -0.456 -0.995 56.551
1.187 -0.153 -5.036 -24.863 101.45 -0.335 30.2 58.831
1.237 -0.267 64.657 1.641 -1.454 -0.483 -0.774 55.831
1.288 -0.374 -5.036 -24.863 101.45 -0.749 29.911 57.938
1.337 -0.259 -5.036 -24.863 101.45 -0.72 29.931 59.879
1.404 -0.175 65.473 2.696 -2.358 -0.505 -1.061 57.132
1.456 -0.175 -5.036 -24.863 101.45 -0.43 30.134 58.974
1.506 -0.229 63.567 3.75 -3.376 -0.52 -1.377 56.398
1.557 -0.183 -5.036 -24.863 101.45 -0.514 30.075 58.148
1.608 -0.252 -5.036 -24.863 101.45 -0.588 30.023 59.777
1.658 -0.214 63.839 2.395 -2.149 -0.607 -1.07 57.441
1.710 -0.244 -5.036 -24.863 101.45 -0.631 29.993 59.003
1.760 -0.298 66.289 1.34 -1.158 -0.768 -0.885 56.841
1.812 -0.282 -5.036 -24.863 101.45 -0.809 29.869 58.338
1.862 -0.267 -5.036 -24.863 101.45 -0.779 29.89 59.754
1.912 -0.229 64.657 3.148 -2.787 -0.705 -1.33 57.669
1.964 -0.252 -5.036 -24.863 101.45 -0.724 29.928 59.042
2.015 -0.275 66.562 1.792 -1.542 -0.806 -1.027 57.097
2.067 -0.259 -5.036 -24.863 101.45 -0.81 29.868 58.429
