time gyroz magX magY yaw_mag yaw_gyro yaw_cf yaw_kf
0.395 -0.252 59.76 5.26 -5.03 -0.1 -3.798 -5.03
0.398 -0.252 60.57 4.5 -4.249 -0.352 -3.275 -4.573
0.403 3.304 63.02 3.45 -3.134 1.08 -2.08 -3.664
0.407 -0.328 61.39 4.35 -4.053 3.171 -2.247 -3.709
0.413 -0.206 62.48 4.65 -4.256 -0.413 -3.295 -3.864
0.416 -0.229 61.66 4.5 -4.174 -0.301 -3.206 -3.939
0.418 -0.229 62.48 4.05 -3.709 -0.325 -2.863 -3.805
0.422 -0.191 58.94 5.11 -4.955 -0.31 -3.794 -4.189
0.427 -0.229 58.12 3.45 -3.397 -0.289 -2.62 -3.913
0.434 -0.153 60.03 6.31 -6.001 -0.295 -4.574 -4.568
0.436 -0.244 60.57 4.8 -4.531 -0.259 -3.463 -4.601
0.440 -0.229 60.03 4.2 -4.002 -0.345 -3.088 -4.47
0.443 -0.183 60.84 5.56 -5.222 -0.31 -3.994 -4.702
0.447 -0.214 58.94 6.01 -5.822 -0.279 -4.436 -5.042
0.449 -0.244 61.12 4.8 -4.49 -0.324 -3.448 -4.972
0.456 -0.229 60.84 4.05 -3.808 -0.348 -2.943 -4.741
0.460 -0.229 60.84 3.75 -3.527 -0.334 -2.729 -4.476
0.464 -0.16 59.48 5.11 -4.91 -0.303 -3.758 -4.578
0.468 -0.175 61.93 3.75 -3.465 -0.242 -2.659 -4.33
0.473 -0.206 62.75 4.8 -4.374 -0.272 -3.348 -4.325
0.477 -0.214 60.03 4.5 -4.287 -0.308 -3.292 -4.303
0.480 -0.153 61.12 4.2 -3.931 -0.287 -3.02 -4.206
0.482 -0.137 60.3 5.56 -5.268 -0.219 -4.006 -4.423
0.486 -0.244 61.12 5.11 -4.779 -0.256 -3.648 -4.505
0.488 -0.191 59.48 5.71 -5.484 -0.337 -4.197 -4.733
0.492 -0.16 61.93 4.65 -4.294 -0.27 -3.288 -4.666
0.494 -0.259 60.57 4.8 -4.531 -0.288 -3.47 -4.657
0.496 -0.175 59.76 4.35 -4.163 -0.346 -3.209 -4.565
