time gyroz magX magY yaw_mag yaw_gyro yaw_cf yaw_kf
0.253 -0.267 17.157 18.369 -46.954 -0.335 -14.321 -46.12
0.771 -0.221 17.655 18.561 -46.433 -0.391 -14.204 -46.189
1.277 -0.275 18.319 17.597 -43.848 -0.626 -13.593 -45.996
1.785 -0.328 17.821 17.984 -45.261 -0.913 -14.217 -45.976
2.293 -0.229 18.65 17.791 -43.65 -0.754 -13.623 -45.812
2.801 -0.305 17.987 18.176 -45.299 -1.159 -14.401 -45.815
3.311 -0.252 18.65 17.597 -43.336 -1.086 -13.761 -45.676
3.819 -0.313 18.153 17.984 -44.732 -1.508 -14.475 -45.656
4.326 -0.328 18.319 18.369 -45.078 -1.747 -14.746 -45.663
4.831 -0.328 18.484 17.405 -43.278 -1.913 -14.322 -45.566
5.336 -0.359 18.319 18.561 -45.376 -2.275 -15.205 -45.602
5.841 -0.237 18.484 18.754 -45.415 -1.621 -14.759 -45.629
6.348 -0.214 17.987 17.597 -44.372 -1.572 -14.412 -45.599
6.861 -0.343 18.319 18.176 -44.775 -2.696 -15.32 -45.606
7.369 -0.237 18.319 17.791 -44.162 -1.983 -14.637 -45.577
7.883 -0.32 17.489 17.597 -45.176 -2.843 -15.543 -45.603
8.389 -0.313 17.821 17.791 -44.952 -2.939 -15.543 -45.621
8.894 -0.275 17.987 17.791 -44.686 -2.721 -15.31 -45.624
