time gyroz magX magY yaw_mag yaw_gyro yaw_cf yaw_kf
0.202 -0.198 -5.036 -24.863 101.45 -0.04 30.407 80.407
0.252 -0.198 70.645 6.159 -4.983 -0.248 -1.668 42.358
0.304 0.854 -5.036 -24.863 101.45 0.062 30.478 60.614
0.355 0.252 70.645 6.159 -4.983 0.943 -0.835 45.17
0.409 -0.481 -5.036 -24.863 101.45 0.055 30.473 55.897
0.460 -0.778 -5.036 -24.863 101.45 -0.839 29.848 63.166
0.518 1.48 70.101 7.665 -6.24 -0.011 -1.88 53.644
0.571 -0.443 -5.036 -24.863 101.45 1.227 31.294 59.452
0.625 0.244 70.645 6.762 -5.468 -0.29 -1.843 52.402
0.677 0.015 -5.036 -24.863 101.45 0.254 30.613 57.237
0.728 -0.259 -5.036 -24.863 101.45 -0.174 30.313 61.202
0.780 -0.191 67.922 6.461 -5.434 -0.408 -1.916 55.679
0.834 -0.221 -5.036 -24.863 101.45 -0.375 30.172 59.175
0.886 -0.237 68.467 6.461 -5.391 -0.431 -1.919 54.54
0.939 -0.267 -5.036 -24.863 101.45 -0.488 30.093 57.661
0.990 -0.298 70.917 6.31 -5.085 -0.562 -1.919 53.675
1.043 -0.259 -5.036 -24.863 101.45 -0.568 30.037 56.498
1.094 -0.168 -5.036 -24.863 101.45 -0.443 30.125 59.025
1.145 -0.343 69.556 5.557 -4.568 -0.561 -1.763 55.57
1.198 -0.298 -5.036 -24.863 101.45 -0.7 29.945 57.898
1.251 -0.252 71.19 6.461 -5.186 -0.613 -1.985 54.767
1.304 -0.221 -5.036 -24.863 101.45 -0.54 30.057 56.942
1.369 -0.267 71.461 6.611 -5.286 -0.587 -1.997 54.088
1.422 -0.244 -5.036 -24.863 101.45 -0.614 30.005 56.126
1.474 -0.298 -5.036 -24.863 101.45 -0.683 29.957 58.005
1.525 -0.29 70.101 6.461 -5.266 -0.74 -2.098 55.392
1.578 -0.313 -5.036 -24.863 101.45 -0.784 29.886 57.175
1.635 -0.275 69.283 8.117 -6.682 -0.763 -2.539 54.692
1.691 -0.229 -5.036 -24.863 101.45 -0.662 29.972 56.401
1.745 -0.237 70.372 5.406 -4.393 -0.643 -1.768 54.165
1.798 -0.191 -5.036 -24.863 101.45 -0.58 30.029 55.803
1.850 -0.183 -5.036 -24.863 101.45 -0.53 30.064 57.35
1.904 -0.32 70.917 7.214 -5.808 -0.792 -2.297 55.189
1.960 -0.275 -5.036 -24.863 101.45 -0.859 29.834 56.673
2.012 -0.275 69.828 6.611 -5.408 -0.828 -2.202 54.641
2.066 -0.175 -5.036 -24.863 101.45 -0.637 29.989 56.086
2.118 -0.229 -5.036 -24.863 101.45 -0.66 29.973 57.457
2.169 -0.214 68.74 6.913 -5.743 -0.693 -2.208 55.514
2.222 -0.137 -5.036 -24.863 101.45 -0.518 30.072 56.858
2.281 -0.237 71.19 6.762 -5.426 -0.678 -2.102 55.005
2.335 -0.252 -5.036 -24.863 101.45 -0.825 29.857 56.305
2.386 -0.252 71.734 6.461 -5.147 -0.853 -2.141 54.531
2.439 -0.244 -5.036 -24.863 101.45 -0.847 29.842 55.802
2.490 -0.221 -5.036 -24.863 101.45 -0.794 29.879 57.026
2.546 -0.16 70.101 6.762 -5.51 -0.628 -2.093 55.309
2.598 -0.137 -5.036 -24.863 101.45 -0.516 30.074 56.519
2.651 -0.381 72.006 6.009 -4.77 -1.147 -2.234 54.855
2.704 -0.351 -5.036 -24.863 101.45 -1.33 29.504 56.024
2.765 -0.191 70.372 6.31 -5.124 -0.879 -2.152 54.418
2.818 -0.229 -5.036 -24.863 101.45 -0.836 29.85 55.581
2.870 -0.336 -5.036 -24.863 101.45 -1.193 29.6 56.695
2.928 -0.114 70.372 8.117 -6.58 -0.67 -2.443 55.097
2.981 -0.221 -5.036 -24.863 101.45 -0.773 29.894 56.209
3.031 -0.206 70.645 6.159 -4.983 -0.845 -2.086 54.682
3.084 -0.275 -5.036 -24.863 101.45 -1.054 29.697 55.777
3.136 -0.206 70.917 6.611 -5.326 -0.921 -2.242 54.277
3.207 -0.229 -5.036 -24.863 101.45 -0.94 29.777 55.366
3.259 -0.191 -5.036 -24.863 101.45 -0.851 29.839 56.428
3.310 -0.16 70.917 6.009 -4.843 -0.721 -1.958 54.966
3.364 -0.351 -5.036 -24.863 101.45 -1.341 29.496 56.004
3.415 -0.214 69.283 6.009 -4.957 -1.082 -2.244 54.562
3.468 -0.198 -5.036 -24.863 101.45 -0.901 29.804 55.609
3.518 -0.214 70.645 4.954 -4.011 -0.951 -1.869 54.215
3.572 -0.221 -5.036 -24.863 101.45 -1.003 29.733 55.253
3.629 -0.183 -5.036 -24.863 101.45 -0.885 29.816 56.269
3.679 -0.168 71.461 5.708 -4.567 -0.801 -1.931 54.879
3.732 -0.229 -5.036 -24.863 101.45 -1.023 29.719 55.886
3.783 -0.244 71.461 6.611 -5.286 -1.152 -2.392 54.495
3.839 -0.237 -5.036 -24.863 101.45 -1.154 29.627 55.497
3.890 -0.259 -5.036 -24.863 101.45 -1.245 29.563 56.475
3.940 -0.244 70.101 5.256 -4.288 -1.22 -2.14 55.113
3.993 -0.275 -5.036 -24.863 101.45 -1.342 29.496 56.086
4.046 -0.252 72.824 7.063 -5.54 -1.295 -2.568 54.715
4.099 -0.275 -5.036 -24.863 101.45 -1.379 29.47 55.687
4.149 -0.214 71.734 5.858 -4.669 -1.163 -2.215 54.355
4.202 -0.198 -5.036 -24.863 101.45 -1.046 29.703 55.334
4.254 -0.29 -5.036 -24.863 101.45 -1.432 29.433 56.283
4.305 -0.343 72.006 6.913 -5.484 -1.767 -2.882 54.924
4.357 -0.252 -5.036 -24.863 101.45 -1.441 29.426 55.877
4.408 -0.252 69.012 7.364 -6.091 -1.363 -2.781 54.529
4.463 -0.32 -5.036 -24.863 101.45 -1.68 29.259 55.476
4.515 -0.198 -5.036 -24.863 101.45 -1.214 29.585 56.417
4.566 -0.252 71.19 6.159 -4.945 -1.349 -2.428 55.095
4.619 -0.32 -5.036 -24.863 101.45 -1.73 29.224 56.024
4.673 -0.244 68.196 6.009 -5.036 -1.46 -2.533 54.714
4.726 -0.374 -5.036 -24.863 101.45 -2.012 29.027 55.639
4.777 -0.32 69.283 6.913 -5.698 -1.903 -3.042 54.319
4.830 -0.206 -5.036 -24.863 101.45 -1.315 29.514 55.264
4.884 -0.244 -5.036 -24.863 101.45 -1.398 29.456 56.187
4.935 -0.229 69.556 6.762 -5.553 -1.374 -2.628 54.88
4.989 -0.305 -5.036 -24.863 101.45 -1.751 29.209 55.799
5.043 -0.29 68.196 6.913 -5.788 -1.767 -2.973 54.491
5.100 -0.214 -5.036 -24.863 101.45 -1.381 29.468 55.423
5.152 -0.244 -5.036 -24.863 101.45 -1.471 29.405 56.335
5.204 -0.237 69.012 6.159 -5.1 -1.477 -2.564 55.045
5.261 -0.237 -5.036 -24.863 101.45 -1.484 29.396 55.96
5.314 -0.244 72.279 5.858 -4.634 -1.534 -2.464 54.689
5.367 -0.29 -5.036 -24.863 101.45 -1.8 29.175 55.602
5.418 -0.252 71.734 5.256 -4.191 -1.655 -2.416 54.348
5.473 -0.259 -5.036 -24.863 101.45 -1.67 29.266 55.268
5.526 -0.298 -5.036 -24.863 101.45 -1.906 29.101 56.167
5.577 -0.198 70.645 7.063 -5.709 -1.402 -2.694 54.883
5.630 -0.328 -5.036 -24.863 101.45 -2.045 29.004 55.783
5.682 -0.229 72.279 5.858 -4.634 -1.629 -2.53 54.527
5.736 -0.153 -5.036 -24.863 101.45 -1.107 29.66 55.45
5.790 -0.267 69.012 6.762 -5.596 -1.699 -2.868 54.178
5.844 -0.137 -5.036 -24.863 101.45 -1.068 29.687 55.107
5.903 -0.252 -5.036 -24.863 101.45 -1.625 29.298 56.008
5.957 -0.191 72.006 7.515 -5.958 -1.39 -2.76 54.732
6.011 -0.168 -5.036 -24.863 101.45 -1.201 29.594 55.647
6.063 -0.183 72.551 6.913 -5.443 -1.278 -2.528 54.391
6.120 -0.191 -5.036 -24.863 101.45 -1.352 29.489 55.307
6.171 -0.359 70.917 7.515 -6.049 -2.406 -3.499 54.027
6.224 -0.229 -5.036 -24.863 101.45 -1.784 29.186 54.944
6.275 -0.244 -5.036 -24.863 101.45 -1.76 29.203 55.844
6.327 -0.16 68.74 6.913 -5.743 -1.256 -2.602 54.585
6.382 -0.229 -5.036 -24.863 101.45 -1.621 29.3 55.492
6.435 -0.13 71.19 7.063 -5.666 -1.066 -2.446 54.245
6.489 -0.313 -5.036 -24.863 101.45 -2.161 28.922 55.147
6.541 -0.175 -5.036 -24.863 101.45 -1.458 29.414 56.049
6.594 -0.237 72.824 7.063 -5.54 -1.738 -2.879 54.787
6.647 -0.244 -5.036 -24.863 101.45 -1.859 29.134 55.686
6.700 -0.252 70.645 6.762 -5.468 -1.932 -2.993 54.43
6.752 -0.275 -5.036 -24.863 101.45 -2.109 28.959 55.331
6.806 -0.259 70.645 6.461 -5.226 -2.038 -2.994 54.086
