time gyroz magX magY yaw_mag yaw_gyro yaw_cf yaw_kf
0.324 -0.275 1.454 7.912 -86.39 -0.089 -86.699
0.497 -0.122 1.719 8.299 -86.055 -0.336 -86.427
0.669 0.771 1.058 6.945 -87.398 0.394 -86.691
0.843 -0.29 1.058 6.945 -87.231 0.527 -86.83
1.016 -0.275 1.058 6.945 -87.45 -0.569 -86.965
1.192 -0.282 1.719 6.751 -86.198 -0.611 -86.863
1.367 -0.244 1.322 7.332 -86.75 -0.616 -86.868
1.540 -0.229 1.851 6.171 -85.63 -0.597 -86.739
1.712 -0.206 1.983 8.299 -85.083 -0.582 -86.581
1.885 -0.32 0.661 9.073 -88.481 -0.809 -86.798
2.058 -0.168 1.322 8.106 -86.876 -0.666 -86.827
2.233 -0.229 1.454 7.139 -86.531 -0.679 -86.828
2.405 -0.206 1.322 7.719 -86.814 -0.724 -86.852
2.578 -3.868 1.058 9.654 -87.636 -10.178 -87.194
2.751 -43.587 1.719 8.687 -86.128 -123.776 -90.254
2.933 -104.378 2.644 9.267 -83.648 -169.728 -97.523
3.105 -101.028 4.363 12.169 -79.885 121.93 -104.388
3.293 -99.037 6.743 14.877 -74.299 112.843 -110.866
3.478 -123.138 8.329 16.811 -71.193 12.689 -118.998
3.660 -38.765 12.164 16.232 -62.416 -85.018 -120.692
3.830 -5.852 12.164 17.005 -61.437 -61.178 -120.055
4.004 1.03 13.089 17.972 -61.844 -1.728 -119.016
4.173 3.418 12.428 16.232 -60.918 15.293 -117.825
4.345 6.248 11.37 16.619 -63.031 30.566 -116.577
4.514 2.174 11.767 16.811 -63.42 16.061 -115.685
4.694 -1.846 12.428 16.619 -61.908 -6.491 -115.06
4.863 -0.107 10.709 16.811 -65.942 -2.366 -114.505
5.044 0.282 12.693 17.005 -61.881 1.315 -113.789
5.213 -0.679 10.577 16.232 -67.575 -3.258 -113.383
5.386 0.298 11.503 16.425 -64.81 0.926 -112.819
5.555 -0.359 11.106 15.458 -63.572 -1.696 -112.277
5.735 -0.008 12.295 15.652 -63.31 -0.405 -111.718
5.913 -1.259 12.031 15.652 -62.908 -7.452 -111.254
6.092 0.519 12.164 15.071 -62.416 1.903 -110.659
6.270 -0.214 12.295 17.199 -64.166 -0.823 -110.187
6.441 0.122 11.635 17.78 -63.903 0.572 -109.694
6.619 1.236 11.767 16.038 -62.954 8.303 -109.099
6.789 -1.266 11.238 16.038 -64.007 -7.359 -108.73
6.958 -0.725 12.428 16.619 -60.397 -6.311 -108.223
7.129 2.899 11.767 16.811 -64.73 19.942 -107.586
7.307 94.627 11.238 16.811 -64.007 154.338 -100.176
7.486 162.903 9.255 17.392 -69.089 54.119 -87.873
7.659 141.205 6.875 15.844 -74.984 -15.608 -77.32
7.837 58.144 2.512 9.847 -84.351 56.88 -73.139
8.009 -1.106 1.587 10.427 -86.101 49.286 -73.371
8.183 0.961 2.644 9.267 -83.521 6.758 -73.381
8.355 -0.572 1.322 9.267 -86.935 -3.818 -73.592
8.530 -0.015 1.322 10.427 -86.684 -0.7 -73.753
8.702 -0.267 1.983 11.008 -85.274 -2.338 -73.895
8.877 -0.298 2.512 9.46 -84.135 -2.912 -74.01
9.049 -0.275 0.925 9.847 -87.748 -2.786 -74.211
9.233 -0.244 1.322 10.427 -86.876 -2.528 -74.387
9.405 0.351 1.19 10.621 -87.103 3.057 -74.521
9.594 6.195 1.851 9.654 -85.713 59.786 -74.187
9.766 6.012 1.19 8.687 -87.044 64.908 -73.896
9.940 2.014 2.908 8.493 -82.585 26.031 -73.797
10.112 -0.374 1.587 10.04 -86.021 -1.768 -73.955
10.285 -0.122 1.454 8.687 -86.531 -1.629 -74.105
10.457 8.263 1.851 9.654 -85.869 86.284 -73.616
10.634 1.205 1.058 8.88 -87.546 21.077 -73.689
10.806 -0.298 1.587 9.267 -86.251 -2.015 -73.843
10.979 4.608 1.19 9.073 -87.044 50.293 -73.649
11.151 3.12 1.983 9.847 -85.274 39.399 -73.526
11.325 -27.817 1.719 8.687 -85.901 -131.908 -75.721
11.497 -92.293 2.512 11.782 -84.135 171.09 -82.684
11.674 -110.168 4.495 14.297 -80.053 -118.394 -90.897
11.847 -111.771 7.404 16.232 -73.308 -174.319 -99.09
12.023 -76.553 14.014 19.327 -57.355 -132.168 -104.324
12.199 -25.604 15.734 20.294 -53.381 151.104 -105.679
12.376 6.844 15.734 19.133 -55.13 59.097 -104.651
12.549 -0.694 13.75 17.005 -57.286 -1.865 -104.23
12.723 -0.679 14.279 18.94 -56.294 -9.333 -103.786
12.896 -0.069 14.279 19.327 -56.865 -1.569 -103.309
13.072 0.092 14.543 19.714 -58.01 1.134 -102.842
13.245 -0.687 14.411 19.908 -56.903 -9.007 -102.41
13.420 -0.443 13.882 19.908 -56.747 -6.632 -101.956
13.593 0.198 12.957 18.94 -59.892 2.248 -101.518
13.776 -0.938 13.618 19.133 -59.423 -12.724 -101.154
13.949 0.198 13.486 18.94 -57.212 1.824 -100.66
14.134 6.325 13.882 19.133 -58.416 89.596 -99.731
14.315 86.266 14.147 18.36 -57.931 -18.777 -92.803
14.491 132.347 12.957 18.553 -59.361 24.106 -82.447
14.667 147.499 6.479 14.491 -74.598 -44.285 -71.252
14.865 54.794 5.156 11.008 -77.137 62.012 -67.053
15.037 23.735 6.081 8.493 -75.907 -128.303 -65.164
15.211 -1.534 2.908 8.106 -83.642 0.401 -65.328
15.383 -0.122 1.322 7.719 -86.935 -3.411 -65.457
15.557 1.266 1.19 7.139 -87.103 19.573 -65.489
15.729 0.183 0.793 6.945 -88.195 4.144 -65.629
15.904 -0.404 1.587 8.106 -86.178 -6.242 -65.778
16.076 -0.259 1.587 7.719 -86.251 -4.568 -65.921
16.252 -0.313 0.925 6.751 -87.834 -5.346 -66.104
16.424 -0.237 1.719 7.139 -86.198 -4.205 -66.253
16.599 -0.328 1.19 9.073 -87.413 -5.681 -66.436
16.771 -0.275 1.322 8.493 -86.814 -4.94 -66.606
16.948 0.015 1.454 5.59 -86.156 -0.021 -66.746
17.121 -0.404 2.115 7.719 -85.01 -6.902 -66.898
17.294 -0.32 1.058 7.332 -87.592 -5.938 -67.097
17.466 -0.092 1.19 7.526 -87.267 -1.927 -67.275
17.642 -0.252 0.661 8.299 -88.422 -4.538 -67.488
17.815 -0.298 2.777 7.526 -83.396 -5.561 -67.613
17.989 -33.012 2.512 9.073 -84.135 -54.151 -70.219
18.162 -106.621 2.644 9.267 -84.216 10.537 -78.374
18.336 -117.905 6.61 15.071 -74.449 71.473 -87.203
18.516 -103.775 9.255 16.232 -66.618 -59.403 -94.825
18.694 -70.694 11.635 18.94 -63.448 -165.329 -99.896
18.867 -58.563 11.899 17.78 -62.93 84.398 -104.04
19.048 -57.213 10.577 18.94 -63.197 111.644 -108.084
19.235 -5.508 12.824 17.199 -60.908 -163.159 -108.179
19.419 3.441 11.238 17.972 -64.46 61.313 -107.657
19.598 -1.48 11.899 18.553 -62.93 -25.564 -107.467
19.778 1.335 12.957 18.166 -61.856 24.924 -107.038
19.956 1.694 13.089 17.586 -60.408 35.14 -106.546
20.136 0.458 11.899 17.78 -62.455 10.916 -106.179
20.314 0.87 13.222 17.78 -58.85 18.131 -105.707
20.494 0.122 12.56 17.586 -61.896 3.37 -105.342
20.673 -0.183 11.899 19.327 -63.392 -3.661 -105.021
20.853 0.641 11.899 18.553 -63.392 13.184 -104.633
21.031 34.981 12.428 18.166 -60.918 -163.674 -101.599
21.211 95.367 11.106 19.327 -64.043 77.81 -94.055
21.384 131.073 8.065 18.36 -69.56 -161.768 -83.909
21.574 130.211 6.346 17.78 -74.455 -119.755 -73.912
21.758 93.254 2.248 12.169 -84.847 179.232 -66.897
21.932 61.539 2.115 10.04 -85.195 -177.073 -62.288
22.104 20.042 1.851 7.332 -85.713 -35.453 -60.83
22.288 -5.943 1.322 7.332 -86.876 -112.416 -61.366
22.462 -0.565 1.587 8.106 -86.323 -18.634 -61.493
22.639 -0.198 3.041 6.365 -82.633 -5.048 -61.534
22.811 -0.214 0.661 7.139 -88.422 -5.08 -61.689
22.985 -0.29 1.058 6.559 -87.636 -6.88 -61.843
23.157 -0.259 1.587 6.945 -86.323 -6.288 -61.977
23.332 -0.221 0.925 7.139 -87.792 -5.415 -62.142
23.505 -0.298 1.983 6.751 -85.364 -7.225 -62.274
23.679 -0.237 0.925 6.751 -87.875 -5.91 -62.454
23.851 -0.298 1.19 7.912 -87.317 -7.345 -62.633
24.025 -0.191 2.115 6.559 -85.104 -4.887 -62.77
24.198 -0.206 1.983 5.978 -84.981 -5.176 -62.911
24.372 -0.229 1.851 7.719 -85.544 -5.787 -63.069
24.545 -0.343 2.38 6.171 -84.278 -8.648 -63.217
24.728 -0.328 1.719 6.751 -85.979 -8.454 -63.4
24.902 -0.229 1.983 7.139 -85.364 -6.031 -63.569
25.078 -0.389 2.115 7.332 -84.912 -9.984 -63.746
25.254 -0.183 1.587 6.171 -86.251 -5.01 -63.935
25.430 -0.259 2.248 6.751 -84.646 -6.769 -64.105
25.603 -0.313 1.983 6.365 -85.535 -8.273 -64.298
25.780 -0.259 2.115 6.559 -85.01 -6.99 -64.481
25.954 -0.252 3.041 9.46 -82.912 -6.799 -64.629
26.128 -0.229 2.644 6.559 -83.77 -6.235 -64.794
26.304 -0.336 1.19 6.365 -87.366 -9.067 -65.035
26.479 -0.282 1.454 7.526 -86.598 -7.803 -65.26
26.653 -0.343 2.512 7.139 -84.135 -9.424 -65.447
26.827 -0.298 2.644 6.559 -83.648 -8.337 -65.625
27.000 -0.29 0.925 6.365 -87.792 -8.128 -65.879
27.191 -0.298 1.587 8.493 -86.457 -8.393 -66.11
27.365 -0.206 1.983 7.139 -85.694 -5.935 -66.323
27.540 -0.351 2.115 6.559 -84.593 -9.873 -66.527
27.713 -0.328 1.058 8.106 -87.636 -9.441 -66.787
